254|226|162|212|175|167|240|226|258|220|185|187|212|177|174|172|248|241|270|167|218|169|221|190|237|205|190|214|207|188|185|173|190|268|196|220|153|185|238|189|185|154|255|222|238|194|212|209|153|200|285|162|217|209|278|201|252|168|167|214|196|158|294|317|252|216|175|328|205|248|169|243|212|221|220|275|167|200|296|164
149|149|149|149|149|149|149|149|149|149|149|149|149|149|149|149|149|149|149|149|149|149|149|149|149|149|149|149|149|149|149|149|149|149|149|149|149|149|149|149|149|149|149|149|149|149|149|149|149|149|149|149|149|149|149|149|149|149|149|149|149|149|149|149|149|149|149|149|149|149|149|149|149|149|149|149|149|149|149|149
Iteração que foi encontrado o Melhor Global: 6
Quantas vezes o Melhor Global foi alterado (Lembrando que a verificação na inicialização acumula nesse contador): 4
Particula Inicial do melhor global:
0,904796|1,660491|0,845705|1,809532|1,600941|0,315775|0,322303|0,553067|
Particula Final do melhor global:
0,958114|0,354493|1,480942|1,016235|1,988541|1,354165|0,596217|0,797115|
A melhor solução desse PSO é:
1 6 7 0 
3 5 2 4 
Quantidade de trocas de:3,000000
Makespan: 149,000000
