91|105|138|108|131|127|142|115|115|142|116|102|105|93|113|117|116|127|141|96|107|108|103|97|126|120|88|108|131|92|105|122|127|109|150|129|136|130|150|132|113|108|108|92|111|99|95|134|133|95|130|103|99|116|176|130|94|92|115|120|110|99|98|95|120|150|91|119|99|100|126|113|92|100|90|125|130|96|104|104
87|87|87|87|87|87|87|87|87|87|87|87|87|87|87|87|87|87|87|87|87|87|87|87|87|87|87|87|87|87|87|87|87|87|87|87|87|87|87|87|87|87|87|87|87|87|87|87|87|87|87|87|87|87|87|87|87|87|87|87|87|87|87|87|87|87|87|87|87|87|87|87|87|87|87|87|87|87|87|87
Iteração que foi encontrado o Melhor Global: 5
Quantas vezes o Melhor Global foi alterado (Lembrando que a verificação na inicialização acumula nesse contador): 2
Particula Inicial do melhor global:
0,652019|1,555300|1,138150|0,770399|1,989989|0,685495|1,060636|1,809710|
Particula Final do melhor global:
1,194795|0,853357|0,818636|0,802278|0,403793|0,235884|1,014573|1,913131|
A melhor solução desse PSO é:
5 4 3 2 1 
6 0 7 
Quantidade de trocas de:18,000000
Makespan: 87,000000
