443|514|739|548|652|489|679|319|684|453|381|382|572|446|492|471|480|506|437|761|494|682|472|368|525|701|674|778|604|453|596|701|463|606|355|494|679|489|419|537|480|550|438|437|346|390|399|960|834|621|388|485|604|407|709|381|559|605|584|553|535|531|779|557|601|764|764|480|313|605|679|773|593|583|455|861|391|553|509|1072
261|261|261|261|261|261|261|261|261|261|261|261|261|261|261|261|261|261|261|261|261|261|261|261|261|261|261|261|261|261|261|261|261|261|261|261|261|261|261|261|261|261|261|261|261|261|261|261|261|261|261|261|261|261|261|261|261|261|261|261|261|261|261|261|261|261|261|261|261|261|261|261|261|261|261|261|261|261|261|261
Iteração que foi encontrado o Melhor Global: 2
Quantas vezes o Melhor Global foi alterado (Lembrando que a verificação na inicialização acumula nesse contador): 3
Particula Inicial do melhor global:
0,775262|0,087280|0,398222|1,971400|1,297889|1,303690|0,232649|0,729807|
Particula Final do melhor global:
1,917870|1,073802|0,469657|1,273644|0,617258|0,534186|1,295909|0,722892|
A melhor solução desse PSO é:
2 5 4 7 
1 3 6 0 
Quantidade de trocas de:5,000000
Makespan: 261,000000
