571|637|611|571|548|843|680|543|744|426|390|528|535|516|1041|526|438|361|592|471|492|514|523|277|431|446|735|637|565|626|527|747|419|381|416|492|494|480|499|946|426|652|458|542|507|416|619|587|411|404|1003|565|527|761|591|399|793|380|681|443|305|550|1016|492|628|583|597|381|631|416|410|480|492|730|402|375|592|471|522|419
261|261|261|261|261|261|261|261|261|261|261|261|261|261|261|261|261|261|261|261|261|261|261|261|261|261|261|261|261|261|261|261|261|261|261|261|261|261|261|261|261|261|261|261|261|261|261|261|261|261|261|261|261|261|261|261|261|261|261|261|261|261|261|261|261|261|261|261|261|261|261|261|261|261|261|261|261|261|261|261
Iteração que foi encontrado o Melhor Global: 1
Quantas vezes o Melhor Global foi alterado (Lembrando que a verificação na inicialização acumula nesse contador): 2
Particula Inicial do melhor global:
1,383372|0,168250|0,027167|1,439280|0,642332|0,113491|0,364347|1,103871|
Particula Final do melhor global:
1,501325|1,953721|0,615896|1,036978|0,593306|0,087901|1,032817|0,163482|
A melhor solução desse PSO é:
5 7 4 2 
6 3 0 1 
Quantidade de trocas de:5,000000
Makespan: 261,000000
