201|212|284|206|195|156|191|196|222|168|289|178|209|245|201|222|224|243|190|196|218|195|240|216|199|213|194|209|209|240|185|238|214|163|187|180|206|237|251|228|246|232|189|190|241|231|169|260|194|256|239|206|277|296|214|226|208|151|179|181|233|201|233|227|196|214|247|170|181|222|175|179|183|286|173|188|189|256|166|309
149|149|149|149|149|149|149|149|149|149|149|149|149|149|149|149|149|149|149|149|149|149|149|149|149|149|149|149|149|149|149|149|149|149|149|149|149|149|149|149|149|149|149|149|149|149|149|149|149|149|149|149|149|149|149|149|149|149|149|149|149|149|149|149|149|149|149|149|149|149|149|149|149|149|149|149|149|149|149|149
Iteração que foi encontrado o Melhor Global: 1
Quantas vezes o Melhor Global foi alterado (Lembrando que a verificação na inicialização acumula nesse contador): 2
Particula Inicial do melhor global:
0,947350|1,257062|1,439681|1,349823|1,581992|1,202488|0,364719|1,773625|
Particula Final do melhor global:
0,589901|0,812496|1,715815|1,412920|1,741512|1,139030|0,095252|0,602989|
A melhor solução desse PSO é:
6 0 7 1 
5 3 2 4 
Quantidade de trocas de:3,000000
Makespan: 149,000000
