190|269|186|163|209|220|195|189|219|215|177|254|254|194|231|285|251|226|257|183|221|154|269|254|246|183|245|233|221|207|208|241|232|312|336|152|179|228|240|177|158|233|177|165|155|187|209|238|260|154|273|195|194|237|186|212|210|167|172|213|152|187|209|165|163|233|247|196|196|176|170|307|169|183|168|189|231|226|187|251
149|149|149|149|149|149|149|149|149|149|149|149|149|149|149|149|149|149|149|149|149|149|149|149|149|149|149|149|149|149|149|149|149|149|149|149|149|149|149|149|149|149|149|149|149|149|149|149|149|149|149|149|149|149|149|149|149|149|149|149|149|149|149|149|149|149|149|149|149|149|149|149|149|149|149|149|149|149|149|149
Iteração que foi encontrado o Melhor Global: 12
Quantas vezes o Melhor Global foi alterado (Lembrando que a verificação na inicialização acumula nesse contador): 3
Particula Inicial do melhor global:
0,745064|0,869180|0,963062|1,487319|1,030556|0,942441|0,992290|1,425397|
Particula Final do melhor global:
1,699307|1,827659|0,051361|0,108710|0,743378|0,066492|1,466560|1,102281|
A melhor solução desse PSO é:
2 5 3 4 
7 6 0 1 
Quantidade de trocas de:3,000000
Makespan: 149,000000
