144|174|177|142|230|153|182|184|168|225|223|153|244|143|244|275|182|176|136|189|140|185|227|154|189|146|177|246|181|204|232|144|141|190|236|204|236|193|168|211|234|178|226|215|167|199|153|140|162|165|246|179|147|148|278|172|141|169|154|195|176|195|190|216|195|136|164|138|176|149|146|156|162|183|180|151|193|144|152|144
135|135|135|135|135|135|135|135|135|135|135|135|135|135|135|135|135|135|135|135|135|135|135|135|135|135|135|135|135|135|135|135|135|135|135|135|135|135|135|135|135|135|135|135|135|135|135|135|135|135|135|135|135|135|135|135|135|135|135|136|135|135|135|135|135|136|135|136|135|135|135|135|135|135|135|135|135|135|135|135
Iteração que foi encontrado o Melhor Global: 4
Quantas vezes o Melhor Global foi alterado (Lembrando que a verificação na inicialização acumula nesse contador): 2
Particula Inicial do melhor global:
0,354582|1,542519|0,075672|1,955145|1,142018|0,613682|0,735122|0,345033|
Particula Final do melhor global:
1,584208|1,634078|0,498270|1,688607|1,126703|0,343825|1,098930|0,385099|
A melhor solução desse PSO é:
5 7 2 
6 4 0 1 3 
Quantidade de trocas de:9,000000
Makespan: 135,000000
