119|98|101|111|109|126|84|102|88|158|138|115|101|88|95|151|107|108|122|121|102|157|92|130|106|84|93|119|127|115|98|98|137|126|126|99|110|128|101|99|114|98|83|96|97|100|83|120|92|86|97|110|104|83|141|85|102|93|94|122|132|152|92|139|84|100|119|137|94|83|98|100|85|106|88|115|99|130|88|96
82|82|82|82|82|82|82|82|82|82|82|82|82|82|82|82|82|82|82|82|82|82|82|82|82|82|82|82|82|82|82|82|82|82|82|82|82|82|82|82|82|82|82|82|82|82|82|82|82|82|82|82|82|82|82|82|82|82|82|82|82|82|82|82|82|82|82|82|82|82|82|82|82|82|82|82|82|82|82|82
Iteração que foi encontrado o Melhor Global: 2
Quantas vezes o Melhor Global foi alterado (Lembrando que a verificação na inicialização acumula nesse contador): 2
Particula Inicial do melhor global:
0,858711|1,351252|0,623948|0,525443|1,261008|1,369858|0,475384|0,776742|
Particula Final do melhor global:
1,913411|0,397748|0,343102|0,508770|0,106832|0,526427|1,248437|1,036504|
A melhor solução desse PSO é:
4 2 1 3 5 
7 6 0 
Quantidade de trocas de:9,000000
Makespan: 82,000000
