215|152|159|270|138|152|188|143|229|167|177|240|190|177|175|138|202|163|181|171|177|181|180|164|239|242|242|159|212|155|246|177|153|172|203|174|189|149|189|188|143|141|191|187|157|235|177|218|240|162|216|158|177|265|154|189|186|138|172|177|157|176|195|213|143|204|186|139|153|179|272|237|210|189|204|189|162|145|153|272
135|135|135|135|135|135|135|135|135|135|135|135|135|135|135|135|135|135|135|135|135|135|135|135|135|135|135|135|135|135|135|135|135|135|135|135|135|135|135|135|135|135|135|135|135|135|135|135|135|135|135|135|135|135|135|135|135|135|135|135|135|135|135|135|135|135|135|135|135|135|135|135|135|135|135|135|135|135|135|135
Iteração que foi encontrado o Melhor Global: 6
Quantas vezes o Melhor Global foi alterado (Lembrando que a verificação na inicialização acumula nesse contador): 3
Particula Inicial do melhor global:
0,544274|0,936873|1,037284|0,485032|1,038169|1,717690|0,615422|1,393339|
Particula Final do melhor global:
1,362841|1,540567|0,272177|1,576189|1,310082|0,299279|1,279752|0,647649|
A melhor solução desse PSO é:
2 5 7 
6 4 0 1 3 
Quantidade de trocas de:9,000000
Makespan: 135,000000
