547|1035|581|632|648|545|643|654|933|725|544|726|1053|675|702|600|825|675|700|802|669|854|1063|700|643|824|424|826|582|732|909|443|642|951|731|700|820|735|600|624|719|1165|719|755|1007|727|912|569|776|1036|642|754|965|744|858|1003|886|566|1141|643|1164|558|582|782|814|804|775|628|698|814|826|749|692|970|1007|544|749|549|1441|560
350|350|350|350|374|350|350|350|350|350|350|350|350|350|350|350|350|350|350|350|350|350|350|350|350|350|350|350|350|350|350|350|350|350|350|350|350|350|350|350|350|350|350|350|350|350|350|350|350|350|350|350|374|350|350|350|350|374|350|350|350|350|350|350|350|350|350|350|350|350|350|350|350|350|350|350|350|350|350|350
Iteração que foi encontrado o Melhor Global: 7
Quantas vezes o Melhor Global foi alterado (Lembrando que a verificação na inicialização acumula nesse contador): 3
Particula Inicial do melhor global:
0,689027|1,556893|1,505851|1,407751|0,084657|0,938342|0,298513|0,826992|
Particula Final do melhor global:
1,053054|1,718928|0,721921|1,568611|0,992393|0,930444|0,376215|1,639556|
A melhor solução desse PSO é:
6 2 5 4 
0 3 7 1 
Quantidade de trocas de:8,000000
Makespan: 350,000000
