431|536|399|471|380|472|934|696|780|416|822|521|754|754|834|387|674|436|691|1085|390|523|674|389|506|593|653|592|662|424|380|592|465|708|391|904|466|541|354|719|537|562|635|501|710|465|390|540|584|521|539|536|693|416|537|483|360|725|596|598|509|548|648|457|391|597|1102|519|761|407|687|436|724|480|717|662|649|390|465|565
261|261|261|261|261|261|261|261|261|261|261|261|261|261|261|261|261|261|261|261|261|261|261|261|261|261|261|261|261|261|261|261|261|261|261|261|261|261|261|261|261|261|261|261|261|261|261|261|261|261|261|261|261|261|261|261|261|261|261|261|261|261|261|261|261|261|261|261|261|261|261|261|261|261|261|261|261|261|261|261
Iteração que foi encontrado o Melhor Global: 5
Quantas vezes o Melhor Global foi alterado (Lembrando que a verificação na inicialização acumula nesse contador): 4
Particula Inicial do melhor global:
1,467149|1,812788|1,788971|1,312064|1,294913|0,335188|1,739200|1,041706|
Particula Final do melhor global:
1,504000|1,616093|0,299028|1,495922|0,946522|0,905698|1,003651|0,860285|
A melhor solução desse PSO é:
2 7 5 4 
6 3 0 1 
Quantidade de trocas de:5,000000
Makespan: 261,000000
