459|459|419|297|265|261|287|257|247|284|424|354|272|354|317|319|309|244|278|355|320|269|302|363|500|430|284|455|272|341|473|261|480|299|291|414|390|500|243|326|419|415|294|235|306|276|310|308|382|327|245|358|318|308|349|378|369|386|318|273|286|263|330|338|233|474|327|373|326|245|313|273|478|317|361|384|267|439|302|334
213|213|213|213|213|213|213|213|213|213|213|213|213|222|213|213|213|213|213|213|213|213|213|213|213|213|213|213|213|213|213|213|228|213|213|213|213|213|213|213|213|213|213|222|213|213|213|213|222|213|213|213|213|213|213|213|213|213|213|213|213|213|222|213|213|213|213|213|213|213|213|213|213|228|213|225|213|213|213|213
Iteração que foi encontrado o Melhor Global: 90
Quantas vezes o Melhor Global foi alterado (Lembrando que a verificação na inicialização acumula nesse contador): 5
Particula Inicial do melhor global:
1,212715|0,184755|0,385494|1,928109|0,423635|1,513679|1,273496|0,110067|
Particula Final do melhor global:
0,010753|0,657940|1,383316|0,594405|0,781944|1,855123|1,433902|1,320344|
A melhor solução desse PSO é:
0 3 1 4 
7 2 6 5 
Quantidade de trocas de:11,000000
Makespan: 213,000000
