103|117|105|142|182|128|181|131|166|137|138|177|147|125|103|172|160|179|122|122|147|152|108|137|160|149|192|129|102|147|122|132|164|180|105|100|179|119|146|137|112|130|104|113|153|202|158|136|146|177|127|155|144|109|177|138|112|99|157|121|99|182|102|109|103|122|156|170|122|105|111|157|124|139|99|151|134|131|147|125
98|98|98|98|98|98|98|98|98|98|98|98|98|98|98|98|98|98|98|98|98|98|98|98|98|98|98|98|98|98|99|98|98|98|98|98|98|98|98|98|98|98|98|98|98|98|98|98|98|98|98|98|98|98|98|98|98|98|98|98|98|98|98|98|98|98|98|99|98|98|98|98|98|98|98|98|98|98|98|98
Iteração que foi encontrado o Melhor Global: 5
Quantas vezes o Melhor Global foi alterado (Lembrando que a verificação na inicialização acumula nesse contador): 2
Particula Inicial do melhor global:
0,733947|0,348925|0,087518|0,226967|1,649594|1,626079|0,038151|1,198940|
Particula Final do melhor global:
0,013706|1,507424|1,790970|1,587847|0,560147|0,100711|1,009053|0,815764|
A melhor solução desse PSO é:
0 5 4 7 
6 1 3 2 
Quantidade de trocas de:8,000000
Makespan: 98,000000
