84|111|91|85|124|111|95|103|111|109|101|99|106|115|125|125|85|101|110|90|86|135|145|119|91|120|103|85|116|104|133|149|121|139|100|100|106|165|111|100|89|125|95|128|88|86|85|110|104|123|133|87|132|116|97|145|102|143|88|102|88|86|83|152|92|91|86|89|127|87|109|121|102|122|109|117|87|108|110|167
82|82|82|82|82|82|82|82|82|82|82|82|82|82|82|82|82|82|82|82|82|82|82|82|82|82|82|82|82|82|82|82|82|82|82|82|82|82|82|82|82|82|82|82|82|82|82|82|82|82|82|82|82|82|82|82|82|82|82|82|82|82|82|82|82|82|82|82|82|82|82|82|82|82|82|82|82|82|82|82
Iteração que foi encontrado o Melhor Global: 4
Quantas vezes o Melhor Global foi alterado (Lembrando que a verificação na inicialização acumula nesse contador): 2
Particula Inicial do melhor global:
1,359984|0,829893|0,974947|0,085904|0,605103|1,103009|0,726108|0,840098|
Particula Final do melhor global:
1,334226|0,591778|0,892715|0,857363|0,452418|0,582591|1,130198|1,237816|
A melhor solução desse PSO é:
4 5 1 3 2 
6 7 0 
Quantidade de trocas de:10,000000
Makespan: 82,000000
