134|139|96|128|114|117|101|135|108|86|87|100|145|90|105|85|144|96|99|83|134|85|82|99|116|128|92|130|104|102|85|151|107|102|124|98|103|102|101|97|134|146|158|115|104|84|90|131|87|98|101|114|97|89|154|110|102|99|115|90|100|87|102|133|146|101|136|87|110|136|135|91|119|133|127|134|98|98|91|87
82|82|82|82|82|82|82|82|82|82|82|82|82|82|82|82|82|82|82|82|82|82|82|82|82|82|82|82|82|82|82|82|82|82|82|82|82|82|82|82|82|82|82|82|82|82|82|82|82|82|82|82|82|82|82|82|82|82|82|82|82|82|82|82|82|82|82|82|82|82|82|82|82|82|82|82|82|82|82|82
Iteração que foi encontrado o Melhor Global: 0
Quantas vezes o Melhor Global foi alterado (Lembrando que a verificação na inicialização acumula nesse contador): 1
Particula Inicial do melhor global:
1,604252|0,215288|0,235199|0,002298|0,960031|0,722913|1,888176|1,094749|
Particula Final do melhor global:
1,604252|0,215288|0,235199|0,002298|0,960031|0,722913|1,888176|1,094749|
A melhor solução desse PSO é:
3 1 2 5 4 
7 0 6 
Quantidade de trocas de:10,000000
Makespan: 82,000000
