284|341|327|416|369|422|426|269|349|403|241|293|293|373|429|388|326|485|351|372|408|318|380|237|306|430|483|424|325|475|364|247|428|319|259|293|248|317|314|354|267|388|302|358|250|400|299|344|285|280|337|393|384|318|372|267|300|293|377|408|381|350|414|303|352|261|243|247|413|285|301|289|362|356|302|267|424|336|287|453
213|213|213|213|213|213|213|213|213|213|213|213|213|213|213|213|213|213|213|213|213|213|213|213|213|213|213|213|213|213|213|213|213|213|213|213|213|213|213|213|213|213|213|213|213|213|213|213|213|213|213|213|213|213|213|213|213|213|213|213|213|213|213|213|213|213|213|213|213|213|213|213|213|213|213|213|213|213|213|213
Iteração que foi encontrado o Melhor Global: 15
Quantas vezes o Melhor Global foi alterado (Lembrando que a verificação na inicialização acumula nesse contador): 4
Particula Inicial do melhor global:
0,775351|0,616013|0,326852|1,713640|0,845340|0,745785|0,715580|1,691411|
Particula Final do melhor global:
1,053066|1,255241|0,461259|1,180519|1,390986|0,783065|0,590232|0,325883|
A melhor solução desse PSO é:
7 2 6 5 
0 3 1 4 
Quantidade de trocas de:11,000000
Makespan: 213,000000
