181|196|177|166|149|180|269|190|237|172|232|175|231|167|196|183|182|266|185|209|155|264|158|212|233|162|181|203|309|156|173|260|166|251|228|188|194|256|208|176|226|158|188|213|168|200|174|177|221|239|186|265|168|289|285|186|188|183|168|222|172|246|238|190|168|190|233|172|205|172|309|165|225|237|208|227|233|236|227|183
149|149|149|149|149|149|149|149|149|149|149|149|149|149|149|149|149|149|149|149|149|149|149|149|149|149|149|149|149|149|149|149|149|149|149|149|149|149|149|149|149|149|149|149|149|149|149|149|149|149|149|149|149|149|149|149|149|149|149|149|149|149|149|149|149|149|149|149|149|149|149|149|149|149|149|149|149|149|149|149
Iteração que foi encontrado o Melhor Global: 0
Quantas vezes o Melhor Global foi alterado (Lembrando que a verificação na inicialização acumula nesse contador): 1
Particula Inicial do melhor global:
1,647688|1,665609|0,470125|0,466156|0,289491|0,244839|1,605720|1,814476|
Particula Final do melhor global:
1,647688|1,665609|0,470125|0,466156|0,289491|0,244839|1,605720|1,814476|
A melhor solução desse PSO é:
5 4 3 2 
6 0 1 7 
Quantidade de trocas de:3,000000
Makespan: 149,000000
