133|113|97|129|95|94|111|123|143|165|99|100|149|101|108|115|155|103|132|107|151|117|116|127|103|109|97|116|104|145|112|138|106|88|106|111|94|119|119|101|99|96|140|98|130|87|93|146|101|98|124|157|146|134|157|149|91|105|89|98|132|119|131|122|98|118|153|94|144|172|108|124|152|151|108|102|112|110|106|115
87|87|87|87|87|87|87|87|87|87|87|87|87|87|87|87|87|87|87|87|87|87|87|87|87|87|87|87|87|87|87|87|87|87|87|87|87|87|87|87|87|87|87|87|87|87|87|87|87|87|87|87|87|87|87|87|87|87|87|87|87|87|87|87|87|87|87|87|87|87|87|87|87|87|87|87|87|87|87|87
Iteração que foi encontrado o Melhor Global: 0
Quantas vezes o Melhor Global foi alterado (Lembrando que a verificação na inicialização acumula nesse contador): 1
Particula Inicial do melhor global:
1,645365|0,929135|0,663599|0,240005|0,225753|0,141374|1,708494|1,313184|
Particula Final do melhor global:
1,645365|0,929135|0,663599|0,240005|0,225753|0,141374|1,708494|1,313184|
A melhor solução desse PSO é:
5 4 3 2 1 
7 0 6 
Quantidade de trocas de:18,000000
Makespan: 87,000000
