677|592|827|693|811|761|666|666|733|459|660|332|427|1024|484|546|453|492|764|835|370|808|672|421|508|571|798|429|421|526|624|502|875|573|358|624|717|494|429|668|522|561|883|439|592|786|356|812|662|516|407|555|488|796|425|395|672|766|820|829|936|396|670|477|595|397|459|364|524|431|678|377|814|1003|731|561|512|553|446|571
295|295|295|295|295|332|295|295|295|295|295|295|295|295|295|295|295|295|295|295|295|295|295|295|295|295|295|295|295|295|332|295|295|295|295|295|295|295|295|332|295|295|295|295|332|295|295|295|332|295|295|295|295|295|295|337|295|295|295|295|295|295|295|295|295|295|295|295|332|295|295|295|295|295|295|295|295|295|331|295
Iteração que foi encontrado o Melhor Global: 36
Quantas vezes o Melhor Global foi alterado (Lembrando que a verificação na inicialização acumula nesse contador): 2
Particula Inicial do melhor global:
0,443453|0,296408|1,494177|1,940128|0,295317|1,520401|1,409975|0,559511|
Particula Final do melhor global:
0,070482|0,356214|1,598186|1,114212|0,654246|1,412290|1,057653|0,825944|
A melhor solução desse PSO é:
0 1 4 7 
6 3 5 2 
Quantidade de trocas de:7,000000
Makespan: 295,000000
