589|369|455|531|407|628|361|516|475|885|899|431|764|370|397|419|779|525|683|684|423|920|436|592|387|482|426|548|475|361|890|391|583|436|437|472|607|522|410|482|607|472|808|662|508|555|620|492|458|757|587|381|665|722|623|960|787|631|592|822|368|654|817|506|458|885|688|682|277|470|415|834|764|976|613|674|399|536|533|402
261|261|261|261|261|261|261|261|261|261|261|261|261|261|261|261|261|261|261|261|261|261|261|261|261|261|261|261|261|261|261|261|261|261|261|261|261|261|261|261|261|261|261|261|261|261|261|261|261|261|261|261|261|261|261|261|261|261|261|261|261|261|261|261|261|261|261|261|261|261|261|261|261|261|261|261|261|261|261|261
Iteração que foi encontrado o Melhor Global: 4
Quantas vezes o Melhor Global foi alterado (Lembrando que a verificação na inicialização acumula nesse contador): 2
Particula Inicial do melhor global:
0,884863|1,778399|1,837746|0,128364|0,353840|1,398086|0,665632|1,064935|
Particula Final do melhor global:
0,324438|0,142447|1,524508|0,661276|1,681126|1,589361|0,612305|1,782541|
A melhor solução desse PSO é:
1 0 6 3 
2 5 4 7 
Quantidade de trocas de:5,000000
Makespan: 261,000000
