119|117|114|110|160|159|123|118|189|156|122|138|115|135|145|119|126|153|130|119|154|171|172|180|152|124|144|138|158|159|160|139|174|156|155|125|116|143|163|123|131|151|122|152|120|109|112|150|130|163|144|142|170|175|148|159|176|134|160|143|159|157|128|145|187|125|110|145|147|143|119|120|123|159|133|135|184|127|144|116
102|102|102|102|102|102|102|102|102|102|102|102|102|102|102|102|102|102|102|102|102|102|102|102|102|102|102|102|102|102|102|102|102|102|102|102|102|102|102|102|102|102|102|102|102|102|102|102|102|102|102|102|102|102|102|102|102|102|102|102|102|102|102|102|102|102|102|102|102|102|102|102|102|102|102|102|102|102|102|102
Iteração que foi encontrado o Melhor Global: 6
Quantas vezes o Melhor Global foi alterado (Lembrando que a verificação na inicialização acumula nesse contador): 5
Particula Inicial do melhor global:
0,111933|0,439642|1,929090|1,884877|1,350392|0,888480|1,412598|1,242473|
Particula Final do melhor global:
1,973492|1,228321|0,395146|1,114471|1,530057|1,355279|0,183261|0,761759|
A melhor solução desse PSO é:
6 2 7 
3 1 5 4 0 
Quantidade de trocas de:11,000000
Makespan: 102,000000
