109|118|155|121|138|117|114|130|141|115|115|117|118|137|128|107|189|206|112|141|139|123|145|115|118|157|138|117|124|128|139|211|149|143|143|116|150|133|131|155|105|118|118|173|117|148|147|127|137|115|176|119|181|202|113|140|110|114|139|163|184|116|158|146|172|140|129|143|155|122|129|119|110|105|144|143|150|115|125|151
102|102|102|102|102|102|102|102|102|102|102|102|102|102|102|102|102|102|102|102|102|102|102|102|102|102|102|102|102|102|102|102|102|102|102|102|102|102|102|102|102|102|102|102|102|102|102|102|102|102|102|102|102|102|102|102|102|102|102|102|102|102|102|102|102|102|102|102|102|102|102|102|102|102|102|102|102|102|102|102
Iteração que foi encontrado o Melhor Global: 5
Quantas vezes o Melhor Global foi alterado (Lembrando que a verificação na inicialização acumula nesse contador): 3
Particula Inicial do melhor global:
1,857937|1,686794|0,626426|0,916451|0,519036|1,900378|0,782741|1,575284|
Particula Final do melhor global:
1,502352|1,170514|0,557446|1,138145|1,482284|1,764356|0,016737|0,693722|
A melhor solução desse PSO é:
6 2 7 
3 1 4 0 5 
Quantidade de trocas de:10,000000
Makespan: 102,000000
