390|674|618|830|503|744|514|436|556|764|424|277|730|422|681|786|374|647|415|486|752|370|579|575|360|618|540|681|637|717|465|542|508|439|416|415|565|467|648|591|730|390|426|458|399|444|436|592|836|647|550|535|642|399|583|387|834|481|363|604|542|631|584|415|582|494|591|466|528|465|607|610|537|780|709|541|431|417|486|708
261|261|261|261|261|261|261|261|261|261|261|261|261|261|261|261|261|261|261|261|261|261|261|261|261|261|261|261|261|261|261|261|261|261|261|261|261|261|261|261|261|261|261|261|261|261|261|261|261|261|261|261|261|261|261|261|261|261|261|261|261|261|261|261|261|261|261|261|261|261|261|261|261|261|261|261|261|261|261|261
Iteração que foi encontrado o Melhor Global: 2
Quantas vezes o Melhor Global foi alterado (Lembrando que a verificação na inicialização acumula nesse contador): 2
Particula Inicial do melhor global:
0,161257|0,465307|0,034489|1,429570|0,033227|1,034046|1,498754|0,584185|
Particula Final do melhor global:
1,236643|1,972452|0,130098|1,160838|0,604212|0,965643|1,904361|0,245006|
A melhor solução desse PSO é:
2 7 4 5 
3 0 6 1 
Quantidade de trocas de:5,000000
Makespan: 261,000000
