155|98|128|89|105|114|120|138|131|186|92|96|108|172|111|124|117|147|150|128|90|99|125|175|136|95|131|173|114|130|119|152|128|120|112|112|128|177|106|115|145|122|100|119|99|104|130|108|92|164|100|163|125|179|94|129|129|155|173|92|97|102|113|108|115|94|125|108|90|100|130|142|127|134|170|157|113|90|97|112
88|88|88|88|88|88|88|88|88|88|88|88|88|88|88|88|88|88|88|88|88|88|88|88|88|88|88|88|88|88|88|88|88|88|88|88|88|88|88|88|88|88|88|88|88|88|88|88|88|88|88|88|88|88|88|88|88|88|88|88|88|88|88|88|88|88|88|88|88|88|88|88|88|88|88|88|88|88|88|88
Iteração que foi encontrado o Melhor Global: 3
Quantas vezes o Melhor Global foi alterado (Lembrando que a verificação na inicialização acumula nesse contador): 2
Particula Inicial do melhor global:
0,147651|0,317642|1,161047|0,741302|0,245889|0,724802|0,872596|0,596005|
Particula Final do melhor global:
0,664673|0,337117|1,258877|0,304443|0,175001|1,156115|1,061525|1,228805|
A melhor solução desse PSO é:
4 3 1 0 
6 5 7 2 
Quantidade de trocas de:20,000000
Makespan: 88,000000
