262|373|234|233|217|198|299|298|247|180|273|182|197|210|206|249|198|225|258|346|201|199|207|203|234|246|253|216|247|298|232|235|216|268|273|215|324|280|249|197|279|216|252|215|189|286|329|231|279|233|195|216|280|401|201|261|207|228|283|206|261|176|383|221|201|277|288|319|362|240|295|280|268|228|216|289|192|204|226|237
165|165|165|165|165|165|165|165|165|165|165|165|165|165|165|165|165|165|165|165|165|165|165|165|165|165|165|165|165|165|165|165|165|165|165|165|165|165|165|165|165|165|165|165|165|165|165|165|165|165|165|165|165|165|165|165|165|165|165|165|165|165|165|165|165|165|165|165|165|165|165|165|165|165|165|165|165|165|165|165
Iteração que foi encontrado o Melhor Global: 2
Quantas vezes o Melhor Global foi alterado (Lembrando que a verificação na inicialização acumula nesse contador): 2
Particula Inicial do melhor global:
0,011980|1,972378|1,593809|0,367851|1,506724|1,794578|0,901823|0,548703|
Particula Final do melhor global:
0,210384|0,046689|1,947677|0,431945|1,032196|1,946511|0,982252|1,712405|
A melhor solução desse PSO é:
1 0 3 6 
4 7 5 2 
Quantidade de trocas de:6,000000
Makespan: 165,000000
