160|134|158|108|128|198|121|104|151|109|167|101|108|113|178|120|151|161|159|181|122|101|144|135|112|133|120|104|135|131|129|122|128|102|142|148|158|103|156|137|149|128|163|133|147|147|122|110|136|120|151|130|142|140|103|119|103|118|155|122|156|151|152|188|106|179|129|206|105|138|173|133|157|101|112|190|186|120|105|147
98|98|98|98|98|98|98|98|98|98|98|98|98|98|98|98|98|98|98|98|98|98|98|98|98|98|98|98|98|98|98|98|98|98|98|98|98|98|98|98|98|98|98|98|98|98|98|98|98|98|98|98|98|98|98|98|98|98|98|98|98|98|98|98|98|98|98|98|98|98|98|98|98|98|98|98|98|98|98|98
Iteração que foi encontrado o Melhor Global: 6
Quantas vezes o Melhor Global foi alterado (Lembrando que a verificação na inicialização acumula nesse contador): 4
Particula Inicial do melhor global:
1,829301|0,808347|1,912911|0,447210|0,794723|1,504638|1,226744|0,090693|
Particula Final do melhor global:
1,037710|0,077266|0,978668|0,739313|1,701400|1,434675|0,599733|1,675322|
A melhor solução desse PSO é:
1 6 3 2 
0 5 7 4 
Quantidade de trocas de:8,000000
Makespan: 98,000000
