584|407|431|424|514|313|579|542|451|730|437|648|437|542|618|550|618|663|542|523|537|752|1072|722|509|399|557|822|492|355|948|453|642|564|394|470|355|537|572|618|723|416|446|424|682|305|402|334|535|584|509|691|666|1002|577|703|674|946|709|492|399|618|834|820|516|396|349|542|538|730|619|592|562|663|618|774|460|514|597|607
261|261|261|261|261|261|261|261|261|261|261|261|261|261|261|261|261|261|261|261|261|261|261|261|261|261|261|261|261|261|261|261|261|261|261|261|261|261|261|261|261|261|261|261|261|261|261|261|261|261|261|261|261|261|261|261|261|261|261|261|261|261|261|261|261|261|261|261|261|261|261|261|261|261|261|261|261|261|261|261
Iteração que foi encontrado o Melhor Global: 2
Quantas vezes o Melhor Global foi alterado (Lembrando que a verificação na inicialização acumula nesse contador): 2
Particula Inicial do melhor global:
1,254937|0,224471|1,797022|0,099104|1,406530|0,842549|0,252857|1,638292|
Particula Final do melhor global:
0,544535|0,431955|1,981117|0,472892|1,193112|1,315996|0,166253|1,848547|
A melhor solução desse PSO é:
6 1 3 0 
4 5 7 2 
Quantidade de trocas de:5,000000
Makespan: 261,000000
