250|259|203|265|256|242|257|204|222|165|221|198|298|183|289|165|203|307|194|198|322|283|207|186|298|291|317|273|258|243|247|207|188|192|206|247|274|203|192|290|231|192|176|271|298|208|259|262|204|282|306|288|299|200|216|240|288|207|337|218|231|237|210|291|238|279|288|210|234|206|319|244|289|280|297|216|298|233|249|217
165|165|165|165|165|165|165|165|165|165|165|165|165|165|165|165|165|165|165|165|165|165|165|165|165|165|165|165|165|165|165|165|165|165|165|165|165|165|165|165|165|165|165|165|165|165|165|165|165|165|165|165|165|165|165|165|165|165|165|165|165|165|165|165|165|165|165|165|165|165|165|165|165|165|165|165|165|165|165|165
Iteração que foi encontrado o Melhor Global: 0
Quantas vezes o Melhor Global foi alterado (Lembrando que a verificação na inicialização acumula nesse contador): 1
Particula Inicial do melhor global:
1,823762|1,034480|0,980195|1,780032|0,058536|0,289527|1,279269|0,390161|
Particula Final do melhor global:
1,823762|1,034480|0,980195|1,780032|0,058536|0,289527|1,279269|0,390161|
A melhor solução desse PSO é:
4 5 7 2 
1 6 3 0 
Quantidade de trocas de:5,000000
Makespan: 165,000000
