668|701|589|875|601|429|690|553|575|429|707|494|561|557|401|561|668|620|553|404|620|689|484|546|551|606|481|394|636|544|541|508|958|672|753|470|425|400|609|820|636|505|469|634|352|672|550|715|446|753|463|591|474|665|488|433|620|630|829|796|599|427|636|731|811|487|442|820|567|407|496|689|670|701|506|670|742|483|638|362
295|295|295|295|295|295|295|295|295|295|295|295|295|295|295|295|295|295|295|295|295|295|295|295|295|295|295|295|295|295|295|295|295|295|295|295|295|295|295|295|295|332|295|295|295|295|295|295|295|295|295|295|295|295|295|295|295|295|295|295|295|295|295|295|295|295|295|295|295|295|295|295|295|295|295|295|295|295|295|295
Iteração que foi encontrado o Melhor Global: 10
Quantas vezes o Melhor Global foi alterado (Lembrando que a verificação na inicialização acumula nesse contador): 3
Particula Inicial do melhor global:
0,425315|0,310317|1,052587|1,723836|1,911890|1,331316|1,875896|1,862173|
Particula Final do melhor global:
0,096323|0,702727|1,995439|1,423929|0,562997|1,708963|1,422349|0,289491|
A melhor solução desse PSO é:
0 7 4 1 
6 3 5 2 
Quantidade de trocas de:7,000000
Makespan: 295,000000
