476|626|875|652|536|429|811|737|506|522|895|571|601|429|429|770|668|1092|686|443|596|400|727|510|498|480|709|753|488|707|461|498|395|524|683|940|638|751|885|337|571|630|427|488|606|733|620|425|433|630|863|707|818|818|946|676|492|557|620|717|506|488|476|707|522|666|946|522|512|427|567|492|692|626|693|686|510|443|498|1003
295|295|295|295|295|295|295|295|295|295|295|295|295|295|295|295|295|295|295|295|295|295|295|295|295|295|295|295|295|295|295|295|295|295|295|295|295|295|295|295|295|295|332|295|295|295|295|295|295|295|295|295|295|295|295|295|295|295|295|295|295|295|295|295|295|295|295|295|295|295|295|295|295|295|295|295|295|295|295|295
Iteração que foi encontrado o Melhor Global: 27
Quantas vezes o Melhor Global foi alterado (Lembrando que a verificação na inicialização acumula nesse contador): 3
Particula Inicial do melhor global:
0,336568|1,676895|0,745754|0,866165|0,499986|1,001655|0,313183|0,334383|
Particula Final do melhor global:
1,817685|1,839902|0,265590|0,776240|1,433750|0,665120|0,115834|1,170563|
A melhor solução desse PSO é:
6 2 5 3 
7 4 0 1 
Quantidade de trocas de:7,000000
Makespan: 295,000000
