255|237|204|282|288|225|256|231|285|264|268|325|212|208|306|204|199|307|315|216|380|292|198|249|265|207|248|208|270|207|215|238|189|206|197|272|198|302|325|188|273|206|298|216|216|288|293|273|207|298|208|285|304|280|206|198|215|234|206|243|277|194|256|326|205|282|215|188|240|259|195|192|235|263|198|289|277|280|365|214
165|165|165|165|165|165|165|165|165|165|165|165|165|165|165|165|165|165|165|165|165|165|165|165|165|165|165|165|165|165|165|165|165|165|165|165|165|165|165|165|165|165|165|165|165|165|165|165|165|165|165|165|165|165|165|165|165|165|165|165|165|165|165|165|165|165|165|165|165|165|165|165|165|165|165|165|165|165|165|165
Iteração que foi encontrado o Melhor Global: 1
Quantas vezes o Melhor Global foi alterado (Lembrando que a verificação na inicialização acumula nesse contador): 2
Particula Inicial do melhor global:
1,200419|1,951925|0,414865|0,285940|1,267990|0,262620|1,059646|1,234179|
Particula Final do melhor global:
1,219942|1,912315|0,043812|1,916350|0,848122|0,121092|1,576386|0,861231|
A melhor solução desse PSO é:
2 5 4 7 
0 6 1 3 
Quantidade de trocas de:6,000000
Makespan: 165,000000
