570|1008|849|642|730|498|875|806|747|792|964|810|609|1002|554|674|622|692|620|1140|581|450|448|780|1008|602|1191|1031|555|860|695|981|576|1209|543|649|888|936|1037|575|814|988|780|624|1164|669|504|951|570|594|742|692|570|681|825|804|782|977|885|670|592|714|448|851|982|958|1441|745|643|560|576|575|627|874|549|648|682|692|648|697
350|350|350|350|350|350|350|350|350|350|350|350|350|350|374|350|350|350|350|350|350|350|350|350|350|350|350|350|350|350|350|350|350|350|350|350|350|350|350|374|350|350|350|350|350|350|350|350|350|350|350|350|350|350|350|350|350|350|350|350|350|350|399|350|350|350|350|350|374|350|350|350|350|374|350|350|350|350|350|350
Iteração que foi encontrado o Melhor Global: 92
Quantas vezes o Melhor Global foi alterado (Lembrando que a verificação na inicialização acumula nesse contador): 3
Particula Inicial do melhor global:
0,244995|1,317983|1,069818|1,017912|0,809257|1,387472|1,170729|0,524028|
Particula Final do melhor global:
1,465585|1,061737|0,654429|1,424578|0,912075|0,721085|0,695655|1,316131|
A melhor solução desse PSO é:
2 6 5 4 
1 7 3 0 
Quantidade de trocas de:8,000000
Makespan: 350,000000
