874|800|876|642|730|1309|673|548|782|627|497|810|560|614|400|629|493|574|706|754|620|820|578|782|771|629|697|1115|720|608|982|959|542|732|1108|924|699|674|877|953|643|614|903|921|619|642|636|786|718|594|764|579|559|820|374|695|705|649|1133|796|575|476|577|624|801|637|963|576|644|555|807|566|753|983|864|692|836|987|624|623
350|374|350|350|374|350|350|350|350|374|350|374|374|350|350|350|350|374|374|350|350|350|350|350|374|350|374|350|350|350|350|350|374|374|350|350|350|350|374|350|350|350|350|350|350|350|350|350|350|374|374|350|374|350|350|350|350|350|350|350|374|350|350|374|350|350|374|350|374|350|350|374|350|350|374|350|350|350|350|350
Iteração que foi encontrado o Melhor Global: 123
Quantas vezes o Melhor Global foi alterado (Lembrando que a verificação na inicialização acumula nesse contador): 2
Particula Inicial do melhor global:
1,663306|1,775554|1,601359|1,293532|1,146677|1,040515|0,771669|1,033048|
Particula Final do melhor global:
0,267225|0,977022|1,734197|0,485520|1,997615|1,965263|1,821538|0,528182|
A melhor solução desse PSO é:
0 3 7 1 
2 6 5 4 
Quantidade de trocas de:8,000000
Makespan: 350,000000
