111|112|118|110|115|172|157|129|94|120|153|129|92|113|147|143|99|145|107|119|95|91|99|133|160|99|176|128|91|138|108|122|111|104|126|119|118|93|164|141|124|128|104|125|136|99|96|91|103|115|131|125|111|111|113|126|111|121|113|90|108|113|98|117|106|143|99|106|146|136|153|100|87|131|101|101|92|110|110|115
87|87|87|87|87|87|87|87|87|87|87|87|87|87|87|87|87|87|87|87|87|87|87|87|87|87|87|87|87|87|87|87|87|87|87|87|87|87|87|87|87|87|87|87|87|87|87|87|87|87|87|87|87|87|87|87|87|87|87|87|87|87|87|87|87|87|87|87|87|87|87|87|87|87|87|87|87|87|87|87
Iteração que foi encontrado o Melhor Global: 0
Quantas vezes o Melhor Global foi alterado (Lembrando que a verificação na inicialização acumula nesse contador): 1
Particula Inicial do melhor global:
1,391277|0,443843|0,538208|0,259518|0,305350|0,024363|1,880887|1,229503|
Particula Final do melhor global:
1,391277|0,443843|0,538208|0,259518|0,305350|0,024363|1,880887|1,229503|
A melhor solução desse PSO é:
5 3 4 1 2 
7 0 6 
Quantidade de trocas de:18,000000
Makespan: 87,000000
