788|694|936|886|504|498|825|1014|441|685|764|543|597|704|670|453|958|825|649|933|730|694|548|644|676|851|876|464|831|888|628|1058|598|1059|990|632|578|755|851|601|660|763|958|670|673|832|788|880|681|604|874|852|453|877|1009|718|656|855|808|700|1209|549|725|655|651|587|708|743|618|709|792|758|725|637|598|524|804|620|494|542
350|350|350|350|350|350|350|350|350|350|350|350|350|350|350|350|350|350|350|350|350|350|350|350|350|350|350|350|350|350|350|350|350|350|350|350|350|350|350|350|350|350|350|350|350|350|350|350|350|350|350|350|350|350|350|350|350|350|350|350|350|350|350|350|350|350|350|350|350|350|350|350|350|350|350|350|350|350|350|350
Iteração que foi encontrado o Melhor Global: 12
Quantas vezes o Melhor Global foi alterado (Lembrando que a verificação na inicialização acumula nesse contador): 3
Particula Inicial do melhor global:
1,103430|0,454939|0,332656|0,023707|0,483520|1,902163|1,204519|0,187810|
Particula Final do melhor global:
1,075763|1,834874|0,917666|1,498246|0,452984|0,702314|0,853010|1,687987|
A melhor solução desse PSO é:
4 5 6 2 
0 3 7 1 
Quantidade de trocas de:8,000000
Makespan: 350,000000
