199|252|246|230|182|204|203|165|204|279|203|319|199|249|335|307|271|235|240|301|208|197|201|288|328|204|215|180|240|352|198|228|419|216|216|252|225|203|237|270|214|316|307|204|401|271|302|222|283|233|248|419|214|225|208|334|334|286|204|317|240|270|240|215|280|307|297|180|208|289|224|216|238|209|221|222|355|317|271|247
165|165|165|165|165|165|165|165|165|165|165|165|165|165|165|165|165|165|165|165|165|165|165|165|165|165|165|165|165|165|165|165|165|165|165|165|165|165|165|165|165|165|165|165|165|165|165|165|165|165|165|165|165|165|165|165|165|165|165|165|165|165|165|165|165|165|165|165|165|165|165|165|165|165|165|165|165|165|165|165
Iteração que foi encontrado o Melhor Global: 0
Quantas vezes o Melhor Global foi alterado (Lembrando que a verificação na inicialização acumula nesse contador): 1
Particula Inicial do melhor global:
1,025930|1,428148|0,098485|1,046898|0,782207|0,658810|1,928800|0,804161|
Particula Final do melhor global:
1,025930|1,428148|0,098485|1,046898|0,782207|0,658810|1,928800|0,804161|
A melhor solução desse PSO é:
2 5 4 7 
0 3 1 6 
Quantidade de trocas de:6,000000
Makespan: 165,000000
