114|131|150|109|125|117|213|122|153|117|123|135|182|124|121|136|139|145|123|106|120|119|138|142|115|121|123|145|112|178|174|149|117|118|134|177|116|115|158|108|176|125|152|176|122|128|129|178|121|126|121|146|110|119|151|120|121|179|156|177|113|124|115|118|158|149|109|106|120|120|175|109|149|186|153|148|142|113|105|142
102|102|102|102|102|102|102|102|102|102|102|102|102|102|102|102|102|102|102|102|102|102|102|102|102|102|102|102|102|102|102|102|102|102|102|102|102|102|102|104|102|102|102|102|102|102|102|102|102|102|102|102|102|102|102|102|102|102|102|102|102|102|102|102|102|102|102|102|102|102|102|102|102|102|102|102|102|102|102|102
Iteração que foi encontrado o Melhor Global: 32
Quantas vezes o Melhor Global foi alterado (Lembrando que a verificação na inicialização acumula nesse contador): 4
Particula Inicial do melhor global:
1,073703|0,310835|1,017608|0,139824|0,754085|1,967881|1,456089|0,983452|
Particula Final do melhor global:
0,742495|0,461806|1,399481|0,256135|0,735241|0,917861|1,008175|1,922022|
A melhor solução desse PSO é:
3 1 4 0 5 
6 2 7 
Quantidade de trocas de:10,000000
Makespan: 102,000000
