175|166|219|169|179|188|266|198|160|271|194|170|220|296|165|181|205|190|188|207|233|201|233|173|167|155|199|195|225|156|194|194|213|224|202|217|191|221|161|201|173|177|211|196|249|239|233|187|320|207|240|189|164|207|162|163|180|202|280|239|165|206|208|203|197|194|176|182|207|177|171|172|225|188|165|234|203|176|203|213
145|145|145|145|145|145|145|145|145|145|145|145|145|145|145|145|145|145|145|145|145|145|145|145|147|145|148|145|145|145|145|145|147|145|145|147|145|145|148|145|145|145|145|145|145|147|145|145|145|145|145|145|145|145|147|145|145|145|145|145|145|145|145|145|145|145|145|145|149|145|145|145|147|145|145|145|145|145|147|145
Iteração que foi encontrado o Melhor Global: 44
Quantas vezes o Melhor Global foi alterado (Lembrando que a verificação na inicialização acumula nesse contador): 5
Particula Inicial do melhor global:
0,398647|0,050209|0,928250|0,832853|1,370408|1,198147|1,512757|0,866542|
Particula Final do melhor global:
0,225841|1,539295|1,626174|1,004344|0,638337|0,648954|1,829968|1,237121|
A melhor solução desse PSO é:
0 4 5 
3 7 1 2 6 
Quantidade de trocas de:16,000000
Makespan: 145,000000
