164|142|234|204|165|142|147|172|198|239|211|244|141|232|202|198|183|231|201|175|205|185|139|156|143|183|207|170|144|188|153|187|165|146|176|186|164|141|164|145|167|204|174|180|139|237|196|204|230|154|142|208|263|210|210|232|204|235|156|189|181|204|180|183|186|150|203|180|162|284|276|166|140|229|150|197|234|150|177|200
136|136|136|136|136|136|135|136|136|136|135|135|136|136|136|136|136|136|136|135|136|136|136|136|136|136|136|136|135|135|136|136|136|136|136|136|135|135|136|136|136|136|136|135|135|136|136|136|135|136|136|136|136|136|136|136|135|136|135|136|136|136|136|136|136|136|136|136|136|135|136|136|136|136|136|136|136|136|135|135
Iteração que foi encontrado o Melhor Global: 949
Quantas vezes o Melhor Global foi alterado (Lembrando que a verificação na inicialização acumula nesse contador): 3
Particula Inicial do melhor global:
1,255176|0,030877|1,390128|1,447795|0,315709|0,983237|0,640210|1,719459|
Particula Final do melhor global:
0,499785|0,542804|1,434822|0,237030|0,707681|1,183380|0,174107|1,237394|
A melhor solução desse PSO é:
6 3 0 1 4 
5 7 2 
Quantidade de trocas de:9,000000
Makespan: 135,000000
