202|185|194|258|164|251|226|161|159|229|260|236|161|314|244|151|194|279|192|200|173|232|206|236|178|216|177|236|246|160|193|173|164|156|164|260|175|254|176|272|223|190|318|171|190|172|185|211|242|161|186|158|199|201|256|149|158|161|237|175|182|236|161|187|206|320|156|213|151|151|179|199|198|182|223|195|306|167|274|311
145|145|145|145|145|145|145|145|145|145|145|145|145|145|145|145|145|147|145|145|145|145|145|145|147|145|145|145|145|145|145|145|145|145|145|145|145|145|145|145|145|145|145|145|145|145|145|145|145|145|145|145|145|145|145|145|145|145|145|145|145|145|145|148|145|145|145|145|145|145|145|145|145|145|145|145|145|145|145|145
Iteração que foi encontrado o Melhor Global: 33
Quantas vezes o Melhor Global foi alterado (Lembrando que a verificação na inicialização acumula nesse contador): 3
Particula Inicial do melhor global:
1,370175|0,114288|0,864133|0,059568|0,388756|0,923399|0,169856|0,400412|
Particula Final do melhor global:
1,336505|0,894457|0,758672|1,365558|0,044468|1,171293|1,263272|0,653036|
A melhor solução desse PSO é:
4 7 2 1 
5 6 0 3 
Quantidade de trocas de:17,000000
Makespan: 145,000000
