753|417|421|737|686|421|427|546|449|567|470|634|701|652|770|526|494|606|443|634|686|703|901|463|555|425|701|581|879|755|624|672|573|415|465|425|721|352|605|425|484|640|638|488|755|812|701|548|481|609|687|433|1076|504|620|1009|796|636|609|655|555|449|603|439|418|492|895|1029|439|352|528|636|829|877|863|690|717|591|542|679
295|295|295|295|295|295|295|295|295|295|295|295|295|295|295|295|295|295|295|295|295|295|295|295|295|295|295|295|295|295|295|295|295|295|295|295|295|295|295|295|295|295|295|295|295|295|295|295|295|295|295|331|295|295|295|295|295|295|295|295|295|295|295|295|295|295|295|295|295|295|295|295|295|295|295|295|295|295|295|295
Iteração que foi encontrado o Melhor Global: 3
Quantas vezes o Melhor Global foi alterado (Lembrando que a verificação na inicialização acumula nesse contador): 2
Particula Inicial do melhor global:
1,535511|1,722757|0,876349|0,749360|1,218324|0,387809|1,138048|0,143881|
Particula Final do melhor global:
1,419858|1,607327|0,283103|0,750729|1,231347|0,327067|0,752119|1,063393|
A melhor solução desse PSO é:
2 5 3 6 
7 4 0 1 
Quantidade de trocas de:7,000000
Makespan: 295,000000
