261|240|334|234|224|199|249|291|244|200|268|204|319|194|216|221|243|244|206|194|207|208|188|259|242|286|288|198|207|216|213|208|325|365|210|195|215|328|308|224|197|243|197|183|216|225|274|401|230|233|343|243|214|259|311|288|240|228|338|235|195|231|225|217|285|234|288|291|274|198|206|240|183|201|286|213|214|249|192|329
165|165|165|165|165|165|165|165|165|165|165|165|165|165|165|165|165|165|165|165|165|165|165|165|165|165|165|165|165|165|165|165|165|165|165|165|165|165|165|165|165|165|165|165|165|165|165|165|165|165|165|165|165|165|165|165|165|165|165|165|165|165|165|165|165|165|165|165|165|165|165|165|165|165|165|165|165|165|165|165
Iteração que foi encontrado o Melhor Global: 2
Quantas vezes o Melhor Global foi alterado (Lembrando que a verificação na inicialização acumula nesse contador): 3
Particula Inicial do melhor global:
0,685327|1,108267|1,093737|1,559464|1,634482|0,999061|0,159235|1,816588|
Particula Final do melhor global:
0,760565|0,782772|1,387926|0,454815|1,534535|1,539436|0,240358|1,397493|
A melhor solução desse PSO é:
6 3 0 1 
2 7 4 5 
Quantidade de trocas de:5,000000
Makespan: 165,000000
