355|250|307|258|228|225|231|262|240|235|277|259|329|205|317|280|216|244|292|343|214|244|216|194|234|204|248|256|346|310|207|192|241|192|234|328|217|207|241|242|231|277|216|203|217|167|199|298|213|271|229|210|233|230|231|180|213|240|286|205|189|301|244|216|226|270|320|198|310|180|263|192|334|261|270|224|264|370|234|319
165|165|165|165|165|165|165|165|165|165|165|165|165|165|165|165|165|165|165|165|165|165|165|165|165|165|165|165|165|165|165|165|165|165|165|165|165|165|165|165|165|165|165|165|165|165|165|165|165|165|165|165|165|165|165|165|165|165|165|165|165|165|165|165|165|165|165|165|165|165|165|165|165|165|165|165|165|165|165|165
Iteração que foi encontrado o Melhor Global: 2
Quantas vezes o Melhor Global foi alterado (Lembrando que a verificação na inicialização acumula nesse contador): 2
Particula Inicial do melhor global:
0,060637|0,004583|1,984635|1,589421|0,785855|0,533574|1,399520|1,725371|
Particula Final do melhor global:
1,094270|1,221600|0,058816|1,042394|0,703724|0,536375|1,211595|0,136506|
A melhor solução desse PSO é:
2 7 5 4 
3 0 6 1 
Quantidade de trocas de:5,000000
Makespan: 165,000000
