116|121|194|139|187|182|108|104|134|133|170|115|117|142|117|112|107|167|99|120|103|132|133|112|135|139|143|142|115|108|117|115|157|123|104|162|141|101|116|137|119|118|140|132|104|122|100|135|171|119|165|112|110|122|189|133|159|161|141|112|155|134|128|162|129|140|148|109|115|102|122|118|137|143|120|117|104|105|194|187
98|98|98|98|98|98|98|98|98|98|98|98|98|98|98|98|98|98|98|98|98|98|98|98|98|98|98|98|98|98|98|98|98|98|98|98|98|98|98|98|98|98|98|98|98|98|98|98|98|98|98|98|98|98|98|98|98|98|98|98|98|98|98|98|98|98|98|98|98|98|98|98|98|98|98|98|99|98|98|98
Iteração que foi encontrado o Melhor Global: 2
Quantas vezes o Melhor Global foi alterado (Lembrando que a verificação na inicialização acumula nesse contador): 2
Particula Inicial do melhor global:
1,755376|1,777994|0,911787|1,019777|1,527342|1,182371|1,288887|1,349425|
Particula Final do melhor global:
1,597230|0,150323|0,902728|0,831230|1,154367|1,072718|0,733637|1,432512|
A melhor solução desse PSO é:
1 6 3 2 
5 4 7 0 
Quantidade de trocas de:8,000000
Makespan: 98,000000
