106|158|110|144|138|117|142|139|112|112|112|106|132|121|143|124|154|141|138|140|129|160|122|143|178|111|134|148|122|124|160|152|151|189|140|180|179|138|185|183|119|187|158|150|100|122|149|106|112|186|194|106|163|149|135|147|153|143|172|106|104|149|151|153|151|125|147|151|144|120|133|102|172|109|201|119|197|105|136|101
98|98|98|98|98|98|98|98|98|99|98|99|98|98|99|98|98|99|98|98|99|98|98|98|99|98|98|98|98|99|98|98|98|98|98|98|98|98|98|98|98|98|98|98|98|98|98|99|98|98|98|98|98|98|98|98|98|98|98|99|99|98|98|98|99|98|98|98|98|98|98|98|98|98|98|99|98|98|98|98
Iteração que foi encontrado o Melhor Global: 63
Quantas vezes o Melhor Global foi alterado (Lembrando que a verificação na inicialização acumula nesse contador): 3
Particula Inicial do melhor global:
1,557264|0,299090|1,669705|1,761214|1,918591|0,063950|0,366410|1,308511|
Particula Final do melhor global:
0,726761|1,199023|1,528299|1,921784|1,858442|1,819189|0,738135|1,649661|
A melhor solução desse PSO é:
0 6 
1 2 7 5 4 3 
Quantidade de trocas de:6,000000
Makespan: 98,000000
