359|300|351|307|525|351|458|290|407|428|314|337|292|297|304|310|292|363|302|243|277|373|291|421|382|261|373|365|387|245|458|305|383|293|310|262|384|272|293|257|319|290|505|325|244|275|387|388|285|287|317|339|316|352|281|445|301|364|364|376|327|421|394|273|445|318|500|293|284|478|358|481|266|365|350|424|354|343|252|334
213|213|213|213|213|213|213|213|213|213|213|213|213|213|213|213|213|213|213|213|213|213|213|213|213|213|213|213|213|213|213|213|213|213|213|213|213|213|213|213|213|213|213|213|228|213|213|213|213|213|213|213|213|213|213|213|213|213|213|213|213|213|213|213|213|213|213|213|213|213|213|213|213|213|213|213|213|213|213|213
Iteração que foi encontrado o Melhor Global: 9
Quantas vezes o Melhor Global foi alterado (Lembrando que a verificação na inicialização acumula nesse contador): 3
Particula Inicial do melhor global:
1,146281|0,084474|1,143654|0,840180|1,629431|1,065150|1,130723|1,049219|
Particula Final do melhor global:
0,218889|0,838290|1,183405|0,238322|0,858557|1,801928|1,426867|1,041890|
A melhor solução desse PSO é:
0 3 1 4 
7 2 6 5 
Quantidade de trocas de:11,000000
Makespan: 213,000000
