549|695|482|1491|914|474|581|628|744|494|920|670|792|1059|564|780|813|794|698|528|1134|986|700|608|903|902|692|555|832|1164|846|625|701|494|933|575|756|514|881|543|661|1081|853|582|668|1084|675|650|730|617|754|695|826|573|720|953|756|448|908|725|599|959|500|826|622|820|649|547|1209|1107|921|725|836|642|593|881|682|718|832|730
350|350|350|350|350|350|350|350|350|350|350|350|350|350|350|350|350|350|350|350|350|350|350|350|350|350|350|350|350|374|350|350|350|350|350|350|374|350|350|350|350|350|350|350|350|350|350|350|350|350|350|350|350|350|350|350|350|350|350|350|350|350|350|350|350|350|350|350|350|350|374|350|350|350|350|350|350|350|350|350
Iteração que foi encontrado o Melhor Global: 6
Quantas vezes o Melhor Global foi alterado (Lembrando que a verificação na inicialização acumula nesse contador): 4
Particula Inicial do melhor global:
0,982885|0,922767|1,613350|1,098298|1,313147|0,308169|0,056892|1,441675|
Particula Final do melhor global:
1,001348|1,582451|0,625938|1,055521|0,073382|0,405960|0,413743|1,527522|
A melhor solução desse PSO é:
4 5 6 2 
0 3 7 1 
Quantidade de trocas de:8,000000
Makespan: 350,000000
