628|735|675|981|1031|553|670|775|648|592|720|1053|730|526|623|881|1441|576|575|881|801|1058|727|851|784|963|875|831|924|826|776|598|648|643|958|532|704|950|694|981|754|1064|581|1052|731|554|860|782|548|1108|682|914|804|495|732|499|731|902|982|908|350|958|675|554|547|902|745|838|582|1184|964|644|725|820|986|832|912|776|525|630
350|350|350|350|350|350|350|350|350|350|350|350|350|350|350|350|350|350|350|350|350|350|350|350|350|350|350|350|350|350|350|350|350|350|350|350|350|350|350|350|350|350|350|350|350|350|350|350|350|350|350|350|350|350|350|350|350|350|350|350|350|350|350|350|350|350|350|350|350|350|350|350|350|350|374|350|350|350|350|374
Iteração que foi encontrado o Melhor Global: 0
Quantas vezes o Melhor Global foi alterado (Lembrando que a verificação na inicialização acumula nesse contador): 1
Particula Inicial do melhor global:
1,029450|1,809702|0,629914|1,477637|0,967611|0,909038|0,823664|1,688981|
Particula Final do melhor global:
1,029450|1,809702|0,629914|1,477637|0,967611|0,909038|0,823664|1,688981|
A melhor solução desse PSO é:
2 6 5 4 
0 3 7 1 
Quantidade de trocas de:8,000000
Makespan: 350,000000
