229|198|221|186|184|211|184|265|180|161|166|278|176|203|198|152|247|267|221|192|151|188|269|188|239|246|166|256|174|242|195|203|193|202|185|173|253|217|220|291|172|231|242|290|159|174|155|221|221|255|226|190|203|161|210|180|202|245|156|234|175|167|156|199|278|214|175|226|185|219|167|169|169|151|158|176|216|187|153|209
145|145|145|145|145|145|145|145|145|145|145|145|145|145|148|148|145|145|145|145|145|145|145|145|145|145|145|145|145|145|145|145|145|145|145|145|145|145|145|145|145|145|145|145|145|145|145|145|145|145|145|145|145|145|145|145|145|145|145|145|145|145|145|145|145|145|145|145|145|145|145|145|145|145|145|145|145|145|145|145
Iteração que foi encontrado o Melhor Global: 3
Quantas vezes o Melhor Global foi alterado (Lembrando que a verificação na inicialização acumula nesse contador): 3
Particula Inicial do melhor global:
1,530073|1,554816|1,255637|0,626902|1,415342|0,367825|0,278346|1,406835|
Particula Final do melhor global:
0,014724|1,673374|1,885862|1,273126|0,092867|0,570942|1,374220|1,377358|
A melhor solução desse PSO é:
0 4 5 
3 6 7 1 2 
Quantidade de trocas de:16,000000
Makespan: 145,000000
