104|126|106|97|114|99|97|143|94|94|124|94|99|120|110|91|123|109|109|115|108|157|138|146|112|107|96|134|106|148|146|95|144|107|106|134|104|184|142|99|138|132|89|138|133|91|109|145|108|107|99|95|151|107|101|111|107|100|130|110|164|139|118|119|94|158|105|114|123|106|106|97|110|152|131|148|136|100|113|111
87|87|87|87|87|87|88|87|87|87|87|87|87|87|87|87|87|87|87|87|87|87|87|87|87|87|87|87|87|87|87|87|87|87|87|88|87|88|87|87|87|87|87|87|87|87|87|87|87|87|87|87|87|87|87|87|87|87|87|87|87|88|87|87|87|87|87|87|87|87|87|87|87|87|87|87|87|87|87|87
Iteração que foi encontrado o Melhor Global: 102
Quantas vezes o Melhor Global foi alterado (Lembrando que a verificação na inicialização acumula nesse contador): 3
Particula Inicial do melhor global:
1,276826|1,297180|1,622459|1,230645|0,648050|0,643199|1,515667|1,578070|
Particula Final do melhor global:
1,328765|0,109281|0,102932|0,506148|0,227988|0,538543|1,151969|1,430415|
A melhor solução desse PSO é:
2 1 4 3 5 
6 0 7 
Quantidade de trocas de:18,000000
Makespan: 87,000000
