168|187|244|199|181|223|139|224|221|143|204|204|186|173|141|186|178|146|193|199|149|189|176|149|175|229|141|177|148|167|148|265|213|232|177|180|218|136|229|208|177|155|139|204|158|161|143|144|148|210|146|229|218|208|141|214|138|239|178|141|198|207|156|198|149|270|177|167|176|224|195|164|148|245|195|159|178|163|184|183
136|135|135|135|135|135|135|135|135|136|136|135|135|135|135|135|136|136|135|135|135|135|136|135|135|135|135|135|135|136|135|135|135|135|135|135|135|135|135|135|135|135|135|135|135|135|135|135|135|135|135|135|135|136|135|135|135|135|136|136|135|136|135|135|135|136|135|135|135|135|135|136|135|135|135|136|135|135|135|135
Iteração que foi encontrado o Melhor Global: 338
Quantas vezes o Melhor Global foi alterado (Lembrando que a verificação na inicialização acumula nesse contador): 2
Particula Inicial do melhor global:
0,751015|0,363540|0,171848|0,968998|0,320122|0,676216|1,452647|1,719541|
Particula Final do melhor global:
0,359396|0,378662|1,323946|0,771506|0,147858|1,209751|0,010654|1,664574|
A melhor solução desse PSO é:
6 4 0 1 3 
5 2 7 
Quantidade de trocas de:9,000000
Makespan: 135,000000
