481|603|620|901|820|427|587|425|540|912|364|804|460|490|498|678|394|506|615|443|670|494|634|377|488|539|662|677|670|421|436|447|818|703|814|816|668|742|362|450|623|677|498|577|557|447|488|753|901|1009|701|623|634|603|964|417|537|814|506|443|887|595|873|528|942|701|693|742|404|484|668|502|577|644|526|446|557|512|569|533
295|295|295|295|295|295|295|295|295|295|295|295|295|295|295|295|295|295|295|295|295|295|295|295|295|295|295|295|295|295|295|295|295|295|295|295|295|295|295|295|295|295|295|295|295|295|295|295|295|295|295|295|295|295|295|295|295|295|295|295|295|295|295|295|295|295|295|295|295|295|295|295|295|295|295|295|295|295|295|295
Iteração que foi encontrado o Melhor Global: 1
Quantas vezes o Melhor Global foi alterado (Lembrando que a verificação na inicialização acumula nesse contador): 2
Particula Inicial do melhor global:
0,636880|0,754827|1,366919|1,181664|0,305173|0,580600|1,808666|0,077928|
Particula Final do melhor global:
0,037307|0,579090|1,073757|1,549761|0,493976|1,347995|1,635479|0,229585|
A melhor solução desse PSO é:
0 7 4 1 
2 5 3 6 
Quantidade de trocas de:7,000000
Makespan: 295,000000
