245|183|147|204|143|202|231|195|176|180|152|157|144|216|177|140|225|180|159|172|195|235|183|136|170|140|155|222|151|175|216|144|169|190|241|164|232|191|175|167|159|186|205|192|143|168|146|234|153|184|187|196|141|198|200|229|144|238|162|167|231|203|183|167|157|178|155|204|189|178|215|193|225|189|185|210|269|198|196|185
135|135|135|135|135|135|135|135|135|135|135|135|135|135|135|135|135|135|135|135|135|135|135|135|135|135|135|135|135|135|135|135|135|135|135|135|135|135|135|135|135|135|135|135|135|135|135|135|135|135|135|135|135|135|135|135|135|135|135|135|135|135|135|135|135|135|135|135|135|135|135|135|135|135|135|135|135|135|135|135
Iteração que foi encontrado o Melhor Global: 2
Quantas vezes o Melhor Global foi alterado (Lembrando que a verificação na inicialização acumula nesse contador): 2
Particula Inicial do melhor global:
1,820906|1,435686|0,538524|1,895388|1,672277|0,256369|0,594253|0,659565|
Particula Final do melhor global:
1,513028|1,498767|0,499385|1,879922|1,381894|0,481560|1,083154|0,697073|
A melhor solução desse PSO é:
5 2 7 
6 4 1 0 3 
Quantidade de trocas de:9,000000
Makespan: 135,000000
