749|670|732|780|720|677|782|953|597|605|598|549|453|702|478|570|786|587|769|649|543|962|1053|826|825|770|924|669|701|1109|499|881|1290|782|718|664|647|908|547|803|609|827|745|937|852|730|503|958|726|555|764|599|529|613|830|1391|1014|752|579|804|830|957|1081|801|704|776|673|875|719|738|704|814|727|802|637|701|720|775|632|720
350|350|350|350|350|350|350|350|350|374|350|350|350|350|350|350|350|350|350|350|350|350|374|350|350|350|350|350|350|350|350|350|350|350|350|350|350|350|350|350|350|350|350|350|350|350|374|350|350|350|350|350|374|350|350|350|350|350|350|374|350|350|350|350|350|350|350|350|350|350|350|350|350|350|350|350|350|350|350|350
Iteração que foi encontrado o Melhor Global: 7
Quantas vezes o Melhor Global foi alterado (Lembrando que a verificação na inicialização acumula nesse contador): 3
Particula Inicial do melhor global:
0,367976|1,812276|1,407760|1,722514|1,327585|0,949253|0,260918|0,007174|
Particula Final do melhor global:
0,990243|0,052770|1,242327|0,412818|1,956029|1,905416|1,155805|0,214665|
A melhor solução desse PSO é:
1 7 3 0 
6 2 5 4 
Quantidade de trocas de:8,000000
Makespan: 350,000000
