128|94|127|142|139|123|115|95|102|133|133|106|92|119|122|95|147|92|92|122|121|112|136|125|101|106|105|91|103|125|123|119|141|134|92|126|113|95|148|92|132|136|108|108|92|140|104|108|128|99|99|165|90|121|91|95|93|98|118|98|110|107|99|93|99|112|99|118|130|120|139|134|113|100|150|91|133|101|112|96
87|87|87|87|88|87|87|87|87|87|87|87|87|87|87|87|87|87|87|87|87|87|87|87|87|87|87|87|87|87|87|87|87|87|87|87|87|87|87|87|87|87|87|87|87|87|87|87|87|87|87|87|87|87|87|87|87|87|87|87|87|87|87|87|87|87|87|87|87|87|87|87|87|87|87|87|87|87|87|87
Iteração que foi encontrado o Melhor Global: 3
Quantas vezes o Melhor Global foi alterado (Lembrando que a verificação na inicialização acumula nesse contador): 4
Particula Inicial do melhor global:
1,769418|0,655988|1,964625|1,961382|0,093035|0,327053|1,845022|1,419489|
Particula Final do melhor global:
1,573492|0,198096|0,121205|0,919275|0,521980|0,332819|1,593394|1,917332|
A melhor solução desse PSO é:
2 1 5 4 3 
0 6 7 
Quantidade de trocas de:18,000000
Makespan: 87,000000
