112|116|99|155|130|131|88|115|142|114|90|114|146|125|126|143|120|142|139|147|127|127|94|120|135|132|103|122|126|113|120|92|167|90|139|96|93|124|98|125|104|125|150|96|93|111|143|92|113|89|120|146|97|100|105|110|95|140|119|114|113|113|125|137|100|108|105|133|141|174|89|112|184|122|125|92|110|115|115|108
87|87|87|87|87|87|87|87|87|87|87|87|87|87|87|87|87|87|87|87|87|87|87|87|87|87|87|87|87|87|87|87|87|87|87|87|87|87|87|87|87|87|87|87|87|87|87|87|87|87|87|87|87|87|87|87|87|87|87|87|87|87|87|87|87|87|87|87|87|87|87|87|87|87|87|87|87|87|87|87
Iteração que foi encontrado o Melhor Global: 1
Quantas vezes o Melhor Global foi alterado (Lembrando que a verificação na inicialização acumula nesse contador): 2
Particula Inicial do melhor global:
0,651413|0,344325|0,829308|0,102481|0,175297|0,547128|0,863160|0,941703|
Particula Final do melhor global:
1,246315|0,202514|0,097512|0,757257|0,606440|0,558681|1,193145|1,201753|
A melhor solução desse PSO é:
2 1 5 4 3 
6 7 0 
Quantidade de trocas de:18,000000
Makespan: 87,000000
