165|166|156|179|198|166|194|223|162|164|184|205|185|182|169|164|195|252|169|265|166|200|166|162|169|154|194|218|241|326|185|191|169|177|167|208|151|191|246|176|222|183|168|173|188|162|266|195|195|163|200|183|281|165|147|234|155|202|186|201|312|179|159|231|160|156|219|178|181|161|178|183|183|251|160|278|259|212|203|195
147|147|147|147|147|147|147|147|147|147|147|147|147|147|147|147|147|147|147|147|147|147|147|147|147|147|147|147|147|147|147|147|147|147|147|147|147|147|147|147|147|147|147|147|147|147|147|147|147|147|147|147|147|147|147|147|147|147|147|147|147|147|147|147|147|147|147|147|147|147|147|147|147|147|147|147|147|147|147|147
Iteração que foi encontrado o Melhor Global: 0
Quantas vezes o Melhor Global foi alterado (Lembrando que a verificação na inicialização acumula nesse contador): 1
Particula Inicial do melhor global:
0,576266|1,247851|0,083397|1,551987|0,939882|1,730722|0,591394|1,392504|
Particula Final do melhor global:
0,576266|1,247851|0,083397|1,551987|0,939882|1,730722|0,591394|1,392504|
A melhor solução desse PSO é:
2 0 6 4 
1 7 3 5 
Quantidade de trocas de:17,000000
Makespan: 147,000000
