421|344|324|262|515|244|393|309|451|333|381|344|310|288|235|458|379|349|450|331|282|345|260|306|276|404|403|254|237|340|363|424|290|335|319|302|335|245|284|359|250|371|351|337|401|352|375|488|306|312|282|305|293|293|338|285|341|335|312|438|392|448|468|293|341|267|437|284|419|445|260|490|355|253|274|255|459|386|277|342
213|213|213|213|213|213|213|213|225|213|213|213|213|213|213|213|225|213|213|213|213|213|213|213|213|213|225|213|213|213|213|213|213|213|213|225|213|213|213|213|213|213|213|213|213|213|213|213|213|213|213|213|213|213|213|213|213|213|213|213|213|213|213|213|213|213|213|213|213|213|213|213|213|213|213|213|213|213|213|213
Iteração que foi encontrado o Melhor Global: 19
Quantas vezes o Melhor Global foi alterado (Lembrando que a verificação na inicialização acumula nesse contador): 5
Particula Inicial do melhor global:
0,523286|1,132497|1,324808|0,717304|0,054155|1,487148|0,199397|1,291229|
Particula Final do melhor global:
0,934823|0,424260|1,510420|0,346316|0,051738|1,858613|1,825320|1,115604|
A melhor solução desse PSO é:
4 3 1 0 
7 2 6 5 
Quantidade de trocas de:11,000000
Makespan: 213,000000
