717|399|829|572|550|606|431|416|593|645|483|480|480|492|592|483|446|562|773|475|990|873|382|717|508|703|890|1016|511|635|652|623|502|688|449|465|592|628|361|570|475|317|390|808|583|319|848|354|723|1128|511|843|803|436|409|627|317|747|593|536|380|648|381|960|654|696|394|548|542|654|460|598|610|416|499|545|660|447|817|808
261|261|261|261|261|261|261|261|261|261|261|261|261|261|261|261|261|261|261|261|261|261|261|261|261|261|261|261|261|261|261|261|261|261|261|261|261|261|261|261|261|261|261|261|261|261|261|261|261|261|261|261|261|261|261|261|261|261|261|261|261|261|261|261|261|261|261|261|261|261|261|261|261|261|261|261|261|261|261|261
Iteração que foi encontrado o Melhor Global: 1
Quantas vezes o Melhor Global foi alterado (Lembrando que a verificação na inicialização acumula nesse contador): 2
Particula Inicial do melhor global:
0,477641|0,218577|1,696478|1,243767|0,722176|1,587543|1,552416|1,180459|
Particula Final do melhor global:
1,275857|1,803679|0,011430|1,110251|0,875071|0,896154|1,595041|0,464053|
A melhor solução desse PSO é:
2 7 4 5 
3 0 6 1 
Quantidade de trocas de:5,000000
Makespan: 261,000000
