133|125|188|108|106|176|134|109|139|118|145|106|146|176|136|155|129|128|133|174|132|110|147|128|125|114|129|128|155|180|114|146|125|139|161|151|111|144|126|124|153|178|130|131|110|118|146|114|145|159|149|145|159|125|121|108|154|136|149|149|147|116|179|109|152|115|113|108|119|114|117|138|104|152|173|160|162|126|138|130
102|102|102|102|102|102|102|102|102|102|102|102|102|102|102|102|102|102|102|102|102|102|102|102|102|102|102|102|102|102|102|102|102|102|102|102|102|102|102|102|102|102|102|102|102|102|102|102|102|102|102|102|102|102|102|102|102|102|102|102|102|102|102|102|102|102|102|102|102|102|102|102|102|102|102|102|102|102|102|102
Iteração que foi encontrado o Melhor Global: 63
Quantas vezes o Melhor Global foi alterado (Lembrando que a verificação na inicialização acumula nesse contador): 3
Particula Inicial do melhor global:
0,221901|1,371955|1,409115|0,406117|1,570595|1,242070|0,310047|1,721579|
Particula Final do melhor global:
1,477854|1,696433|0,929755|1,781873|1,449556|1,363879|0,943452|0,601451|
A melhor solução desse PSO é:
7 2 6 
5 4 0 1 3 
Quantidade de trocas de:11,000000
Makespan: 102,000000
