163|162|286|170|220|303|217|195|171|149|195|215|248|203|249|286|214|257|161|156|182|276|170|174|186|159|228|266|190|149|206|172|194|174|199|215|276|151|217|271|197|200|214|242|178|172|166|242|184|160|258|226|306|172|149|202|155|243|202|210|164|192|200|197|217|167|211|227|205|185|297|242|188|187|318|213|158|153|183|196
145|145|145|145|145|145|145|145|145|147|145|145|145|148|145|145|145|145|145|145|147|145|145|145|145|145|147|145|145|145|145|145|147|145|145|145|145|145|148|145|145|145|145|145|145|145|147|145|145|145|145|145|145|145|145|145|148|145|145|145|145|145|145|145|145|145|145|145|147|145|145|145|145|145|145|145|145|145|145|145
Iteração que foi encontrado o Melhor Global: 21
Quantas vezes o Melhor Global foi alterado (Lembrando que a verificação na inicialização acumula nesse contador): 3
Particula Inicial do melhor global:
0,981118|0,512843|0,165020|0,105150|0,915115|0,983438|1,326958|0,071799|
Particula Final do melhor global:
1,040638|0,648057|0,012061|1,861053|0,977313|1,034961|1,176329|0,602200|
A melhor solução desse PSO é:
2 7 1 4 
5 0 6 3 
Quantidade de trocas de:17,000000
Makespan: 145,000000
