135|110|125|126|110|116|104|100|183|126|159|137|105|110|187|179|140|146|133|117|122|138|117|102|101|120|135|146|137|102|178|159|157|186|145|107|99|133|173|103|152|188|121|105|118|132|138|148|154|120|133|100|156|104|152|119|117|121|117|129|104|99|133|144|131|117|151|195|165|177|152|113|147|105|119|144|108|157|147|177
98|98|98|99|98|98|99|98|99|99|98|98|98|99|98|98|98|99|98|98|98|98|98|98|98|98|99|98|98|98|98|98|98|99|98|98|99|98|99|98|99|98|98|98|99|98|98|98|98|98|99|98|99|99|98|98|98|99|99|98|99|98|98|98|99|98|98|98|98|98|98|99|98|99|98|98|98|98|98|98
Iteração que foi encontrado o Melhor Global: 15
Quantas vezes o Melhor Global foi alterado (Lembrando que a verificação na inicialização acumula nesse contador): 2
Particula Inicial do melhor global:
0,708151|1,927083|1,783018|0,613465|0,603748|0,121035|1,871279|0,235699|
Particula Final do melhor global:
1,184469|0,409907|0,815930|0,706042|0,990253|0,971928|1,321913|0,919444|
A melhor solução desse PSO é:
1 3 2 7 5 4 
0 6 
Quantidade de trocas de:6,000000
Makespan: 98,000000
