102|111|131|123|120|136|156|95|168|121|94|98|93|91|101|140|120|93|95|107|91|168|104|150|104|147|101|98|97|133|95|117|100|125|97|93|138|185|142|98|101|111|121|153|125|90|164|144|132|135|140|123|133|102|136|110|118|91|128|93|132|112|115|123|139|150|129|126|151|141|94|100|91|119|100|92|124|99|101|115
87|87|87|87|87|87|87|87|87|87|87|87|87|87|87|87|87|87|87|87|87|87|87|87|87|87|87|87|87|87|87|87|87|87|87|87|87|87|87|87|87|87|87|87|87|87|87|87|87|87|87|87|87|87|87|87|87|87|87|87|87|87|87|87|87|87|87|87|87|87|87|87|87|87|87|87|87|87|87|87
Iteração que foi encontrado o Melhor Global: 15
Quantas vezes o Melhor Global foi alterado (Lembrando que a verificação na inicialização acumula nesse contador): 3
Particula Inicial do melhor global:
1,031718|1,635966|1,539820|0,622815|0,950660|0,504278|0,417086|1,771923|
Particula Final do melhor global:
1,992034|0,494438|0,323175|0,835779|0,615074|0,681683|1,200900|1,356223|
A melhor solução desse PSO é:
2 1 4 5 3 
6 7 0 
Quantidade de trocas de:18,000000
Makespan: 87,000000
