304|250|325|289|236|303|338|239|289|414|255|227|302|303|280|265|236|315|236|249|312|279|213|414|268|272|302|415|303|312|392|236|268|258|360|292|345|204|280|246|446|313|239|240|258|224|515|244|315|290|358|246|294|265|255|269|238|278|269|226|225|304|324|317|213|446|370|255|294|227|233|327|270|272|236|339|225|259|345|226
193|193|193|193|193|193|193|193|193|193|193|193|193|193|193|193|193|193|193|193|193|193|193|193|193|193|193|193|193|193|193|193|193|193|193|193|193|193|193|193|193|193|193|193|193|193|193|193|193|193|193|193|193|193|193|193|193|193|193|193|193|193|193|193|193|193|193|193|193|193|193|193|193|193|193|193|193|193|193|193
Iteração que foi encontrado o Melhor Global: 1
Quantas vezes o Melhor Global foi alterado (Lembrando que a verificação na inicialização acumula nesse contador): 2
Particula Inicial do melhor global:
1,656034|1,858718|0,153515|1,255667|0,158861|1,653757|1,797335|0,200635|
Particula Final do melhor global:
0,836190|1,810836|0,649255|1,252645|0,477884|1,283951|0,119437|0,099384|
A melhor solução desse PSO é:
7 6 4 2 0 
3 5 1 
Quantidade de trocas de:3,000000
Makespan: 193,000000
