357|272|315|392|326|335|379|305|314|359|227|358|344|391|239|347|455|226|437|225|193|337|236|225|259|256|272|324|259|225|231|213|392|240|250|227|288|235|389|268|246|351|272|325|240|337|291|193|280|224|282|324|226|227|370|283|292|314|326|270|338|263|269|193|240|235|227|391|248|270|357|238|289|217|278|204|269|313|306|415
193|193|193|193|193|193|193|193|193|193|193|193|193|193|193|193|193|193|193|193|193|193|193|193|193|193|193|193|193|193|193|193|193|193|193|193|193|193|193|193|193|193|193|193|193|193|193|193|193|193|193|193|193|193|193|193|193|193|193|193|193|193|193|193|193|193|193|193|193|193|193|193|193|193|193|193|193|193|193|193
Iteração que foi encontrado o Melhor Global: 0
Quantas vezes o Melhor Global foi alterado (Lembrando que a verificação na inicialização acumula nesse contador): 1
Particula Inicial do melhor global:
1,875739|0,359527|1,337206|0,539484|1,785130|0,699044|1,938129|1,470894|
Particula Final do melhor global:
1,875739|0,359527|1,337206|0,539484|1,785130|0,699044|1,938129|1,470894|
A melhor solução desse PSO é:
1 3 5 
2 7 4 0 6 
Quantidade de trocas de:3,000000
Makespan: 193,000000
