181|200|246|205|183|274|223|159|221|161|199|220|202|197|206|205|275|191|223|200|158|152|152|232|194|203|200|261|192|199|232|230|158|230|165|180|223|220|165|181|218|212|197|211|190|248|264|243|180|235|196|194|178|293|173|189|157|161|255|225|225|210|183|203|239|247|214|255|222|186|220|270|162|164|199|288|242|156|172|200
145|145|145|145|145|145|145|145|145|145|145|145|145|145|147|145|145|145|145|145|145|145|145|145|145|145|145|145|145|145|145|145|145|147|145|145|145|145|145|145|145|145|145|145|145|145|145|145|145|145|145|145|145|145|145|145|145|145|145|145|145|145|145|145|145|145|145|145|145|145|145|145|145|145|145|145|145|145|145|145
Iteração que foi encontrado o Melhor Global: 25
Quantas vezes o Melhor Global foi alterado (Lembrando que a verificação na inicialização acumula nesse contador): 5
Particula Inicial do melhor global:
0,807623|1,772265|0,630624|0,452459|1,822523|0,498147|1,374929|0,702904|
Particula Final do melhor global:
0,364793|1,566562|1,664250|1,248379|0,109620|0,769556|1,304565|1,495610|
A melhor solução desse PSO é:
4 0 5 
3 6 7 1 2 
Quantidade de trocas de:16,000000
Makespan: 145,000000
