269|235|379|267|283|270|337|233|285|286|369|352|314|278|306|278|341|431|317|540|302|272|346|276|243|258|273|322|434|268|281|540|273|301|325|308|272|250|295|276|325|391|438|259|344|418|373|314|315|406|498|300|317|397|390|393|350|363|276|315|342|341|365|260|409|267|393|290|394|386|396|305|376|286|283|345|357|276|275|261
213|213|213|213|213|213|213|213|213|213|213|213|213|213|213|213|213|213|213|213|213|213|213|213|213|213|213|213|213|213|213|213|213|213|213|213|213|213|213|213|213|213|213|213|213|213|213|213|213|213|213|213|213|213|213|213|213|213|213|213|213|213|213|213|213|213|213|213|213|213|213|213|213|213|213|213|213|213|213|213
Iteração que foi encontrado o Melhor Global: 13
Quantas vezes o Melhor Global foi alterado (Lembrando que a verificação na inicialização acumula nesse contador): 5
Particula Inicial do melhor global:
1,691264|0,914042|0,101828|0,120583|1,875093|1,804833|1,576609|1,889037|
Particula Final do melhor global:
1,770621|1,758354|0,702709|1,628047|1,370665|0,156521|0,330424|0,940389|
A melhor solução desse PSO é:
5 6 2 7 
4 3 1 0 
Quantidade de trocas de:11,000000
Makespan: 213,000000
