436|193|207|249|270|450|246|278|314|280|289|236|226|259|359|302|357|312|312|257|213|392|292|414|328|348|231|288|278|383|236|322|304|225|259|354|246|246|233|433|368|304|302|207|265|325|305|194|225|301|250|243|259|236|226|295|371|223|248|379|223|227|213|269|428|235|370|285|269|315|324|257|283|471|250|194|354|203|392|306
193|193|193|193|193|193|193|193|193|193|193|193|193|193|193|193|193|193|193|193|193|193|193|193|193|193|193|193|193|193|193|193|193|193|193|193|193|193|193|193|193|193|193|193|193|193|193|193|193|193|193|193|193|193|193|193|193|193|193|193|193|193|193|193|193|193|193|193|193|193|193|193|193|193|193|193|193|193|193|193
Iteração que foi encontrado o Melhor Global: 0
Quantas vezes o Melhor Global foi alterado (Lembrando que a verificação na inicialização acumula nesse contador): 1
Particula Inicial do melhor global:
0,434137|1,853321|0,141582|1,488826|0,935453|0,365548|1,922739|0,503190|
Particula Final do melhor global:
0,434137|1,853321|0,141582|1,488826|0,935453|0,365548|1,922739|0,503190|
A melhor solução desse PSO é:
2 5 0 7 4 
3 1 6 
Quantidade de trocas de:3,000000
Makespan: 193,000000
