244|169|200|189|206|227|211|184|164|250|186|181|165|202|156|173|226|176|158|164|248|323|200|194|172|287|174|181|234|253|155|152|258|208|190|199|154|171|294|247|220|167|174|217|222|197|247|157|200|181|167|249|228|158|191|204|153|179|158|207|236|195|210|207|197|161|214|209|170|210|162|242|217|179|223|222|239|176|183|263
145|145|145|145|145|145|145|145|145|145|145|145|145|145|145|145|145|145|145|145|145|145|145|145|145|145|145|145|145|145|145|145|145|145|145|145|145|145|145|145|145|145|145|145|145|145|145|145|145|145|145|145|145|145|145|145|145|145|145|145|145|145|145|145|145|145|145|145|145|145|145|145|145|145|145|145|145|145|145|145
Iteração que foi encontrado o Melhor Global: 6
Quantas vezes o Melhor Global foi alterado (Lembrando que a verificação na inicialização acumula nesse contador): 4
Particula Inicial do melhor global:
0,515578|0,029737|0,970943|1,473567|0,224934|0,807453|0,158536|1,635546|
Particula Final do melhor global:
0,760698|1,485595|1,315421|0,520212|1,108174|0,360520|0,777671|1,187813|
A melhor solução desse PSO é:
5 3 0 6 
4 7 2 1 
Quantidade de trocas de:17,000000
Makespan: 145,000000
