150|115|153|164|153|143|175|123|145|168|117|185|107|117|151|150|113|160|127|145|129|153|129|150|141|150|118|110|120|133|128|118|111|123|144|187|178|112|122|151|157|140|143|179|128|117|126|150|125|104|147|113|122|123|142|109|186|119|114|109|124|157|109|132|180|158|144|122|106|119|185|121|106|166|143|170|149|147|153|121
102|102|102|102|102|102|102|102|102|102|102|102|102|102|102|102|102|102|102|102|102|102|102|102|102|102|102|102|102|102|102|102|102|102|102|102|102|102|102|102|102|102|102|102|102|102|102|102|102|102|102|102|102|102|102|102|102|102|102|102|102|102|102|102|102|102|102|102|102|102|102|102|102|102|102|102|102|102|102|102
Iteração que foi encontrado o Melhor Global: 2
Quantas vezes o Melhor Global foi alterado (Lembrando que a verificação na inicialização acumula nesse contador): 2
Particula Inicial do melhor global:
1,933704|1,450193|1,569066|0,865148|1,402420|0,036565|1,883806|1,765706|
Particula Final do melhor global:
0,672727|0,824230|1,621716|0,837195|0,719097|0,500537|1,528791|1,365957|
A melhor solução desse PSO é:
5 0 4 1 3 
7 6 2 
Quantidade de trocas de:11,000000
Makespan: 102,000000
