136|121|177|138|125|202|155|121|154|102|154|121|184|132|152|129|177|177|104|103|145|122|105|151|140|147|99|110|133|148|161|102|121|180|100|106|154|128|203|174|171|118|151|151|112|108|112|135|137|112|182|121|192|161|187|146|116|139|138|145|129|130|141|122|156|134|174|131|150|101|137|104|155|137|100|120|148|127|104|106
98|98|98|98|98|98|98|98|98|99|98|98|98|98|98|98|98|98|98|99|98|98|98|98|98|98|98|98|98|98|99|98|98|98|98|98|98|98|98|98|98|98|98|98|98|98|98|98|98|98|98|98|98|98|98|98|98|98|98|98|98|98|98|98|98|98|98|98|98|98|98|98|98|98|98|98|98|98|98|98
Iteração que foi encontrado o Melhor Global: 5
Quantas vezes o Melhor Global foi alterado (Lembrando que a verificação na inicialização acumula nesse contador): 2
Particula Inicial do melhor global:
1,888583|0,601897|0,791533|0,037623|0,497235|1,622313|1,942910|0,871893|
Particula Final do melhor global:
1,296432|0,973254|0,906550|0,450871|0,679025|0,877724|1,012332|0,766310|
A melhor solução desse PSO é:
3 4 7 5 2 1 
6 0 
Quantidade de trocas de:6,000000
Makespan: 98,000000
