213|186|148|200|214|178|170|152|153|215|149|172|176|144|237|239|222|186|160|179|152|191|143|189|152|187|155|177|152|282|193|207|187|147|169|195|205|225|203|191|195|137|174|201|145|139|220|244|205|233|193|177|237|246|239|181|145|138|174|142|175|141|203|183|203|227|248|231|188|166|151|177|177|152|167|208|190|177|193|164
135|135|135|135|135|135|135|135|135|135|135|135|135|135|135|135|135|135|135|135|135|135|135|135|135|135|135|135|135|135|135|135|135|135|135|135|135|135|135|135|135|135|135|135|135|135|135|135|135|135|135|135|135|135|135|135|135|135|135|135|135|135|135|135|135|135|135|135|135|135|135|135|135|135|135|135|135|135|135|135
Iteração que foi encontrado o Melhor Global: 1
Quantas vezes o Melhor Global foi alterado (Lembrando que a verificação na inicialização acumula nesse contador): 2
Particula Inicial do melhor global:
1,699326|0,186655|0,134134|1,421968|1,427403|0,051314|1,399515|1,062116|
Particula Final do melhor global:
1,765416|1,462523|0,414734|1,408985|1,850164|0,306160|1,308321|0,819652|
A melhor solução desse PSO é:
5 2 7 
6 3 1 0 4 
Quantidade de trocas de:9,000000
Makespan: 135,000000
