202|155|198|264|175|165|256|158|163|207|190|208|167|237|191|174|169|196|257|183|169|187|201|196|186|153|168|284|285|187|178|190|233|228|169|285|258|153|166|168|200|156|183|173|230|175|206|209|263|226|284|344|190|264|209|169|201|185|173|195|273|233|274|293|188|168|220|209|201|198|233|220|162|300|153|259|168|162|178|209
149|149|149|149|149|149|149|149|149|149|149|149|149|149|149|149|149|149|149|149|149|149|149|149|149|149|149|149|149|149|149|149|149|149|149|149|149|149|149|149|149|149|149|149|149|149|149|149|149|149|149|149|149|149|149|149|149|149|149|149|149|149|149|149|149|149|149|149|149|149|149|149|149|149|149|149|149|149|149|149
Iteração que foi encontrado o Melhor Global: 1
Quantas vezes o Melhor Global foi alterado (Lembrando que a verificação na inicialização acumula nesse contador): 2
Particula Inicial do melhor global:
1,793612|0,149827|0,253858|1,164857|1,248865|1,428194|0,652721|0,958247|
Particula Final do melhor global:
0,992091|0,581105|1,951670|1,814268|1,326175|1,523138|0,992861|0,523099|
A melhor solução desse PSO é:
7 1 0 6 
4 5 3 2 
Quantidade de trocas de:3,000000
Makespan: 149,000000
