233|225|337|354|337|404|337|405|345|269|236|315|235|268|392|245|379|322|245|315|268|368|223|246|280|259|268|281|358|282|359|272|259|193|278|203|325|235|235|193|326|226|272|246|193|235|280|245|227|326|292|217|292|338|240|244|235|227|248|268|345|235|224|406|233|223|244|327|305|324|246|256|268|303|300|392|236|379|227|354
193|193|193|193|193|193|193|193|193|193|193|193|193|193|193|193|193|193|193|193|193|193|193|193|193|193|193|193|193|193|193|193|193|193|193|193|193|193|193|193|193|193|193|193|193|193|193|193|193|193|193|193|193|193|193|193|193|193|193|193|193|193|193|193|193|193|193|193|193|193|193|193|193|193|193|193|193|193|193|193
Iteração que foi encontrado o Melhor Global: 0
Quantas vezes o Melhor Global foi alterado (Lembrando que a verificação na inicialização acumula nesse contador): 1
Particula Inicial do melhor global:
0,340545|1,194179|0,673903|1,820042|0,922938|1,602018|0,387212|0,579213|
Particula Final do melhor global:
0,340545|1,194179|0,673903|1,820042|0,922938|1,602018|0,387212|0,579213|
A melhor solução desse PSO é:
0 6 7 2 4 
1 5 3 
Quantidade de trocas de:3,000000
Makespan: 193,000000
