804|573|642|619|693|1191|832|809|524|964|448|834|424|650|620|681|682|670|559|826|825|786|896|628|698|786|624|624|654|622|623|644|1031|649|763|1027|620|814|704|852|652|984|575|448|860|953|782|908|735|579|472|820|882|957|981|503|624|827|777|855|758|664|953|852|1062|886|680|743|549|1059|553|757|575|574|796|569|801|806|1059|622
350|350|350|374|350|374|350|350|350|350|350|374|374|350|350|350|374|350|350|374|350|350|350|350|350|350|350|350|350|350|350|350|374|350|350|350|350|374|350|350|350|350|374|374|350|374|374|350|350|350|350|350|350|350|374|350|350|350|350|350|350|374|350|350|350|350|350|374|350|350|350|350|350|350|350|350|374|350|374|350
Iteração que foi encontrado o Melhor Global: 378
Quantas vezes o Melhor Global foi alterado (Lembrando que a verificação na inicialização acumula nesse contador): 3
Particula Inicial do melhor global:
0,342804|1,821944|1,366091|1,724007|0,291878|0,801653|1,438455|0,051391|
Particula Final do melhor global:
1,813402|1,228397|0,093330|1,763523|0,774413|0,713396|0,311707|1,233121|
A melhor solução desse PSO é:
2 6 5 4 
1 7 3 0 
Quantidade de trocas de:8,000000
Makespan: 350,000000
