351|313|261|483|287|367|408|233|426|251|242|257|263|387|319|302|279|276|292|240|409|288|292|291|286|359|242|278|403|365|243|233|418|268|313|525|372|316|303|326|358|271|438|354|259|358|400|261|525|269|400|301|251|301|424|323|291|327|391|259|383|321|392|261|289|392|306|343|318|294|313|357|271|286|397|337|277|317|458|453
213|213|213|213|213|213|213|213|213|213|213|213|213|213|213|213|213|213|213|213|213|213|213|213|213|213|213|213|213|213|213|213|213|213|213|213|213|213|213|213|213|213|213|213|213|213|213|213|213|213|213|213|213|213|213|213|213|213|213|213|213|213|213|213|213|213|213|213|213|213|213|213|213|213|213|213|213|213|213|213
Iteração que foi encontrado o Melhor Global: 12
Quantas vezes o Melhor Global foi alterado (Lembrando que a verificação na inicialização acumula nesse contador): 5
Particula Inicial do melhor global:
1,913549|0,289739|1,167489|0,514564|0,548477|1,506773|0,741131|1,050948|
Particula Final do melhor global:
1,778979|1,659517|0,686996|1,593062|1,377904|0,869431|0,783739|0,226960|
A melhor solução desse PSO é:
7 2 6 5 
4 3 1 0 
Quantidade de trocas de:11,000000
Makespan: 213,000000
