118|150|182|127|128|143|119|111|124|144|110|155|155|116|157|107|109|145|119|107|115|145|108|105|128|149|135|125|146|114|142|171|142|170|114|122|160|154|186|129|165|153|145|155|115|125|127|152|189|177|105|158|112|158|150|121|142|106|114|148|117|117|144|112|106|120|122|128|116|181|151|144|212|124|124|147|113|122|146|183
102|102|102|102|102|102|102|102|102|102|102|102|102|102|102|102|102|102|102|102|102|102|102|102|102|102|102|102|102|102|102|102|102|102|102|102|102|102|102|102|102|102|102|102|102|102|102|102|102|102|102|102|102|102|102|102|102|102|102|102|102|102|102|102|102|102|102|102|102|102|102|102|102|102|102|102|102|102|102|102
Iteração que foi encontrado o Melhor Global: 18
Quantas vezes o Melhor Global foi alterado (Lembrando que a verificação na inicialização acumula nesse contador): 4
Particula Inicial do melhor global:
1,199247|1,066014|0,431494|1,722962|0,958321|0,671492|0,178969|1,676276|
Particula Final do melhor global:
1,201197|1,324007|0,639565|1,975141|1,184162|1,005474|0,815143|0,861470|
A melhor solução desse PSO é:
2 6 7 
5 4 0 1 3 
Quantidade de trocas de:11,000000
Makespan: 102,000000
