115|91|122|97|117|96|130|131|127|100|157|98|100|99|137|102|99|125|132|124|147|137|87|104|99|92|86|118|150|123|120|132|121|100|96|99|107|96|106|103|84|109|97|88|95|108|123|145|97|93|111|99|91|84|101|86|111|90|115|147|119|104|99|104|115|114|96|83|101|115|100|121|133|95|105|83|118|118|102|137
82|82|82|82|82|82|82|82|82|82|82|82|82|82|82|82|82|82|82|82|82|82|82|82|82|82|82|82|82|82|82|82|82|82|82|82|82|82|82|82|82|82|82|82|82|82|82|82|82|82|82|82|82|82|82|82|82|82|82|82|82|82|82|82|82|82|82|82|82|82|82|82|82|82|82|82|82|82|82|82
Iteração que foi encontrado o Melhor Global: 1
Quantas vezes o Melhor Global foi alterado (Lembrando que a verificação na inicialização acumula nesse contador): 2
Particula Inicial do melhor global:
1,544407|0,058520|1,613103|0,146444|0,521172|1,042007|0,981315|1,336213|
Particula Final do melhor global:
1,552305|0,172394|0,877640|0,479786|0,181069|0,760029|1,067680|1,468809|
A melhor solução desse PSO é:
1 4 3 5 2 
6 7 0 
Quantidade de trocas de:10,000000
Makespan: 82,000000
