118|133|122|167|133|116|146|111|99|110|121|84|87|153|155|84|98|126|104|100|92|115|100|109|100|107|86|133|101|103|104|122|106|97|99|89|108|108|89|98|103|88|106|121|101|88|107|133|107|118|103|111|122|86|122|84|97|103|87|99|118|99|91|94|141|123|88|90|134|121|85|103|83|102|115|91|119|109|99|97
82|82|82|82|82|82|82|82|82|82|82|82|82|82|82|82|82|82|82|82|82|82|82|82|82|82|82|82|82|82|82|82|82|82|82|82|82|82|82|82|82|82|82|82|82|82|82|82|82|82|82|82|82|82|82|82|82|82|82|82|82|82|82|82|82|82|82|82|82|82|82|82|82|82|82|82|82|82|82|82
Iteração que foi encontrado o Melhor Global: 2
Quantas vezes o Melhor Global foi alterado (Lembrando que a verificação na inicialização acumula nesse contador): 2
Particula Inicial do melhor global:
0,450668|0,025500|0,199070|0,069949|1,028190|0,522885|1,535746|1,798612|
Particula Final do melhor global:
0,696004|1,444167|1,528332|1,924091|1,145867|1,322381|0,880200|0,171568|
A melhor solução desse PSO é:
7 0 6 
4 5 1 2 3 
Quantidade de trocas de:10,000000
Makespan: 82,000000
