237|177|138|142|184|214|165|200|143|145|140|177|232|145|182|159|174|157|188|169|176|152|157|210|181|222|214|214|213|143|170|222|202|261|136|147|147|225|145|176|154|200|147|141|189|195|239|138|150|243|234|236|169|167|150|186|177|140|282|212|193|204|175|147|225|142|196|201|193|193|186|201|211|186|187|242|210|239|223|138
135|135|135|135|135|135|135|135|136|135|135|135|135|136|135|135|135|135|135|135|136|135|135|135|135|135|135|135|135|135|135|135|135|135|135|135|135|135|135|135|135|135|135|135|135|135|135|135|135|135|135|135|135|135|135|135|135|135|135|135|135|135|135|135|135|135|135|135|135|135|135|135|135|135|135|135|135|135|135|135
Iteração que foi encontrado o Melhor Global: 24
Quantas vezes o Melhor Global foi alterado (Lembrando que a verificação na inicialização acumula nesse contador): 2
Particula Inicial do melhor global:
0,589220|1,773441|1,394442|0,411523|0,781837|1,375974|0,765846|0,024159|
Particula Final do melhor global:
0,483472|0,534741|1,445559|0,473298|0,761765|1,326978|0,202474|1,410768|
A melhor solução desse PSO é:
6 3 0 1 4 
5 7 2 
Quantidade de trocas de:9,000000
Makespan: 135,000000
