434|291|262|390|307|326|344|441|363|270|260|319|280|247|358|383|430|279|515|276|342|366|258|437|315|431|299|382|289|315|354|297|290|373|483|391|266|400|489|358|284|288|382|318|288|301|251|278|333|276|322|294|267|303|294|307|540|408|434|269|304|319|312|296|441|327|455|266|285|450|324|337|299|447|307|354|341|307|268|357
213|213|213|213|213|213|213|213|213|213|213|213|213|213|213|213|213|213|213|213|213|213|213|213|213|213|213|213|213|213|213|213|213|213|213|213|213|213|213|213|213|213|213|213|213|213|213|213|213|213|213|213|213|213|213|213|213|213|213|213|213|213|213|213|213|213|213|213|213|213|213|213|213|213|213|213|213|213|213|213
Iteração que foi encontrado o Melhor Global: 40
Quantas vezes o Melhor Global foi alterado (Lembrando que a verificação na inicialização acumula nesse contador): 4
Particula Inicial do melhor global:
1,648797|0,659811|1,765219|1,683272|0,892222|1,015201|1,885692|1,391858|
Particula Final do melhor global:
0,298644|0,896971|1,294407|0,861419|0,915740|1,860196|1,324956|1,172231|
A melhor solução desse PSO é:
0 3 1 4 
7 2 6 5 
Quantidade de trocas de:11,000000
Makespan: 213,000000
