240|207|335|502|389|357|315|259|389|235|327|245|324|449|294|315|312|472|231|268|269|227|394|223|256|480|194|411|354|207|381|370|263|261|370|257|379|379|258|357|322|269|302|494|403|379|315|259|225|261|403|324|347|282|358|268|382|390|301|312|472|379|203|302|225|256|345|268|288|225|329|272|246|223|358|194|194|302|225|314
193|193|193|193|193|193|193|193|193|193|193|193|193|193|193|193|193|193|193|193|193|193|193|193|193|193|193|193|193|193|193|193|193|193|193|193|193|193|193|193|193|193|193|193|193|193|193|193|193|193|193|193|193|193|193|193|193|193|193|193|193|193|193|193|193|193|193|193|193|193|193|193|193|193|193|193|193|193|193|193
Iteração que foi encontrado o Melhor Global: 1
Quantas vezes o Melhor Global foi alterado (Lembrando que a verificação na inicialização acumula nesse contador): 2
Particula Inicial do melhor global:
0,071761|1,502331|1,718572|1,939476|0,846371|1,582101|1,512122|1,301799|
Particula Final do melhor global:
0,015395|1,910993|0,052801|0,799299|1,112187|1,402419|1,285460|0,483217|
A melhor solução desse PSO é:
0 2 7 3 
4 6 5 1 
Quantidade de trocas de:2,000000
Makespan: 193,000000
