201|260|158|156|270|292|265|164|175|210|281|158|200|200|173|226|183|344|189|227|167|163|164|201|165|185|175|220|190|183|196|189|233|222|251|205|241|196|208|174|208|164|177|172|223|209|239|176|153|170|187|169|186|172|265|281|200|206|241|189|277|163|299|214|169|188|167|259|207|228|155|156|226|168|172|336|176|189|178|186
149|149|149|149|149|149|149|149|149|149|149|149|149|149|149|149|149|149|149|149|149|149|149|149|149|149|149|149|149|149|149|149|149|149|149|149|149|149|149|149|149|149|149|149|149|149|149|149|149|149|149|149|149|149|149|149|149|149|149|149|149|149|149|149|149|149|149|149|149|149|149|149|149|149|149|149|149|149|149|149
Iteração que foi encontrado o Melhor Global: 10
Quantas vezes o Melhor Global foi alterado (Lembrando que a verificação na inicialização acumula nesse contador): 4
Particula Inicial do melhor global:
0,262796|1,816880|1,064773|0,505578|0,557118|1,061366|1,696021|0,566028|
Particula Final do melhor global:
1,185350|1,471879|0,752663|0,672473|0,833637|0,328309|1,420870|1,333426|
A melhor solução desse PSO é:
5 3 2 4 
0 7 6 1 
Quantidade de trocas de:3,000000
Makespan: 149,000000
