233|248|417|263|292|416|371|402|315|382|253|284|377|330|232|307|349|300|318|319|300|284|357|418|261|277|262|374|301|384|258|335|313|315|307|267|313|394|350|361|390|449|263|443|382|321|276|459|321|450|278|386|268|279|248|301|262|261|261|365|290|262|348|316|265|451|277|270|431|470|429|430|335|383|415|430|289|346|257|390
213|213|213|213|213|213|213|213|213|213|213|213|213|213|213|213|213|213|213|213|213|213|213|213|213|213|213|213|213|213|213|213|213|213|213|213|213|213|213|213|213|213|213|213|213|213|213|213|213|213|213|213|213|213|213|213|213|213|213|213|213|213|213|213|213|213|213|213|213|213|213|213|213|213|213|213|213|222|213|213
Iteração que foi encontrado o Melhor Global: 6
Quantas vezes o Melhor Global foi alterado (Lembrando que a verificação na inicialização acumula nesse contador): 3
Particula Inicial do melhor global:
0,886623|0,478625|1,306120|0,002097|0,811528|1,388152|0,676222|0,835655|
Particula Final do melhor global:
0,572651|0,297595|1,676615|0,172641|0,004477|1,212459|1,333472|1,779667|
A melhor solução desse PSO é:
4 3 1 0 
5 6 2 7 
Quantidade de trocas de:11,000000
Makespan: 213,000000
