166|210|169|204|172|225|174|247|152|291|286|153|177|180|239|172|221|170|163|153|152|232|188|165|239|206|181|207|175|284|166|205|165|217|227|150|232|194|180|158|244|236|156|248|270|259|204|282|172|212|197|311|210|185|278|197|225|190|156|221|187|213|215|153|175|225|163|231|199|255|163|214|183|202|237|191|285|235|181|200
145|145|145|148|145|145|145|145|145|145|145|145|145|145|145|145|145|145|145|149|145|145|148|145|145|149|145|149|145|145|145|145|145|145|145|148|145|145|147|145|145|145|145|145|145|145|145|145|145|145|145|145|145|145|145|145|145|145|148|145|145|145|145|149|145|145|145|145|145|147|145|148|145|145|145|145|145|145|145|145
Iteração que foi encontrado o Melhor Global: 1
Quantas vezes o Melhor Global foi alterado (Lembrando que a verificação na inicialização acumula nesse contador): 2
Particula Inicial do melhor global:
1,600055|1,311332|0,655932|0,267113|1,041003|0,531608|0,805146|1,400173|
Particula Final do melhor global:
1,024222|0,322639|0,664030|0,013794|1,179431|1,339726|0,840628|0,035540|
A melhor solução desse PSO é:
3 7 1 2 6 
0 4 5 
Quantidade de trocas de:16,000000
Makespan: 145,000000
