281|279|262|270|201|271|277|198|326|198|201|206|180|216|283|213|216|288|209|225|279|207|244|234|258|221|224|267|225|288|231|271|189|299|215|249|265|186|343|214|328|215|320|195|361|237|261|356|243|370|204|250|270|198|205|180|207|180|297|224|198|320|246|240|234|242|255|325|189|279|241|222|273|392|322|272|241|277|216|346
165|165|165|165|165|165|165|165|165|165|165|165|165|165|165|165|165|165|165|165|165|165|165|165|165|165|165|165|165|165|165|165|165|165|165|165|165|165|165|165|165|165|165|165|165|165|165|165|165|165|165|165|165|165|165|165|165|165|165|165|165|165|165|165|165|165|165|165|165|165|165|165|165|165|165|165|165|165|165|165
Iteração que foi encontrado o Melhor Global: 1
Quantas vezes o Melhor Global foi alterado (Lembrando que a verificação na inicialização acumula nesse contador): 2
Particula Inicial do melhor global:
0,044385|0,968745|1,172165|0,038859|0,459655|0,694929|1,296630|0,636707|
Particula Final do melhor global:
1,149905|1,497123|0,779720|1,910563|0,450460|0,312243|1,205179|0,278620|
A melhor solução desse PSO é:
7 5 4 2 
0 6 1 3 
Quantidade de trocas de:6,000000
Makespan: 165,000000
