121|161|156|141|102|206|177|106|107|138|177|181|128|108|116|160|200|106|158|206|134|124|135|148|147|181|109|171|118|163|137|128|101|143|171|155|126|128|191|102|143|180|145|134|151|180|150|126|107|158|119|165|106|138|120|106|146|137|105|102|119|159|116|197|121|147|117|163|142|104|107|122|121|113|142|146|195|170|112|155
98|98|98|98|98|98|98|98|98|98|98|98|98|98|98|98|98|98|98|98|98|98|98|98|98|98|98|98|98|98|98|98|98|98|98|98|98|98|98|98|98|98|98|98|98|98|98|98|98|98|98|98|98|98|99|98|98|98|98|98|98|98|98|98|98|98|98|98|98|98|98|98|98|98|98|98|98|98|99|98
Iteração que foi encontrado o Melhor Global: 2
Quantas vezes o Melhor Global foi alterado (Lembrando que a verificação na inicialização acumula nesse contador): 2
Particula Inicial do melhor global:
1,140339|1,745575|1,010715|1,518356|1,344992|1,105032|1,631209|1,717395|
Particula Final do melhor global:
0,737150|1,944888|1,868827|1,578259|1,019247|1,182130|0,579705|1,636326|
A melhor solução desse PSO é:
6 0 
4 5 3 7 2 1 
Quantidade de trocas de:6,000000
Makespan: 98,000000
