152|227|176|223|186|213|190|239|169|220|220|157|170|236|149|166|208|246|173|178|154|264|168|270|244|238|244|187|190|188|163|188|222|289|224|280|194|220|222|149|202|209|195|182|185|191|153|179|190|170|173|185|227|189|205|186|209|168|170|253|209|207|219|190|196|240|221|209|187|164|166|169|209|172|227|196|164|209|336|187
149|149|149|149|149|149|149|149|149|149|149|149|149|149|149|149|149|149|149|149|149|149|149|149|149|149|149|149|149|149|149|149|149|149|149|149|149|149|149|149|149|149|149|149|149|149|149|149|149|149|149|149|149|149|149|149|149|149|149|149|149|149|149|149|149|149|149|149|149|149|149|149|149|149|149|149|149|149|149|149
Iteração que foi encontrado o Melhor Global: 0
Quantas vezes o Melhor Global foi alterado (Lembrando que a verificação na inicialização acumula nesse contador): 1
Particula Inicial do melhor global:
1,842264|1,685120|0,404343|0,324825|0,329933|0,345769|1,348330|1,927420|
Particula Final do melhor global:
1,842264|1,685120|0,404343|0,324825|0,329933|0,345769|1,348330|1,927420|
A melhor solução desse PSO é:
3 4 5 2 
6 1 0 7 
Quantidade de trocas de:3,000000
Makespan: 149,000000
