484|723|496|658|395|605|446|605|662|512|429|439|523|636|528|467|527|496|835|605|662|624|494|818|630|879|751|814|435|638|484|362|1090|642|644|620|561|662|487|561|903|944|873|450|666|759|764|362|427|447|727|521|362|699|942|429|573|567|703|508|433|498|644|668|539|692|731|895|747|429|481|609|626|470|609|492|494|433|470|620
295|295|295|295|295|295|295|295|295|295|295|295|295|295|295|295|295|295|295|295|295|295|295|295|295|295|295|295|295|295|295|295|295|295|295|295|295|295|295|295|295|295|295|295|295|295|295|295|295|295|295|295|295|295|295|295|295|295|295|295|295|295|295|295|295|295|295|295|295|295|295|295|295|295|295|295|295|295|295|295
Iteração que foi encontrado o Melhor Global: 2
Quantas vezes o Melhor Global foi alterado (Lembrando que a verificação na inicialização acumula nesse contador): 3
Particula Inicial do melhor global:
1,346049|1,485046|0,881219|1,458071|0,790964|1,274741|1,076774|1,253075|
Particula Final do melhor global:
1,447000|1,312603|0,497872|0,312115|1,540316|0,714644|0,840957|1,841736|
A melhor solução desse PSO é:
3 2 5 6 
1 0 4 7 
Quantidade de trocas de:7,000000
Makespan: 295,000000
