752|516|527|486|537|486|443|548|455|325|535|682|856|494|375|334|466|604|543|652|752|570|516|681|593|592|803|808|618|472|499|452|415|732|535|514|467|483|469|591|904|492|803|890|662|438|516|570|482|508|779|620|412|687|635|562|795|604|466|626|458|579|349|555|597|584|648|557|698|509|642|528|399|537|717|739|391|626|370|497
261|261|261|261|261|261|261|261|261|261|261|261|261|261|261|261|261|261|261|261|261|261|261|261|261|261|261|261|261|261|261|261|261|261|261|261|261|261|261|261|261|261|261|261|261|261|261|261|261|261|261|261|261|261|261|261|261|261|261|261|261|261|261|261|261|261|261|261|261|261|261|261|261|261|261|261|261|261|261|261
Iteração que foi encontrado o Melhor Global: 2
Quantas vezes o Melhor Global foi alterado (Lembrando que a verificação na inicialização acumula nesse contador): 3
Particula Inicial do melhor global:
1,019861|1,320626|0,275975|1,626105|0,448595|1,969713|1,918487|0,612878|
Particula Final do melhor global:
1,552621|1,363628|0,863308|1,769049|0,486597|0,191771|1,255915|0,778874|
A melhor solução desse PSO é:
5 4 7 2 
6 1 0 3 
Quantidade de trocas de:5,000000
Makespan: 261,000000
