618|261|557|511|472|549|652|445|645|805|363|779|466|381|885|800|787|508|682|507|627|375|402|545|597|761|683|369|425|696|556|451|458|584|453|780|618|723|579|778|773|679|387|399|834|380|436|779|509|337|567|570|609|691|561|480|635|542|466|487|497|511|458|535|665|472|514|438|592|934|621|834|864|674|307|648|584|621|523|567
261|261|261|261|261|261|261|261|261|261|261|261|261|261|261|261|261|261|261|261|261|261|261|261|261|261|261|261|261|261|261|261|261|261|261|261|261|261|261|261|261|261|261|261|261|261|261|261|261|261|261|261|261|261|261|261|261|261|261|261|261|261|261|261|261|261|261|261|261|261|261|261|261|261|261|261|261|261|261|261
Iteração que foi encontrado o Melhor Global: 0
Quantas vezes o Melhor Global foi alterado (Lembrando que a verificação na inicialização acumula nesse contador): 1
Particula Inicial do melhor global:
0,409557|0,086706|1,595376|0,836150|1,918574|1,735299|0,645418|1,955051|
Particula Final do melhor global:
0,409557|0,086706|1,595376|0,836150|1,918574|1,735299|0,645418|1,955051|
A melhor solução desse PSO é:
1 0 6 3 
2 5 4 7 
Quantidade de trocas de:5,000000
Makespan: 261,000000
