259|414|247|193|194|349|213|256|225|227|259|233|259|278|354|293|279|194|257|293|207|302|227|348|259|314|288|250|405|392|315|288|279|392|238|346|194|394|414|268|259|292|248|236|283|225|203|337|345|357|449|193|236|203|227|370|480|261|436|306|238|224|428|315|194|236|381|244|269|357|480|265|327|226|394|243|382|302|358|272
193|193|193|193|193|193|193|193|193|193|193|193|193|193|193|193|193|193|193|193|193|193|193|193|193|193|193|193|193|193|193|193|193|193|193|193|193|193|193|193|193|193|193|193|193|193|193|193|193|193|193|193|193|193|193|193|193|193|193|193|193|193|193|193|193|193|193|193|193|193|193|193|193|193|193|193|193|193|193|193
Iteração que foi encontrado o Melhor Global: 0
Quantas vezes o Melhor Global foi alterado (Lembrando que a verificação na inicialização acumula nesse contador): 1
Particula Inicial do melhor global:
1,985585|0,537209|1,665010|1,016729|0,755391|0,011141|0,845192|1,845061|
Particula Final do melhor global:
1,985585|0,537209|1,665010|1,016729|0,755391|0,011141|0,845192|1,845061|
A melhor solução desse PSO é:
5 1 4 6 
3 2 7 0 
Quantidade de trocas de:2,000000
Makespan: 193,000000
