114|103|164|171|123|108|179|184|119|186|105|104|145|130|129|149|153|108|113|174|119|139|148|111|187|145|179|168|108|146|119|113|177|133|119|104|117|150|150|112|110|173|117|129|119|121|119|178|116|149|151|177|144|126|144|126|146|114|114|153|129|112|126|110|134|164|141|113|123|192|109|148|126|123|129|183|179|144|139|114
102|102|102|102|102|102|102|102|102|102|102|102|102|102|102|102|102|102|102|102|102|102|102|102|102|102|102|102|102|102|102|102|102|102|102|102|102|102|102|102|102|102|102|102|102|102|102|102|102|102|102|102|102|102|102|102|102|102|102|102|102|102|102|102|102|102|102|102|102|102|102|102|102|102|102|102|102|102|102|102
Iteração que foi encontrado o Melhor Global: 1
Quantas vezes o Melhor Global foi alterado (Lembrando que a verificação na inicialização acumula nesse contador): 2
Particula Inicial do melhor global:
1,676915|0,781988|0,792468|0,820424|0,000816|1,405579|1,648860|1,579208|
Particula Final do melhor global:
1,650282|1,130087|0,732411|1,052391|1,845000|1,790280|0,399377|0,247912|
A melhor solução desse PSO é:
7 6 2 
3 1 0 5 4 
Quantidade de trocas de:12,000000
Makespan: 102,000000
