498|400|568|699|575|427|512|577|859|561|352|887|498|682|685|1003|780|487|496|877|488|670|433|670|506|458|741|751|636|613|522|861|723|539|445|494|400|818|542|490|620|644|421|575|822|640|425|567|522|672|697|757|721|613|849|523|794|523|620|421|642|429|784|358|551|528|683|875|522|555|492|946|794|425|753|727|685|790|796|901
295|295|295|295|295|295|295|295|295|295|295|295|295|295|295|295|295|295|295|295|295|295|295|295|295|295|295|295|295|295|295|295|295|295|295|295|295|295|295|295|295|295|295|295|295|295|295|295|295|295|295|295|295|295|295|295|295|295|295|295|295|295|295|295|295|295|295|295|295|295|295|295|295|295|295|295|295|295|295|295
Iteração que foi encontrado o Melhor Global: 19
Quantas vezes o Melhor Global foi alterado (Lembrando que a verificação na inicialização acumula nesse contador): 3
Particula Inicial do melhor global:
1,160301|0,160461|1,139314|1,748221|0,987585|1,076855|1,655303|1,731820|
Particula Final do melhor global:
1,559964|1,569202|0,483851|0,078961|1,537614|0,633081|0,672354|1,493072|
A melhor solução desse PSO é:
3 2 5 6 
7 4 0 1 
Quantidade de trocas de:7,000000
Makespan: 295,000000
