122|135|104|95|105|129|88|103|157|124|86|121|133|96|117|118|84|108|100|116|95|115|135|148|106|144|116|110|155|93|89|111|96|100|135|117|99|95|107|119|118|90|100|137|101|126|123|92|98|97|98|86|103|113|88|117|84|122|85|121|116|99|86|99|95|92|152|107|134|119|127|99|88|123|100|136|106|87|165|90
82|82|82|82|82|82|82|82|82|82|82|82|82|82|82|82|82|82|82|82|82|82|82|82|82|82|82|82|82|82|82|82|82|82|82|82|82|82|82|82|82|82|82|82|82|82|82|82|82|82|82|82|82|82|82|82|82|82|82|82|82|82|82|82|82|82|82|82|82|82|82|82|82|82|82|82|82|82|82|82
Iteração que foi encontrado o Melhor Global: 8
Quantas vezes o Melhor Global foi alterado (Lembrando que a verificação na inicialização acumula nesse contador): 3
Particula Inicial do melhor global:
0,202103|1,127888|1,991621|1,026296|0,448028|0,529202|0,066381|1,655267|
Particula Final do melhor global:
0,641569|1,228377|1,530405|1,512400|1,278943|1,396407|0,445162|0,702621|
A melhor solução desse PSO é:
6 0 7 
1 4 5 3 2 
Quantidade de trocas de:10,000000
Makespan: 82,000000
