147|114|122|144|126|107|163|123|153|209|154|120|150|109|122|125|124|109|160|111|154|112|142|139|174|118|184|128|123|173|184|108|143|125|141|119|123|123|139|122|171|114|113|134|116|153|131|151|118|153|147|142|120|156|180|139|106|111|127|107|145|131|131|140|165|142|124|109|152|144|165|115|113|146|137|140|125|131|109|113
102|102|102|102|102|102|102|102|102|102|102|102|102|102|102|102|102|102|102|102|102|102|102|102|102|102|102|102|102|102|102|102|102|102|102|102|102|102|102|102|102|102|102|102|102|102|102|102|102|102|102|102|102|102|102|102|102|102|102|102|102|102|102|102|102|102|102|102|102|102|102|102|102|102|102|102|102|102|102|102
Iteração que foi encontrado o Melhor Global: 9
Quantas vezes o Melhor Global foi alterado (Lembrando que a verificação na inicialização acumula nesse contador): 4
Particula Inicial do melhor global:
1,971587|1,262146|1,915357|1,657511|1,387918|0,430892|0,970151|0,762073|
Particula Final do melhor global:
1,334095|1,769746|0,884926|1,730269|1,346643|1,209449|0,907706|0,458979|
A melhor solução desse PSO é:
7 2 6 
5 0 4 3 1 
Quantidade de trocas de:12,000000
Makespan: 102,000000
