122|133|140|90|89|110|130|149|124|115|125|120|153|96|103|133|98|99|136|118|103|85|95|104|117|118|119|107|124|90|84|137|120|125|138|83|104|111|98|109|115|97|84|116|129|93|119|153|100|96|98|151|86|95|86|100|92|109|136|148|84|107|169|114|120|109|99|104|122|136|100|125|101|118|106|94|118|134|150|100
82|82|82|82|82|82|82|82|82|82|82|82|82|82|82|82|82|82|82|82|82|82|82|82|82|82|82|82|82|82|82|82|82|82|82|82|82|82|82|82|82|82|82|82|82|82|82|82|82|82|82|82|82|82|82|82|82|82|82|82|82|82|82|82|82|82|82|82|82|82|82|82|82|82|82|82|82|82|82|82
Iteração que foi encontrado o Melhor Global: 1
Quantas vezes o Melhor Global foi alterado (Lembrando que a verificação na inicialização acumula nesse contador): 2
Particula Inicial do melhor global:
0,271782|1,594787|1,614113|0,692418|0,503644|0,973714|1,813117|1,053348|
Particula Final do melhor global:
1,374676|1,737642|1,586827|0,048657|0,496634|1,707992|0,048698|0,407940|
A melhor solução desse PSO é:
3 6 7 4 
0 2 5 1 
Quantidade de trocas de:9,000000
Makespan: 82,000000
