100|170|114|105|91|100|86|97|151|99|94|137|165|136|152|108|103|111|104|121|134|92|100|93|83|147|98|107|121|104|146|134|130|110|94|84|117|102|122|98|144|84|87|99|100|109|101|146|134|117|139|91|85|91|99|105|134|94|106|102|91|97|108|135|88|136|139|99|101|84|137|122|135|87|83|138|121|106|96|134
82|82|82|82|82|82|82|82|82|82|82|82|82|82|82|82|82|82|82|82|82|82|82|82|82|82|82|82|82|82|82|82|82|82|82|82|82|82|82|82|82|82|82|82|82|82|82|82|82|82|82|82|83|82|82|82|82|82|82|82|82|82|82|82|82|82|82|82|82|82|82|82|82|82|82|82|82|82|82|82
Iteração que foi encontrado o Melhor Global: 1
Quantas vezes o Melhor Global foi alterado (Lembrando que a verificação na inicialização acumula nesse contador): 2
Particula Inicial do melhor global:
1,815747|0,284522|0,922530|1,499823|1,150680|1,730705|0,676319|0,693919|
Particula Final do melhor global:
1,109956|1,966274|1,655692|0,406652|0,956831|1,729221|0,135039|0,812944|
A melhor solução desse PSO é:
6 3 7 4 
0 2 5 1 
Quantidade de trocas de:10,000000
Makespan: 82,000000
