273|216|228|279|180|289|279|262|286|255|289|220|231|195|225|226|192|352|371|199|225|252|307|389|270|268|282|240|231|204|256|272|206|234|258|189|186|325|199|201|274|297|304|215|200|248|180|315|247|262|188|216|392|204|280|283|210|307|224|225|195|207|203|292|180|270|270|192|225|261|279|228|315|365|239|240|247|216|271|176
165|165|165|165|165|165|165|165|165|165|165|165|165|165|165|165|165|165|165|165|165|165|165|165|165|165|165|165|165|165|165|165|165|165|165|165|165|165|165|165|165|165|165|165|165|165|165|165|165|165|165|165|165|165|165|165|165|165|165|165|165|165|165|165|165|165|165|165|165|165|165|165|165|165|165|165|165|165|165|165
Iteração que foi encontrado o Melhor Global: 3
Quantas vezes o Melhor Global foi alterado (Lembrando que a verificação na inicialização acumula nesse contador): 3
Particula Inicial do melhor global:
1,072590|0,932320|1,028936|1,491790|1,793961|1,424775|0,991083|1,382099|
Particula Final do melhor global:
0,813720|0,747223|1,771497|0,757900|1,196441|1,419777|0,441384|1,168775|
A melhor solução desse PSO é:
6 1 3 0 
7 4 5 2 
Quantidade de trocas de:5,000000
Makespan: 165,000000
