213|266|202|152|159|181|235|205|156|155|268|208|198|189|206|182|214|181|244|181|235|154|195|217|201|167|165|218|216|176|234|234|196|181|183|266|244|174|208|158|244|241|170|163|218|217|181|217|269|239|176|204|172|247|211|190|188|224|219|181|200|206|181|258|204|204|213|190|210|214|247|246|227|215|303|229|172|186|215|195
145|145|145|145|145|147|145|145|145|145|145|145|145|145|145|147|145|145|145|145|145|145|145|145|145|145|145|147|147|145|145|145|145|145|145|145|145|145|145|147|145|145|145|145|145|145|145|145|145|145|145|147|145|145|145|145|145|145|145|145|145|145|145|145|147|145|145|145|145|145|145|145|145|145|145|145|145|145|147|145
Iteração que foi encontrado o Melhor Global: 52
Quantas vezes o Melhor Global foi alterado (Lembrando que a verificação na inicialização acumula nesse contador): 4
Particula Inicial do melhor global:
0,308166|1,008073|1,184398|0,526581|1,951107|0,915076|1,713243|1,113271|
Particula Final do melhor global:
0,824743|1,707582|1,468744|0,888616|1,910355|0,802679|0,829319|1,638354|
A melhor solução desse PSO é:
5 0 6 3 
2 7 1 4 
Quantidade de trocas de:17,000000
Makespan: 145,000000
