161|147|261|214|179|140|166|158|142|233|189|145|147|136|144|241|141|138|156|168|225|224|168|177|191|166|158|206|139|154|150|179|143|203|154|151|137|218|182|197|166|216|139|234|239|157|144|159|153|158|138|219|141|195|169|208|202|213|282|236|152|155|144|234|224|155|271|184|154|194|145|184|141|217|200|137|177|197|201|177
136|135|135|135|136|136|136|135|135|135|135|135|135|135|135|135|135|136|135|136|135|135|135|135|135|135|136|136|135|135|136|136|135|135|135|135|136|135|135|135|135|135|136|136|135|135|135|135|136|135|136|135|135|135|135|135|135|135|135|135|135|136|135|135|135|135|135|135|135|135|135|135|136|135|135|135|135|135|135|135
Iteração que foi encontrado o Melhor Global: 94
Quantas vezes o Melhor Global foi alterado (Lembrando que a verificação na inicialização acumula nesse contador): 2
Particula Inicial do melhor global:
1,037286|1,183001|0,240046|1,568795|0,390031|0,434355|0,546057|1,578370|
Particula Final do melhor global:
1,727240|1,590329|0,299772|1,965761|1,105427|0,994941|1,047140|0,926350|
A melhor solução desse PSO é:
2 7 5 
6 4 1 0 3 
Quantidade de trocas de:9,000000
Makespan: 135,000000
