269|406|204|281|368|314|224|336|288|272|288|313|415|235|288|289|394|325|236|371|314|261|358|294|226|392|315|326|405|203|203|288|193|312|288|225|243|255|257|393|259|294|282|381|292|346|437|322|424|225|394|248|226|381|382|245|358|269|225|236|326|282|259|315|225|258|318|238|283|338|246|301|272|346|250|288|339|325|283|335
193|193|193|193|193|193|193|193|193|193|193|193|193|193|193|193|193|193|193|193|193|193|193|193|193|193|193|193|193|193|193|193|193|193|193|193|193|193|193|193|193|193|193|193|193|193|193|193|193|193|193|193|193|193|193|193|193|193|193|193|193|193|193|193|193|193|193|193|193|193|193|193|193|193|193|193|193|193|193|193
Iteração que foi encontrado o Melhor Global: 0
Quantas vezes o Melhor Global foi alterado (Lembrando que a verificação na inicialização acumula nesse contador): 1
Particula Inicial do melhor global:
1,739524|0,394367|1,793947|0,615133|1,994690|1,508801|0,700990|1,118437|
Particula Final do melhor global:
1,739524|0,394367|1,793947|0,615133|1,994690|1,508801|0,700990|1,118437|
A melhor solução desse PSO é:
1 3 6 
7 5 0 2 4 
Quantidade de trocas de:3,000000
Makespan: 193,000000
