233|156|243|176|208|162|209|222|189|261|200|208|188|251|200|228|233|172|173|212|209|164|185|299|317|212|154|187|195|253|278|163|195|301|212|191|190|231|233|240|258|263|222|175|270|154|168|215|196|209|256|237|208|173|173|178|166|272|167|216|196|168|161|196|186|164|155|270|209|232|176|176|212|237|213|251|232|154|209|297
149|149|149|149|149|149|149|149|149|149|149|149|149|149|149|149|149|149|149|149|149|149|149|149|149|149|149|149|149|149|149|149|149|149|149|149|149|149|149|149|149|149|149|149|149|149|149|149|149|149|149|149|149|149|149|149|149|149|149|149|149|149|149|149|149|149|149|149|149|149|149|149|149|149|149|149|149|149|149|149
Iteração que foi encontrado o Melhor Global: 6
Quantas vezes o Melhor Global foi alterado (Lembrando que a verificação na inicialização acumula nesse contador): 5
Particula Inicial do melhor global:
1,674035|1,466367|1,929684|1,366740|1,711999|0,772859|1,572565|1,014408|
Particula Final do melhor global:
1,608049|1,219848|0,501905|0,552025|0,785790|0,369294|1,163440|1,118650|
A melhor solução desse PSO é:
5 2 3 4 
7 6 1 0 
Quantidade de trocas de:3,000000
Makespan: 149,000000
