261|335|350|283|247|413|334|276|358|299|398|362|483|266|306|283|431|288|273|294|400|361|388|323|448|273|333|345|286|251|259|274|341|299|429|299|309|449|425|515|458|252|367|332|268|445|278|304|358|275|238|290|518|253|269|253|357|333|500|337|314|251|343|441|345|275|284|242|248|297|326|474|368|289|473|318|279|252|298|301
213|213|213|213|213|213|213|213|213|213|213|213|213|213|213|213|213|213|213|213|213|213|213|213|213|213|213|228|213|213|213|213|213|213|213|213|213|213|213|213|213|213|213|213|213|213|213|213|213|213|213|213|213|213|213|213|213|213|213|213|213|213|213|213|213|213|213|213|213|213|213|213|222|213|213|213|213|213|213|213
Iteração que foi encontrado o Melhor Global: 22
Quantas vezes o Melhor Global foi alterado (Lembrando que a verificação na inicialização acumula nesse contador): 6
Particula Inicial do melhor global:
1,338160|1,566461|0,811966|1,732575|0,256666|1,443397|0,349469|0,661584|
Particula Final do melhor global:
1,858089|1,850147|0,828063|1,668850|1,494483|0,391157|0,742014|0,901760|
A melhor solução desse PSO é:
5 6 2 7 
4 3 1 0 
Quantidade de trocas de:11,000000
Makespan: 213,000000
