492|708|492|433|864|514|878|514|597|856|472|817|507|391|438|463|752|416|481|437|779|570|572|409|628|843|402|471|645|653|424|543|519|596|460|466|648|519|609|307|453|412|662|453|654|441|506|917|441|575|571|653|834|626|597|592|419|444|625|492|665|717|419|527|485|653|525|492|1072|947|331|559|676|390|516|564|523|506|458|375
261|261|261|261|261|261|261|261|261|261|261|261|261|261|261|261|261|261|261|261|261|261|261|261|261|261|261|261|261|261|261|261|261|261|261|261|261|261|261|261|261|261|261|261|261|261|261|261|261|261|261|261|261|261|261|261|261|261|261|261|261|261|261|261|261|261|261|261|261|261|261|261|261|261|261|261|261|261|261|261
Iteração que foi encontrado o Melhor Global: 1
Quantas vezes o Melhor Global foi alterado (Lembrando que a verificação na inicialização acumula nesse contador): 2
Particula Inicial do melhor global:
0,867652|0,834010|0,052243|1,172296|1,629592|0,491443|0,923774|1,161714|
Particula Final do melhor global:
0,664742|0,670979|1,700811|0,576708|1,605065|1,107329|0,530003|1,672792|
A melhor solução desse PSO é:
6 3 0 1 
5 4 7 2 
Quantidade de trocas de:5,000000
Makespan: 261,000000
