731|533|543|693|358|561|759|352|1092|626|523|474|759|555|818|465|496|573|377|690|527|796|814|400|496|362|509|849|362|383|494|644|561|636|498|553|555|808|607|492|568|532|512|490|492|476|603|770|573|459|692|494|460|383|624|581|484|463|502|532|948|668|883|638|689|551|751|524|370|506|421|762|1029|445|459|544|747|463|421|561
331|295|337|295|295|295|295|295|295|295|295|295|295|295|295|301|295|295|295|295|295|295|295|295|295|295|295|295|295|295|295|295|295|295|295|295|295|295|295|295|295|295|295|295|295|295|295|295|295|295|295|295|295|295|295|295|295|295|295|295|295|295|295|295|295|295|295|295|295|295|295|332|295|295|295|295|295|295|295|295
Iteração que foi encontrado o Melhor Global: 12
Quantas vezes o Melhor Global foi alterado (Lembrando que a verificação na inicialização acumula nesse contador): 2
Particula Inicial do melhor global:
0,825564|0,588288|0,516055|1,765930|0,804746|1,142086|1,923680|0,637812|
Particula Final do melhor global:
0,959046|0,747264|1,137090|1,249796|0,834099|1,141291|1,776025|0,770438|
A melhor solução desse PSO é:
1 7 4 0 
2 5 3 6 
Quantidade de trocas de:7,000000
Makespan: 295,000000
