105|147|125|107|172|107|94|103|122|98|95|144|101|93|149|116|156|92|91|98|120|102|137|109|125|97|121|95|122|139|116|153|117|178|100|158|134|150|94|92|115|100|98|100|102|136|123|125|148|128|108|98|118|120|149|92|96|98|106|91|100|94|129|93|144|93|114|119|139|119|135|88|133|145|97|91|112|113|121|119
87|87|87|87|87|87|87|87|87|87|87|87|87|87|87|87|87|87|87|87|87|88|87|87|87|87|87|87|87|87|87|87|87|87|87|87|87|87|87|87|87|87|87|87|87|87|87|87|87|87|87|87|87|87|87|87|87|87|87|87|87|87|87|87|87|87|87|87|87|87|87|87|87|87|87|87|87|87|87|87
Iteração que foi encontrado o Melhor Global: 72
Quantas vezes o Melhor Global foi alterado (Lembrando que a verificação na inicialização acumula nesse contador): 2
Particula Inicial do melhor global:
0,407818|1,991992|0,108123|0,146879|0,115331|0,141249|1,350019|1,684142|
Particula Final do melhor global:
0,113316|1,399069|1,198837|1,701072|1,594073|1,708297|0,753012|0,680387|
A melhor solução desse PSO é:
0 7 6 
2 1 4 3 5 
Quantidade de trocas de:18,000000
Makespan: 87,000000
