110|111|153|186|148|92|105|164|142|163|96|149|132|126|112|91|111|107|143|107|100|106|147|118|139|177|101|115|106|118|157|119|111|156|92|112|109|128|96|95|125|90|99|140|149|118|113|115|99|126|88|94|123|102|127|126|113|186|115|128|118|159|111|98|138|135|99|149|107|132|94|179|120|111|117|123|148|128|181|134
87|87|87|87|87|87|87|87|87|87|87|87|87|87|87|87|87|87|87|87|87|87|87|87|87|87|87|87|87|87|87|87|87|87|87|87|87|87|87|87|87|87|87|87|87|87|87|87|87|87|87|87|87|87|87|87|87|87|87|87|87|87|87|87|87|87|87|87|87|87|87|87|87|87|87|87|87|88|87|87
Iteração que foi encontrado o Melhor Global: 54
Quantas vezes o Melhor Global foi alterado (Lembrando que a verificação na inicialização acumula nesse contador): 2
Particula Inicial do melhor global:
0,958740|1,925171|0,966431|0,965313|0,612130|1,255214|1,192376|1,627675|
Particula Final do melhor global:
1,143098|0,320753|0,144622|0,772197|0,491470|0,693878|1,128545|1,697342|
A melhor solução desse PSO é:
2 1 4 5 3 
6 0 7 
Quantidade de trocas de:18,000000
Makespan: 87,000000
