622|628|749|706|714|677|1052|933|706|672|1083|804|782|543|775|649|622|650|906|417|888|600|883|805|760|593|736|576|857|708|776|649|838|805|831|574|876|932|642|449|855|648|984|908|921|976|760|852|745|963|692|1115|826|736|664|977|1291|593|545|1385|987|598|669|536|758|814|649|624|673|626|537|870|832|763|651|400|578|577|648|850
350|350|350|350|350|350|350|350|350|350|350|350|350|350|350|374|350|350|350|350|350|350|350|350|350|350|350|350|350|350|350|350|350|350|350|350|350|350|350|350|350|350|350|350|350|350|350|374|350|350|350|350|350|350|350|350|350|350|350|350|350|350|350|350|350|350|350|350|350|350|350|350|350|350|350|374|350|350|350|350
Iteração que foi encontrado o Melhor Global: 4
Quantas vezes o Melhor Global foi alterado (Lembrando que a verificação na inicialização acumula nesse contador): 3
Particula Inicial do melhor global:
0,115995|0,578528|0,994926|0,724712|0,106977|1,337911|1,793263|0,052966|
Particula Final do melhor global:
1,816285|1,059047|0,367773|1,646837|0,884149|0,850238|0,665873|1,369962|
A melhor solução desse PSO é:
2 6 5 4 
1 7 3 0 
Quantidade de trocas de:8,000000
Makespan: 350,000000
