439|293|319|315|347|250|247|394|319|250|315|316|408|297|373|233|405|250|349|258|253|288|344|394|287|408|298|259|428|355|294|270|414|439|309|298|408|285|312|280|496|387|376|390|261|344|366|314|384|335|417|318|329|263|381|293|365|357|311|374|490|401|293|400|260|305|301|292|250|399|252|337|290|327|409|384|291|244|334|332
213|213|213|213|213|213|213|213|213|213|213|213|213|213|213|213|213|213|213|213|213|213|213|213|213|213|213|213|213|213|213|213|213|213|213|213|213|213|222|213|213|213|213|213|213|213|213|213|213|213|213|213|213|213|213|213|213|213|213|213|213|213|213|213|213|213|213|222|213|213|213|213|213|213|213|213|213|213|213|213
Iteração que foi encontrado o Melhor Global: 8
Quantas vezes o Melhor Global foi alterado (Lembrando que a verificação na inicialização acumula nesse contador): 4
Particula Inicial do melhor global:
0,605216|1,150240|1,171393|1,886812|1,015759|0,872892|1,050854|1,620156|
Particula Final do melhor global:
0,147768|0,202427|1,624607|0,165479|0,778183|1,021172|1,221419|1,708638|
A melhor solução desse PSO é:
0 3 1 4 
5 6 2 7 
Quantidade de trocas de:11,000000
Makespan: 213,000000
