143|122|131|120|185|100|121|109|117|192|172|155|122|171|147|147|151|106|136|116|132|103|146|174|133|109|154|112|105|167|115|125|99|138|134|151|108|162|134|140|124|139|129|116|117|134|125|160|104|140|104|137|145|100|113|112|148|147|151|110|102|133|177|137|109|147|133|179|116|157|118|105|125|163|104|103|104|133|193|116
98|98|98|98|98|98|98|98|98|98|98|98|98|98|98|98|98|98|98|98|98|99|98|98|98|98|98|98|98|98|98|98|98|98|98|98|98|98|98|98|98|98|98|98|98|98|98|98|98|98|98|98|98|98|98|98|98|98|98|98|98|98|98|98|98|98|98|98|98|98|98|98|98|98|98|98|98|98|98|98
Iteração que foi encontrado o Melhor Global: 23
Quantas vezes o Melhor Global foi alterado (Lembrando que a verificação na inicialização acumula nesse contador): 2
Particula Inicial do melhor global:
1,006238|1,360102|0,115826|0,730912|1,724617|1,128781|1,892793|0,470200|
Particula Final do melhor global:
0,406033|1,400241|1,989934|1,697116|0,467453|0,407543|1,353715|0,969158|
A melhor solução desse PSO é:
0 5 4 7 
6 1 3 2 
Quantidade de trocas de:8,000000
Makespan: 98,000000
