112|107|112|144|158|126|144|143|130|148|145|167|110|175|133|123|172|187|114|140|112|120|144|153|111|120|149|207|114|137|175|106|107|111|147|109|109|115|143|172|129|151|123|138|110|148|117|120|121|118|184|207|106|145|151|117|135|151|183|159|113|127|125|125|117|142|111|154|150|137|212|182|112|128|156|121|156|151|105|110
102|102|102|102|102|102|102|102|102|102|102|102|102|102|102|102|102|102|102|102|102|102|102|102|102|102|102|102|102|102|102|102|102|102|102|102|102|102|102|102|102|102|102|102|102|102|102|102|102|102|102|102|102|102|102|102|102|102|102|102|102|102|102|102|102|102|102|102|102|102|102|102|102|102|102|102|102|102|102|102
Iteração que foi encontrado o Melhor Global: 6
Quantas vezes o Melhor Global foi alterado (Lembrando que a verificação na inicialização acumula nesse contador): 4
Particula Inicial do melhor global:
0,049058|0,230000|1,252043|0,988499|0,402170|0,926481|0,649884|0,101006|
Particula Final do melhor global:
1,891263|1,168893|0,750224|1,112832|1,069925|1,459780|0,111049|0,853691|
A melhor solução desse PSO é:
6 2 7 
4 3 1 5 0 
Quantidade de trocas de:12,000000
Makespan: 102,000000
