226|226|149|193|153|199|161|203|269|196|281|336|188|201|209|231|207|170|163|163|187|164|201|207|219|165|208|226|177|172|186|163|253|200|215|168|267|182|162|166|221|151|166|181|162|188|221|278|245|187|195|186|206|156|185|175|203|169|257|189|186|177|233|166|219|209|158|200|233|172|226|203|231|226|172|241|201|229|232|293
149|149|149|149|149|149|149|149|149|149|149|149|149|149|149|149|149|149|149|149|149|149|149|149|149|149|149|149|149|149|149|149|149|149|149|149|149|149|149|149|149|149|149|149|149|149|149|149|149|149|149|149|149|149|149|149|149|149|149|149|149|149|149|149|149|149|149|149|149|149|149|149|149|149|149|149|149|149|149|149
Iteração que foi encontrado o Melhor Global: 0
Quantas vezes o Melhor Global foi alterado (Lembrando que a verificação na inicialização acumula nesse contador): 1
Particula Inicial do melhor global:
1,792341|1,942230|0,411549|0,442945|0,605160|0,398542|1,024962|1,019872|
Particula Final do melhor global:
1,792341|1,942230|0,411549|0,442945|0,605160|0,398542|1,024962|1,019872|
A melhor solução desse PSO é:
5 2 3 4 
7 6 0 1 
Quantidade de trocas de:3,000000
Makespan: 149,000000
