381|282|394|250|324|233|213|236|235|312|324|349|436|324|301|263|225|324|231|259|240|265|245|314|225|424|268|279|368|327|288|289|282|344|193|259|272|345|235|379|414|223|233|270|249|354|235|354|194|235|259|359|265|437|368|203|282|300|283|236|236|381|265|379|257|383|348|379|326|502|411|260|354|290|303|227|256|416|289|359
193|193|193|193|193|193|193|193|193|193|193|193|193|193|193|193|193|193|193|193|193|193|193|193|193|193|193|193|193|193|193|193|193|193|193|193|193|193|193|193|193|193|193|193|193|193|193|193|193|193|193|193|193|193|193|193|193|193|193|193|193|193|193|193|193|193|193|193|193|193|193|193|193|193|193|193|193|193|193|193
Iteração que foi encontrado o Melhor Global: 0
Quantas vezes o Melhor Global foi alterado (Lembrando que a verificação na inicialização acumula nesse contador): 1
Particula Inicial do melhor global:
0,748461|1,177614|0,717593|1,659990|0,635973|0,244559|1,631886|0,922238|
Particula Final do melhor global:
0,748461|1,177614|0,717593|1,659990|0,635973|0,244559|1,631886|0,922238|
A melhor solução desse PSO é:
5 4 2 0 7 
1 6 3 
Quantidade de trocas de:3,000000
Makespan: 193,000000
