128|160|156|119|142|127|143|133|167|114|116|123|105|108|117|132|150|127|130|131|137|146|128|147|120|207|150|186|123|107|126|159|184|152|114|176|112|116|133|157|110|122|138|115|118|123|107|129|106|179|145|181|119|108|109|119|192|183|118|145|137|141|129|119|111|169|125|113|180|143|158|151|183|162|140|148|204|119|120|148
102|102|102|102|102|102|102|102|102|102|102|102|102|104|102|102|102|102|102|102|102|102|102|102|102|102|102|102|102|102|102|102|102|102|102|102|102|102|102|102|102|102|102|102|102|102|102|102|102|102|102|102|102|102|102|102|102|102|102|102|102|102|102|102|102|102|102|102|102|102|102|102|102|102|102|102|102|102|102|102
Iteração que foi encontrado o Melhor Global: 1
Quantas vezes o Melhor Global foi alterado (Lembrando que a verificação na inicialização acumula nesse contador): 2
Particula Inicial do melhor global:
1,183659|0,802258|0,777685|0,752120|0,984785|1,628063|0,777039|1,742789|
Particula Final do melhor global:
1,153956|1,254410|0,980098|1,509709|1,015345|1,060633|0,914721|0,583169|
A melhor solução desse PSO é:
7 6 2 
4 5 0 1 3 
Quantidade de trocas de:11,000000
Makespan: 102,000000
