139|169|148|110|119|142|196|119|173|137|173|122|104|154|142|141|127|182|108|138|182|148|156|173|147|140|143|108|153|155|110|104|186|100|99|146|152|107|151|156|125|157|111|126|106|144|141|136|151|107|106|104|164|104|126|124|199|165|126|110|142|147|132|143|154|134|124|142|116|155|143|100|177|135|158|124|196|165|156|136
98|98|98|98|98|98|98|98|98|98|98|98|98|98|98|98|98|98|98|98|98|98|98|98|98|98|98|98|98|98|98|98|98|98|98|98|98|98|98|98|98|98|98|98|98|98|98|98|98|98|98|98|98|98|98|98|98|98|98|98|98|98|98|98|98|98|98|98|98|98|98|98|98|98|98|98|98|98|98|98
Iteração que foi encontrado o Melhor Global: 1
Quantas vezes o Melhor Global foi alterado (Lembrando que a verificação na inicialização acumula nesse contador): 2
Particula Inicial do melhor global:
1,132782|0,748340|1,412988|0,353706|0,051592|1,927532|0,457855|1,150101|
Particula Final do melhor global:
1,132288|0,223751|0,733329|0,292472|1,879204|1,792765|0,141394|1,261942|
A melhor solução desse PSO é:
6 1 3 2 
0 7 5 4 
Quantidade de trocas de:8,000000
Makespan: 98,000000
