334|319|210|204|249|210|262|247|210|198|216|183|346|216|328|226|208|253|208|285|262|279|243|216|253|289|401|225|262|311|208|307|256|298|329|192|244|189|197|240|281|206|307|253|204|272|274|262|313|234|206|256|221|365|192|197|194|271|310|207|225|259|289|246|262|204|203|201|259|240|237|204|249|189|225|195|247|264|233|206
165|165|165|165|165|165|165|165|165|165|165|165|165|165|165|165|165|165|165|165|165|165|165|165|165|165|165|165|165|165|165|165|165|165|165|165|165|165|165|165|165|165|165|165|165|165|165|165|165|165|165|165|165|165|165|165|165|165|165|165|165|165|165|165|165|165|165|165|165|165|165|165|165|165|165|165|165|165|165|165
Iteração que foi encontrado o Melhor Global: 1
Quantas vezes o Melhor Global foi alterado (Lembrando que a verificação na inicialização acumula nesse contador): 2
Particula Inicial do melhor global:
0,715094|0,187081|1,092118|0,927058|0,785664|0,019562|1,479634|0,264891|
Particula Final do melhor global:
0,482434|0,475290|1,164065|0,885168|1,652979|1,191131|0,233903|1,580536|
A melhor solução desse PSO é:
6 1 0 3 
2 5 7 4 
Quantidade de trocas de:5,000000
Makespan: 165,000000
