705|688|970|833|933|682|724|726|643|669|962|775|730|1064|827|938|750|474|846|881|673|643|537|607|567|855|575|567|513|1032|820|775|625|732|786|500|448|469|881|622|776|881|986|862|1003|786|758|856|726|826|1033|737|913|623|593|814|720|526|581|705|605|647|726|777|937|776|575|581|626|697|605|636|538|530|614|675|933|831|661|946
350|350|350|350|350|350|350|350|350|350|350|350|350|350|374|350|350|350|350|350|350|350|350|350|350|350|350|350|350|350|350|350|350|350|350|350|350|350|350|350|350|350|350|350|350|350|350|350|350|350|350|350|350|350|350|350|350|374|350|350|350|374|350|350|350|350|350|350|350|350|350|350|350|350|350|350|350|350|350|350
Iteração que foi encontrado o Melhor Global: 82
Quantas vezes o Melhor Global foi alterado (Lembrando que a verificação na inicialização acumula nesse contador): 4
Particula Inicial do melhor global:
1,081513|0,783627|0,763987|0,572431|0,008335|0,570778|1,473735|1,823216|
Particula Final do melhor global:
0,720996|0,139457|1,331460|0,683715|1,039100|1,323184|1,765169|0,579517|
A melhor solução desse PSO é:
1 7 3 0 
4 5 2 6 
Quantidade de trocas de:8,000000
Makespan: 350,000000
