1076|352|642|575|553|542|561|555|595|488|443|492|603|567|960|751|447|640|465|735|926|784|592|433|575|490|528|609|796|480|433|815|476|666|443|557|523|488|871|555|557|616|362|619|505|397|678|383|443|1021|509|766|759|812|1072|701|686|624|960|555|555|498|755|523|857|897|662|561|463|465|751|557|443|636|897|699|707|940|810|475
295|295|295|295|295|295|295|295|295|295|295|295|295|295|295|295|295|295|295|295|295|295|295|295|295|295|295|295|295|295|295|295|295|295|295|295|295|295|295|295|295|295|295|295|295|295|295|295|295|295|295|295|295|295|295|295|295|295|295|295|295|295|295|295|295|295|295|295|295|295|295|295|295|295|295|295|295|295|295|295
Iteração que foi encontrado o Melhor Global: 1
Quantas vezes o Melhor Global foi alterado (Lembrando que a verificação na inicialização acumula nesse contador): 2
Particula Inicial do melhor global:
0,487023|0,948356|1,239220|0,005166|1,805917|0,121273|0,953576|0,848565|
Particula Final do melhor global:
1,284049|1,596540|0,105097|0,330263|1,309599|0,271453|0,899069|1,994222|
A melhor solução desse PSO é:
2 5 3 6 
0 4 1 7 
Quantidade de trocas de:7,000000
Makespan: 295,000000
