165|168|152|189|195|177|185|138|180|172|192|156|169|282|145|162|280|148|157|213|210|141|159|181|183|154|183|191|140|177|211|145|186|177|166|204|159|139|199|200|145|159|184|168|175|175|159|195|190|181|174|141|246|243|147|186|239|192|142|146|202|138|170|246|141|196|188|185|143|192|236|206|187|174|203|139|202|155|149|150
135|135|135|135|135|135|135|135|135|135|135|135|136|135|135|135|135|135|135|136|135|135|135|135|135|135|135|135|135|135|135|135|135|136|135|135|135|135|135|135|135|136|135|135|135|135|135|135|135|135|135|135|135|135|135|135|135|136|135|135|135|135|135|135|135|135|135|135|135|135|135|135|135|135|135|135|136|135|135|136
Iteração que foi encontrado o Melhor Global: 71
Quantas vezes o Melhor Global foi alterado (Lembrando que a verificação na inicialização acumula nesse contador): 3
Particula Inicial do melhor global:
1,925141|0,559740|1,857172|1,201552|0,208417|1,397390|1,260398|0,761383|
Particula Final do melhor global:
0,784765|0,032080|1,554060|0,880347|0,487739|1,062975|0,898379|1,348731|
A melhor solução desse PSO é:
1 4 0 3 6 
5 7 2 
Quantidade de trocas de:9,000000
Makespan: 135,000000
