207|365|246|347|208|262|242|274|274|192|207|322|224|198|291|283|289|273|225|197|335|365|298|271|225|212|197|204|210|328|188|310|208|180|206|197|199|225|197|261|277|217|237|215|225|206|240|244|301|253|224|247|320|206|297|272|273|186|231|261|291|203|198|204|273|204|262|288|265|198|240|206|222|249|282|201|203|237|244|189
165|165|165|165|165|165|165|165|165|165|165|165|165|165|165|165|165|165|165|165|165|165|165|165|165|165|165|165|165|165|165|165|165|165|165|165|165|165|165|165|165|165|165|165|165|165|165|165|165|165|165|165|165|165|165|165|165|165|165|165|165|165|165|165|165|165|165|165|165|165|165|165|165|165|165|165|165|165|165|165
Iteração que foi encontrado o Melhor Global: 1
Quantas vezes o Melhor Global foi alterado (Lembrando que a verificação na inicialização acumula nesse contador): 2
Particula Inicial do melhor global:
1,991301|1,396347|0,752874|1,906198|1,014046|0,234459|1,538315|0,760825|
Particula Final do melhor global:
1,255809|1,230628|0,110812|1,702687|0,944136|0,820148|1,573972|0,166122|
A melhor solução desse PSO é:
2 7 5 4 
1 0 6 3 
Quantidade de trocas de:5,000000
Makespan: 165,000000
