328|226|222|168|156|226|234|221|234|164|210|238|190|200|164|201|155|203|195|190|183|226|207|265|167|197|185|267|167|293|190|177|186|240|226|152|189|222|214|201|174|253|174|226|188|220|199|205|159|186|190|304|164|245|270|248|175|201|209|214|196|169|206|194|230|159|222|253|205|172|247|176|289|176|183|190|210|195|167|336
149|149|149|149|149|149|149|149|149|149|149|149|149|149|149|149|149|149|149|149|149|149|149|149|149|149|149|149|149|149|149|149|149|149|149|149|149|149|149|149|149|149|149|149|149|149|149|149|149|149|149|149|149|149|149|149|149|149|149|149|149|149|149|149|149|149|149|149|149|149|149|149|149|149|149|149|149|149|149|149
Iteração que foi encontrado o Melhor Global: 2
Quantas vezes o Melhor Global foi alterado (Lembrando que a verificação na inicialização acumula nesse contador): 3
Particula Inicial do melhor global:
1,749680|0,391021|1,875537|0,713979|1,899512|0,942256|0,414135|0,383780|
Particula Final do melhor global:
0,910018|0,690469|1,243818|1,727560|1,809067|1,024071|0,809168|0,460846|
A melhor solução desse PSO é:
7 1 6 0 
5 2 3 4 
Quantidade de trocas de:3,000000
Makespan: 149,000000
