543|640|607|766|536|539|455|811|603|770|477|804|1023|581|506|561|689|634|627|638|532|619|400|508|897|1086|796|449|605|421|881|717|790|752|573|575|832|766|591|689|418|630|753|498|677|508|526|942|571|676|627|833|655|421|1072|505|484|672|364|672|571|595|572|879|488|543|433|599|555|687|624|885|638|745|516|522|658|609|679|537
295|295|295|295|295|295|295|295|295|295|295|295|295|295|295|295|295|295|295|295|295|295|295|295|295|295|295|295|295|295|295|295|295|295|295|295|295|295|295|295|295|295|295|295|295|295|295|295|295|295|295|295|295|295|295|295|295|295|295|295|295|295|295|295|295|295|295|295|295|295|295|295|295|295|295|295|295|295|295|295
Iteração que foi encontrado o Melhor Global: 8
Quantas vezes o Melhor Global foi alterado (Lembrando que a verificação na inicialização acumula nesse contador): 3
Particula Inicial do melhor global:
1,489950|1,854263|1,032211|0,942622|0,765340|0,787731|0,224852|1,459042|
Particula Final do melhor global:
1,182828|1,818196|0,398454|0,839971|1,267817|0,689725|0,980104|1,702320|
A melhor solução desse PSO é:
2 5 3 6 
0 4 7 1 
Quantidade de trocas de:7,000000
Makespan: 295,000000
