131|203|105|110|105|105|121|149|117|138|112|191|129|135|117|159|193|189|107|100|102|141|129|161|122|105|121|140|110|135|150|126|108|122|162|189|190|147|142|178|155|120|137|100|184|134|174|122|136|144|174|99|108|104|178|195|165|146|104|138|102|161|182|113|151|113|129|161|140|146|190|130|112|113|148|157|99|101|159|126
98|99|98|99|99|98|99|98|98|98|99|98|99|98|99|99|99|99|99|98|99|98|99|99|98|99|99|98|99|99|98|99|99|98|98|98|99|99|99|98|99|98|99|98|98|98|98|98|99|99|98|99|98|98|99|99|99|99|99|98|99|98|99|98|99|98|99|98|99|99|99|98|98|98|98|99|98|98|99|98
Iteração que foi encontrado o Melhor Global: 39
Quantas vezes o Melhor Global foi alterado (Lembrando que a verificação na inicialização acumula nesse contador): 2
Particula Inicial do melhor global:
1,750081|1,802915|1,209885|1,771851|1,095551|0,643551|1,120679|1,860963|
Particula Final do melhor global:
0,938076|1,042010|1,076818|1,062485|1,728969|1,923702|0,098788|1,606516|
A melhor solução desse PSO é:
6 0 
1 3 2 7 4 5 
Quantidade de trocas de:6,000000
Makespan: 98,000000
