181|167|194|196|144|147|181|193|197|157|142|186|166|157|154|196|177|192|158|184|206|153|196|252|167|157|220|180|151|185|147|163|142|198|141|235|203|146|225|223|206|219|232|135|174|148|196|139|146|177|196|148|147|175|174|147|191|163|151|161|141|196|242|184|149|200|147|237|181|193|142|188|147|214|191|140|213|141|168|146
135|135|135|135|135|135|135|135|135|135|135|135|135|135|135|135|136|135|135|135|135|135|135|135|135|135|135|135|135|135|135|135|135|135|135|135|135|135|135|135|135|135|135|135|135|135|135|135|135|135|135|135|135|135|135|135|135|135|135|135|135|135|135|135|135|135|135|135|135|135|135|135|135|135|135|135|135|135|135|135
Iteração que foi encontrado o Melhor Global: 0
Quantas vezes o Melhor Global foi alterado (Lembrando que a verificação na inicialização acumula nesse contador): 1
Particula Inicial do melhor global:
1,731391|1,294682|0,271311|1,787083|1,107008|0,019616|1,096938|0,897036|
Particula Final do melhor global:
1,731391|1,294682|0,271311|1,787083|1,107008|0,019616|1,096938|0,897036|
A melhor solução desse PSO é:
5 2 7 
6 4 1 0 3 
Quantidade de trocas de:9,000000
Makespan: 135,000000
