347|381|282|269|283|243|318|345|379|360|280|306|357|236|250|302|404|360|358|326|246|292|312|304|258|269|227|238|248|315|259|233|236|259|404|379|256|270|233|268|325|279|203|411|193|239|280|265|272|282|358|292|235|335|335|302|236|379|225|235|226|259|194|235|458|193|213|289|223|257|304|204|272|257|225|250|370|263|315|292
193|193|193|193|193|193|193|193|193|193|193|193|193|193|193|193|193|193|193|193|193|193|193|193|193|193|193|193|193|193|193|193|193|193|193|193|193|193|193|193|193|193|193|193|193|193|193|193|193|193|193|193|193|193|193|193|193|193|193|193|193|193|193|193|193|193|193|193|193|193|193|193|193|193|193|193|193|193|193|193
Iteração que foi encontrado o Melhor Global: 0
Quantas vezes o Melhor Global foi alterado (Lembrando que a verificação na inicialização acumula nesse contador): 1
Particula Inicial do melhor global:
1,868419|0,760625|1,075293|1,814178|0,463236|0,910064|0,933253|1,318795|
Particula Final do melhor global:
1,868419|0,760625|1,075293|1,814178|0,463236|0,910064|0,933253|1,318795|
A melhor solução desse PSO é:
4 1 5 6 
2 7 3 0 
Quantidade de trocas de:2,000000
Makespan: 193,000000
