272|193|270|246|259|344|313|345|250|235|289|246|235|233|238|231|312|471|225|255|283|269|335|245|256|354|217|269|245|381|255|362|312|502|345|239|225|293|354|250|282|244|279|315|289|289|381|244|225|394|415|283|392|291|335|414|245|240|283|515|436|305|258|317|248|235|248|226|256|272|265|291|414|225|288|225|322|305|281|236
193|193|193|193|193|193|193|193|193|193|193|193|193|193|193|193|193|193|193|193|193|193|193|193|193|193|193|193|193|193|193|193|193|193|193|193|193|193|193|193|193|193|193|193|193|193|193|193|193|193|193|193|193|193|193|193|193|193|193|193|193|193|193|193|193|193|193|193|193|193|193|193|193|193|193|193|193|193|193|193
Iteração que foi encontrado o Melhor Global: 0
Quantas vezes o Melhor Global foi alterado (Lembrando que a verificação na inicialização acumula nesse contador): 1
Particula Inicial do melhor global:
0,451033|1,827545|0,231601|1,435224|0,203124|1,431859|0,202085|0,375280|
Particula Final do melhor global:
0,451033|1,827545|0,231601|1,435224|0,203124|1,431859|0,202085|0,375280|
A melhor solução desse PSO é:
6 4 2 7 0 
5 3 1 
Quantidade de trocas de:3,000000
Makespan: 193,000000
