117|104|83|99|89|90|104|97|133|113|99|95|100|114|90|146|137|88|82|153|170|116|104|89|115|147|84|108|99|90|95|89|100|120|109|102|86|99|104|102|100|84|116|115|124|113|109|116|95|117|126|136|146|98|131|107|103|117|133|169|87|114|90|103|159|102|115|116|96|102|87|102|88|84|115|146|89|103|88|114
82|82|82|82|82|82|82|82|82|82|82|82|82|82|82|82|82|82|82|82|82|82|82|82|82|82|82|82|82|82|82|82|82|82|82|82|82|82|82|82|82|82|82|82|82|82|82|82|82|82|82|82|82|82|82|82|82|82|82|82|82|82|82|82|82|82|82|82|82|82|82|82|82|82|82|82|82|82|82|82
Iteração que foi encontrado o Melhor Global: 0
Quantas vezes o Melhor Global foi alterado (Lembrando que a verificação na inicialização acumula nesse contador): 1
Particula Inicial do melhor global:
1,185799|0,186848|0,791884|0,950807|0,719333|0,149066|1,100410|1,172853|
Particula Final do melhor global:
1,185799|0,186848|0,791884|0,950807|0,719333|0,149066|1,100410|1,172853|
A melhor solução desse PSO é:
5 1 4 2 3 
6 7 0 
Quantidade de trocas de:10,000000
Makespan: 82,000000
