176|185|219|203|223|323|229|181|164|153|183|181|273|156|165|178|183|166|226|200|265|311|203|165|186|155|175|176|158|166|169|242|175|151|192|223|191|202|221|213|222|171|180|159|177|153|179|202|163|237|259|155|160|196|166|181|217|214|149|161|273|168|153|153|335|175|195|244|166|239|200|241|314|152|216|178|150|209|315|227
147|147|147|147|147|145|145|147|147|147|147|147|147|145|147|147|145|147|147|147|145|147|145|147|147|147|145|147|147|145|147|145|147|145|147|147|147|147|147|147|147|147|147|147|145|147|145|147|147|147|147|145|147|147|147|145|145|147|145|147|145|147|147|145|147|145|145|147|145|147|147|147|147|147|147|145|145|147|145|147
Iteração que foi encontrado o Melhor Global: 537
Quantas vezes o Melhor Global foi alterado (Lembrando que a verificação na inicialização acumula nesse contador): 3
Particula Inicial do melhor global:
0,534773|0,610327|1,381399|0,732695|1,456154|1,808798|0,149699|0,639347|
Particula Final do melhor global:
0,950403|1,921556|1,845520|0,875528|1,039286|0,586847|0,880756|1,313219|
A melhor solução desse PSO é:
5 3 6 0 
4 7 2 1 
Quantidade de trocas de:17,000000
Makespan: 145,000000
