84|110|116|112|105|115|145|98|98|113|106|97|121|119|117|115|86|115|96|95|150|117|86|132|105|119|126|154|88|121|130|136|98|109|108|100|155|91|152|119|111|116|84|105|97|89|151|114|148|155|83|103|101|130|84|149|86|111|83|155|140|130|100|121|115|83|122|84|116|96|127|120|109|151|84|143|124|100|99|93
82|82|82|82|82|82|82|82|82|82|82|82|82|82|82|82|82|82|82|82|82|82|82|82|82|82|82|82|82|82|82|82|82|82|82|82|82|82|82|82|82|82|82|82|82|82|82|82|82|82|82|82|82|82|82|82|82|82|82|82|82|82|82|82|82|82|82|82|82|82|82|82|82|82|82|82|82|82|82|82
Iteração que foi encontrado o Melhor Global: 25
Quantas vezes o Melhor Global foi alterado (Lembrando que a verificação na inicialização acumula nesse contador): 2
Particula Inicial do melhor global:
0,548565|1,551183|0,832371|1,116959|0,143061|1,289100|1,537554|0,600762|
Particula Final do melhor global:
1,688769|0,079414|0,789521|0,697321|0,692118|0,792294|1,958596|1,295574|
A melhor solução desse PSO é:
1 4 3 2 5 
7 0 6 
Quantidade de trocas de:10,000000
Makespan: 82,000000
