6783|5973|7182|7585|6642|7792|7481|5334|7721|7625|7908|7775|6268|5486|6987|6835|7521|5803|6144|6895|6399|7317|6593|6843|5990|7142|8341|4948|7320|6247|7630|5929|7611|5942|6118|6652|7912|6016|8383|6632|8512|7837|8004|8887|7626|7247|8078|6510|5902|5776|7233|6308|5652|6027|8605|7937|9561|6130|7562|8092|6322|8008|8950|6817|6895|5536|8280|7158|7605|5778|7531|6514|5594|5662|6556|6896|8650|5946|6799|5622|6497|6314|5421|7168|7648|6866|5444|6299|5590|5961|5651|5512|5520|6450|7969|6741|6622|7607|7488|6911
5883|5673|5126|6236|6018|5203|4985|5334|5431|5539|5362|5739|5593|5486|5291|5663|6061|5158|4530|5684|5328|6114|5251|5989|5869|6377|5762|4948|5966|5165|6153|5272|5840|5326|5211|6018|6101|5595|6085|5502|5463|5124|5742|5848|5880|5781|5679|5570|5356|5347|5676|5681|5538|5444|5992|6063|5593|5481|5819|6092|5135|5729|5534|5279|5725|5536|5165|5747|6464|5778|5836|5002|5161|5490|5591|5137|5451|5665|5914|5470|5279|5991|5421|5734|5347|5966|5444|5587|5590|5435|5651|5377|5520|5636|6039|5356|5689|5582|5586|5222
Iteração que foi encontrado o Melhor Global: 18
Quantas vezes o Melhor Global foi alterado (Lembrando que a verificação na inicialização acumula nesse contador): 5
Particula do melhor global:
0,069273|0,000001|0,999999|0,450263|0,364971|0,971267|0,517340|0,000001|0,218837|0,270627|0,290057|0,083974|0,175006|0,219020|0,728768|0,166484|0,697175|0,160342|0,578105|0,350003|0,394122|0,485188|0,553396|0,977824|0,193339|0,421691|0,029806|0,000001|0,193909|0,296293|0,107773|0,557892|0,293547|0,655365|0,107929|0,683784|0,955649|0,897422|0,410940|0,088764|0,392127|0,914354|0,831590|0,369163|0,725676|0,612363|0,549776|0,731426|0,261061|0,000001|0,400621|0,980734|0,768713|0,869150|0,459116|0,999999|0,624455|0,625246|0,244693|0,711775|0,346916|0,644938|0,760133|0,846034|0,826848|0,459020|0,158066|0,677214|0,900709|0,086162|0,987220|0,000001|0,327542|0,000001|0,623325|0,294574|0,071153|0,576445|0,062279|0,369773|0,340400|0,689446|0,965621|0,000001|0,999999|0,809721|0,556853|0,209239|0,234655|0,272587|0,846117|0,999999|0,192601|0,492503|0,676859|0,970035|0,198774|0,580776|0,068195|0,942878|
A melhor solução desse PSO é:
8 13 9 89 10 32 80 40 38 65 6 42 90 53 5 70 
1 49 71 73 27 7 83 92 48 4 50 25 21 61 14 85 64 99 82 
78 69 34 17 24 28 87 72 20 31 94 37 68 36 55 84 91 2 
0 76 30 58 29 19 43 79 3 93 86 45 62 52 
11 39 15 96 75 67 35 63 41 23 51 
98 88 77 18 74 56 33 16 59 95 
26 66 12 60 54 46 22 97 57 81 44 47 
Quantidade de trocas de:324,000000
Makespan: 4530,000000
