1379|1251|1253|993|1009|987|913|1139|1187|992|1490|1042|1348|1091|1305|1056|1089|1263|1046|1472|860|967|1087|1075|995|1193|1125|992|1299|1089|1027|1588|1080|1124|1194|1413|980|1312|783|1565|1072|1091|1118|1434|1062|1420|877|1072|1054|1104|1140|1218|1635|1225|1111|1273|1008|992|1286|1238|1353|951|1317|1395|1032|1045|1068|1496|959|1119|1571|948|1212|982|1045|1468|1089|1292|1314|1320|1091|822|1782|1158|1106|1117|1127|1065|1008|991|1195|1128|1092|987|1291|1143|1197|1286|1184|1022
869|836|930|862|857|750|913|883|882|800|868|938|887|801|880|877|843|880|789|847|846|864|877|881|884|815|816|843|840|880|858|820|860|792|841|796|767|855|783|910|884|881|862|860|901|919|859|945|822|950|874|754|906|812|876|850|851|843|884|846|723|759|898|805|839|869|795|808|881|825|831|880|786|832|826|885|874|863|850|850|896|784|907|878|831|935|865|734|876|850|859|911|747|781|784|858|896|868|856|959
Iteração que foi encontrado o Melhor Global: 51
Quantas vezes o Melhor Global foi alterado (Lembrando que a verificação na inicialização acumula nesse contador): 11
Particula do melhor global:
0,663851|0,979125|0,883874|0,853744|0,195356|0,642360|0,956852|0,632889|0,910462|0,000001|0,976302|0,108997|0,908722|0,999999|0,999999|0,007803|0,083212|0,156061|0,019536|0,788679|0,999999|0,906198|0,783411|0,999999|0,728823|
A melhor solução desse PSO é:
18 16 4 5 3 2 21 12 8 6 10 
9 15 11 17 7 0 24 22 19 1 14 13 20 23 
Quantidade de trocas de:9,000000
Makespan: 723,000000
