1614|1240|1206|1261|1962|1266|1664|1573|1520|1741|1526|1209|1473|1621|1371|1316|1251|1065|1402|1268|1647|1947|1151|1486|1084|1507|1221|1360|1345|1325|1211|1316|1400|2200|1523|1149|1200|1565|2009|1077|1612|1482|1719|1860|1489|1328|1383|1639|1530|1521|1219|1666|1266|1804|1615|1534|1617|1430|1514|1483|1301|1626|1627|1287|1433|1152|1414|1628|1263|1403|1348|1536|1512|1664|1333|1173|1250|1486|1428|1465|1334|1304|1474|1903|1455|1759|1619|1503|1589|1209|2110|1096|1706|1557|1585|1468|1382|1404|1543|1309
1177|1240|1112|1261|1249|1266|1256|1206|1115|1011|1158|1209|1158|1217|1188|1196|1150|1065|1222|1256|1063|1217|1151|1144|1084|1046|1221|1293|1160|1325|1211|1156|1206|1394|1245|1123|1114|1114|1304|1077|1112|1229|1320|1225|1230|1269|1175|1315|1102|1144|1219|1248|1194|1251|1164|1282|1187|943|1196|1098|1157|1292|1043|1042|1290|1152|1172|1094|1153|1048|1347|1246|1220|1153|1291|1173|1250|1185|1116|1133|1220|1304|1228|1278|1177|1125|1194|1154|1067|1119|1158|1096|1277|1068|1162|1170|1311|1136|1169|1199
Iteração que foi encontrado o Melhor Global: 1
Quantas vezes o Melhor Global foi alterado (Lembrando que a verificação na inicialização acumula nesse contador): 5
Particula do melhor global:
0,241573|0,365493|0,636273|0,408497|0,424389|0,422176|0,067816|0,720692|0,783263|0,382147|0,832035|0,226394|0,577446|0,643869|0,597052|0,140810|0,687370|0,903888|0,188344|0,775287|0,419055|0,860926|0,836276|0,507241|0,367808|0,786681|0,925391|0,468301|0,480355|0,189563|0,812536|0,093648|0,796245|0,348147|0,074933|0,909541|0,621799|0,602102|0,632918|0,799291|0,265205|0,668312|0,456455|0,478025|0,554834|0,634282|0,278234|0,943413|0,780894|0,653002|0,570616|0,943589|0,728930|0,712353|0,770709|0,530601|0,704703|0,927031|0,563017|0,341145|0,460213|0,634811|0,296079|0,776997|0,567533|0,233270|0,180632|0,443413|0,658295|0,271744|0,381000|0,363517|0,518026|0,936653|0,501449|0,939667|0,512086|0,506503|0,216860|0,905751|0,750696|0,434597|0,660974|0,300066|0,772473|0,918112|0,496635|0,035264|0,146082|0,857114|0,264360|0,638505|0,460068|0,525086|0,800494|0,220509|0,258179|0,911477|0,357305|0,822241|0,342554|0,351791|0,728742|0,748995|0,398737|0,489009|0,521992|0,615768|0,142920|0,172040|0,336302|0,708506|0,334311|0,137870|0,499488|0,247766|0,123463|0,512029|0,647385|0,720176|0,728927|0,275765|0,494961|0,333066|0,501415|0,229298|0,318042|0,184092|0,171831|0,498576|0,793008|0,572524|0,432764|0,306586|0,323984|0,311385|0,371261|0,357846|0,124167|0,430762|0,795426|0,045268|0,391977|0,637257|0,240951|0,435019|0,542984|0,263006|0,696435|0,424149|0,128144|0,841217|0,533916|0,786332|0,799208|0,348619|0,778574|0,381065|0,464155|0,377675|0,476880|0,465720|0,458656|0,879706|0,267868|0,784978|0,118948|0,321488|0,458645|0,629837|0,618120|0,520043|0,645185|0,823084|0,672491|0,689162|0,838213|0,640921|0,425051|0,498778|0,721248|0,551870|0,824989|0,424540|0,253859|0,839753|0,563155|0,923201|0,897044|0,776007|0,733431|0,617346|0,295493|0,703559|0,628694|0,734835|0,547363|0,636957|0,500102|0,285142|
A melhor solução desse PSO é:
113 15 108 109 78 95 65 184 96 90 62 155 70 149 4 183 145 161 160 105 74 117 181 170 36 13 16 193 52 54 182 51 
128 144 112 101 136 178 27 122 23 55 61 177 174 190 25 39 99 79 35 187 26 57 
88 66 127 199 126 110 139 198 106 14 37 45 49 41 175 7 102 153 85 
34 116 29 0 192 1 67 60 77 171 196 64 2 56 53 84 8 176 185 73 47 
87 150 18 11 69 46 134 100 132 146 44 131 194 82 156 48 94 173 89 188 
40 121 135 59 98 159 157 20 42 168 158 43 28 86 124 186 91 172 118 68 148 195 103 32 10 
6 115 147 83 133 123 137 5 162 129 76 72 93 152 50 12 191 111 119 80 140 30 22 21 163 
138 33 71 9 142 104 3 81 58 169 197 143 120 19 189 63 151 97 75 
141 31 166 125 164 167 24 92 179 114 107 38 180 165 130 154 17 
Quantidade de trocas de:1109,000000
Makespan: 943,000000
