442|453|498|482|503|554|542|681|459|463|658|489|506|505|409|546|453|410|475|512|473|509|422|595|476|531|530|464|414|615|553|527|486|568|610|539|638|512|482|471|468|594|569|558|422|662|425|882|491|452|542|674|650|626|485|700|449|555|556|477|453|498|488|679|549|538|461|409|553|431|512|585|487|449|530|434|530|616|589|565|446|491|531|458|580|551|429|453|548|531|435|473|408|560|490|518|581|411|645|637
386|399|408|403|385|392|391|404|403|405|385|390|392|400|409|389|392|387|390|384|386|391|378|386|380|378|400|410|379|395|402|400|396|388|392|400|391|387|403|392|383|392|394|370|381|396|384|395|379|396|403|399|389|395|381|404|372|403|393|398|396|389|409|402|390|371|391|409|401|386|389|390|390|402|387|392|401|418|398|385|384|358|390|388|409|395|402|410|389|391|392|397|408|384|407|394|393|398|386|401
Iteração que foi encontrado o Melhor Global: 15
Quantas vezes o Melhor Global foi alterado (Lembrando que a verificação na inicialização acumula nesse contador): 10
Particula do melhor global:
0,364684|0,950341|0,576544|0,208684|0,826222|0,617887|0,768781|0,724600|0,757816|0,543996|0,999999|0,494407|0,369857|0,999999|0,256818|
A melhor solução desse PSO é:
3 14 0 9 2 7 8 4 
12 11 5 6 1 10 13 
Quantidade de trocas de:17,000000
Makespan: 358,000000
