707|792|943|699|723|942|790|933|880|889|754|733|780|910|754|1133|845|970|768|698|917|774|804|844|762|804|955|905|834|682|769|973|879|757|747|934|788|945|634|867|777|954|809|926|756|815|657|962|707|819|845|815|918|900|852|822|760|773|786|871|791|787|710|720|780|706|763|683|912|793|757|844|943|804|808|940|685|795|762|1021|741|943|934|945|824|744|676|857|749|698|713|685|1091|812|649|908|736|791|857|748
660|641|661|629|657|637|638|647|665|655|669|646|654|642|641|631|652|642|650|645|663|653|662|638|672|673|678|684|648|629|657|665|661|662|645|644|637|655|634|629|643|660|658|665|671|643|639|635|661|696|647|639|648|639|677|682|678|666|679|649|642|643|674|655|648|648|646|646|664|644|660|641|655|665|652|642|641|643|694|646|640|631|663|683|640|647|676|635|645|637|650|653|655|645|639|650|638|664|666|630
Iteração que foi encontrado o Melhor Global: 7
Quantas vezes o Melhor Global foi alterado (Lembrando que a verificação na inicialização acumula nesse contador): 7
Particula do melhor global:
0,362102|0,042794|0,833476|0,866895|0,600321|0,999999|0,379697|0,166599|0,000001|0,092206|0,498364|0,972300|0,351936|0,226717|0,214458|0,520811|0,395720|0,999999|0,555035|0,561134|0,379361|0,999999|0,127176|0,668172|0,043132|0,696853|0,501948|0,593954|0,603502|0,323117|0,153980|0,999999|0,547567|0,472228|0,000001|0,273298|0,235229|0,720752|0,864570|0,000001|0,549055|0,603514|0,521388|0,999999|0,131182|0,757474|0,999999|0,999999|0,600895|0,000001|
A melhor solução desse PSO é:
9 22 30 7 36 12 16 25 2 38 11 47 5 46 43 31 17 21 
49 39 34 8 1 13 29 20 6 10 15 32 19 27 4 41 45 
24 44 14 35 0 33 26 42 40 18 48 28 23 37 3 
Quantidade de trocas de:198,000000
Makespan: 629,000000
