644|656|661|446|615|643|517|537|681|488|443|601|473|771|813|819|443|489|452|596|542|446|1053|777|422|650|682|621|541|639|487|519|544|537|934|473|1011|618|733|655|527|677|674|428|632|573|444|517|691|380|386|481|565|542|516|516|523|601|530|763|464|417|579|506|457|421|813|473|592|577|559|625|485|461|747|555|471|610|578|759|712|477|501|937|686|443|621|524|703|728|524|450|646|682|818|449|435|569|583|380
394|404|380|380|408|373|380|398|386|384|394|422|386|408|380|415|425|380|380|408|365|408|380|380|384|402|386|408|409|383|417|373|394|380|386|380|380|380|380|386|402|421|418|380|408|393|408|435|409|380|386|373|408|421|373|373|408|373|409|403|384|383|407|404|380|415|421|380|365|380|380|380|402|380|373|415|408|380|398|380|386|386|421|443|408|380|380|407|415|421|421|380|421|384|386|404|403|380|380|380
Iteração que foi encontrado o Melhor Global: 30
Quantas vezes o Melhor Global foi alterado (Lembrando que a verificação na inicialização acumula nesse contador): 7
Particula do melhor global:
0,870367|0,765825|0,762236|0,747845|0,934176|0,654535|0,858942|0,750620|
A melhor solução desse PSO é:
7 2 6 4 
5 3 1 0 
Quantidade de trocas de:12,000000
Makespan: 365,000000
