702|1043|782|691|746|850|558|768|916|995|1144|620|666|518|525|694|911|526|733|669|911|664|863|719|677|1020|858|712|710|559|466|784|741|1143|909|632|706|612|666|583|587|911|757|1185|721|678|732|710|734|771|801|888|942|766|817|902|759|715|684|598|944|668|706|681|578|672|603|622|901|708|595|844|553|795|406|1135|898|655|614|1409|735|1613|807|905|674|633|671|853|1160|901|557|655|662|1085|642|761|626|585|643|462|476|819|631|690|547|617|856|566|607|691|815|489|572|522|990|963|530|690|505|943|1402|657|570|911|713|627|775|1053|620|855|757|734|1124|729|754|648|716|468|630|997|800|856|572|833|762|979|893|773|897|576
373|355|334|364|401|400|373|325|299|325|355|296|355|355|296|299|325|296|355|325|358|296|396|296|363|383|424|299|325|296|296|325|296|325|355|325|296|358|299|299|299|402|391|324|299|299|296|365|328|378|299|334|299|364|387|410|296|299|299|299|299|325|399|424|384|355|299|325|296|296|299|299|299|299|325|299|299|299|296|299|333|325|357|346|325|325|299|357|403|324|355|395|407|378|325|325|325|363|395|325|415|299|383|301|357|357|299|351|335|334|355|370|334|296|391|296|299|299|296|323|374|357|299|355|296|325|325|364|338|325|299|387|356|355|359|299|370|326|346|369|380|299|365|346|355|364|299|325|296|355
Iteração que foi encontrado o Melhor Global: 816
Quantas vezes o Melhor Global foi alterado (Lembrando que a verificação na inicialização acumula nesse contador): 10
Particula Inicial do melhor global:
0,996783|0,881915|1,641871|2,553654|0,876174|2,174667|2,984925|1,160349|2,993462|0,543083|0,516260|0,255354|0,760012|0,437250|2,729281|
Particula Final do melhor global:
1,644094|0,277379|0,335258|1,334913|0,638522|1,011718|2,049375|2,904926|2,685153|2,618068|0,657813|0,220818|1,481396|1,050870|1,903321|
A melhor solução desse PSO é:
11 1 2 4 10 
5 13 3 12 0 14 
6 9 8 7 
Quantidade de trocas de:4,000000
Makespan: 296,000000
