649|839|969|796|910|694|790|858|688|711|1050|980|1156|833|863|1002|1142|755|718|778|883|1499|746|703|895|690|627|1053|991|1561|993|1459|1413|653|941|753|729|895|997|658|717|907|612|614|1201|1144|844|776|870|609|1027|1255|1144|1282|653|756|890|614|775|931|713|939|735|628|779|1227|799|761|587|1110|1221|757|710|999|907|930|1184|558|1278|653|772|1180|1092|888|1003|677|883|1015|772|838|623|745|844|1000|1072|600|985|1126|783|1034|675|624|692|703|849|827|642|638|796|837|1192|642|615|705|770|949|770|791|889|735|1035|843|1047|670|850|611|1289|873|842|1078|723|740|765|936|1040|1000|1071|651|968|735|747|830|720|771|1153|1022|1150|824|792|971
459|459|459|459|459|459|459|459|459|459|459|459|459|459|459|459|459|459|459|459|459|459|517|459|459|459|459|459|459|459|459|459|459|459|459|459|459|459|459|459|459|459|459|459|459|459|459|459|459|459|459|459|459|459|459|459|459|459|459|459|459|459|459|459|459|459|459|459|459|459|459|459|459|459|459|459|459|459|459|459|459|459|459|459|488|459|459|459|459|459|459|459|459|459|459|459|459|459|459|459|459|459|459|459|459|459|459|459|459|459|459|459|459|459|459|459|459|459|459|459|459|459|459|459|459|459|459|459|459|459|459|459|459|459|459|459|459|459|459|459|459|459|459|459|459|459|459|459|459|504
Iteração que foi encontrado o Melhor Global: 23
Quantas vezes o Melhor Global foi alterado (Lembrando que a verificação na inicialização acumula nesse contador): 6
Particula Inicial do melhor global:
1,337054|1,959660|1,969685|0,550104|1,154205|0,129501|0,072184|1,869864|1,573994|1,867510|1,854261|0,085503|1,635860|1,144565|0,945847|
Particula Final do melhor global:
1,031697|0,835539|0,727943|1,496046|0,205683|1,968218|1,498653|0,925365|1,518807|1,019304|0,373931|0,411499|1,162230|0,460720|1,663764|
A melhor solução desse PSO é:
4 10 11 13 2 1 7 
9 0 12 3 6 8 14 5 
Quantidade de trocas de:6,000000
Makespan: 459,000000
