185|207|178|260|212|231|242|247|186|212|262|231|195|234|191|269|185|231|185|163|240|237|215|230|208|258|223|207|208|219|246|230|269|237|275|286|283|165|178|204|221|285|183|231|233|239|188|273|200|171|208|243|234|205|237|192|195|255|227|231|241|218|215|209|184|241|246|227|327|274|162|195|194|200|205|190|197|265|298|328|197|257|179|175|188|239|225|298|283|245|315|271|241|264|224|309|172|205|204|221|238|263|257|169|273|246|205|219|205|160|324|220|220|229|255|310|267|253|169|258|180|208|234|291|272|166|234|216|187|206|208|256|204|207|220|275|248|183|186|217|212|192|239|187|254|214|182|241|250|223
154|151|151|157|152|154|154|152|151|152|156|159|152|155|156|152|157|154|156|157|152|158|153|151|154|151|152|153|152|155|152|153|151|154|151|153|153|154|153|151|151|152|154|155|157|158|152|152|151|152|151|152|155|155|152|151|151|158|156|151|151|152|152|151|152|152|151|152|152|151|152|151|155|152|153|154|157|156|155|151|152|152|155|151|155|152|158|158|154|151|151|151|151|152|152|152|157|151|153|159|153|153|153|152|155|152|157|157|152|153|157|151|157|152|151|152|152|152|152|152|154|152|151|152|156|151|153|152|151|151|151|152|157|158|152|152|155|156|156|155|151|156|153|157|158|152|152|155|152|152
Iteração que foi encontrado o Melhor Global: 417
Quantas vezes o Melhor Global foi alterado (Lembrando que a verificação na inicialização acumula nesse contador): 8
Particula Inicial do melhor global:
0,691156|1,443634|2,933056|2,820793|1,162878|2,916047|0,351553|0,494477|2,035675|2,357013|0,270559|2,586873|1,291752|0,919260|0,331400|
Particula Final do melhor global:
2,493271|0,037705|0,353798|2,243843|0,632999|1,194984|2,816155|1,977674|1,325422|0,783694|1,853528|2,084427|2,176533|2,616638|1,106183|
A melhor solução desse PSO é:
1 2 4 9 
14 5 8 10 7 
11 12 3 0 13 6 
Quantidade de trocas de:13,000000
Makespan: 151,000000
