247|232|233|262|230|212|205|308|228|293|230|190|253|196|319|290|311|211|287|285|246|247|207|315|271|325|249|229|212|265|221|301|225|318|212|193|294|207|290|300|199|217|267|195|249|347|428|317|207|246|213|280|234|224|219|207|230|268|292|205|232|199|197|252|283|325|266|214|320|354|245|251|257|255|222|300|323|229|212|321|270|313|252|266|342|230|243|243|204|321|241|240|233|298|229|190|191|204|236|250|262|247|262|286|275|244|259|215|294|260|304|214|237|298|214|280|224|205|221|330|225|322|295|175|227|255|307|263|212|191|391|324|220|320|199|336|318|333|216|199|321|224|302|227|209|229|270|306|233|262
177|173|172|176|173|173|179|173|174|177|173|173|175|178|175|174|173|173|168|173|174|176|173|177|177|177|174|174|178|177|174|175|178|173|175|173|171|173|172|175|172|172|175|177|179|173|176|175|173|176|173|179|172|177|175|168|168|174|176|173|173|178|175|177|174|175|177|178|176|171|176|179|177|176|175|173|175|175|176|179|174|176|178|176|173|173|173|175|177|177|173|178|173|173|174|173|173|173|174|176|173|173|174|175|173|173|173|173|173|173|175|175|180|171|173|181|176|173|176|174|177|168|175|173|178|176|173|177|171|173|173|175|177|176|178|173|177|173|177|175|171|173|177|178|174|177|176|174|173|173
Iteração que foi encontrado o Melhor Global: 896
Quantas vezes o Melhor Global foi alterado (Lembrando que a verificação na inicialização acumula nesse contador): 5
Particula Inicial do melhor global:
2,009478|1,831892|1,605124|1,865559|1,295716|1,176984|2,754802|2,753892|0,892538|2,693405|2,099657|0,581714|0,648393|2,697917|1,361792|
Particula Final do melhor global:
2,299045|1,784540|1,981216|1,180213|0,191905|2,185647|1,907691|0,250128|2,205010|0,677521|0,909405|1,661250|0,636402|2,501060|0,637866|
A melhor solução desse PSO é:
4 7 12 14 9 10 
3 11 1 6 2 
5 8 0 13 
Quantidade de trocas de:11,000000
Makespan: 168,000000
