520|754|730|551|946|469|643|955|665|660|410|527|572|584|600|582|683|584|695|629|1226|526|591|471|491|572|501|693|455|620|908|611|725|615|817|653|740|724|867|741|673|844|762|597|803|540|669|803|523|589|586|659|835|614|561|563|581|587|742|814|553|596|514|643|734|627|652|733|661|639|732|664|515|575|837|642|781|643|662|582|462|653|662|585|518|545|655|796|491|840|698|421|782|842|602|560|547|548|615|888|554|958|724|638|508|554|550|661|963|619|709|661|681|609|660|738|495|534|773|487|464|508|523|583|657|694|687|820|787|704|644|709|993|684|716|619|585|769|546|808|634|711|589|562|778|673|954|803|661|959
319|365|357|345|318|311|340|342|325|283|357|339|325|283|325|358|318|318|311|342|325|325|364|283|284|325|325|325|343|372|362|325|283|366|367|360|322|325|342|358|325|342|355|283|325|283|311|325|283|342|336|340|312|359|325|353|328|283|330|325|325|325|325|283|325|325|283|325|346|315|325|318|342|342|342|331|344|325|325|325|311|382|342|325|325|325|318|345|356|325|354|343|325|284|359|325|359|347|325|322|283|356|339|318|284|334|325|325|325|318|297|325|349|333|283|337|373|325|332|325|324|325|325|351|325|350|353|342|325|325|322|325|325|312|346|330|283|319|325|325|325|342|347|340|366|386|311|366|343|323
Iteração que foi encontrado o Melhor Global: 620
Quantas vezes o Melhor Global foi alterado (Lembrando que a verificação na inicialização acumula nesse contador): 11
Particula Inicial do melhor global:
1,380328|2,993318|1,633914|0,421545|1,354300|0,348971|1,479447|0,405213|2,611856|1,812703|1,061125|0,920797|0,560595|1,879635|1,751585|
Particula Final do melhor global:
2,566586|1,491686|1,599617|2,146600|2,183461|1,554855|1,822953|2,340587|0,375901|0,517630|1,272951|0,160326|2,392443|0,428592|2,397314|
A melhor solução desse PSO é:
11 8 13 9 
10 1 5 2 6 
3 4 7 12 14 0 
Quantidade de trocas de:13,000000
Makespan: 283,000000
