1441|1415|1762|2096|1991|1167|1287|1473|1511|1243|1272|1346|1187|1257|1406|1880|1280|1625|1097|1372|1814|1824|1381|1546|1558|1579|1464|2052|1581|1560|1287|1394|2046|1407|1524|1266|1845|1265|1439|2035|2252|1308|1597|1417|1441|1620|1816|1218|1725|1417|2206|1542|1336|1347|1402|1709|1349|1520|1509|1403|1619|1774|1510|2068|1545|1147|1534|1181|1692|1088|1674|1536|1516|1537|1330|1324|2120|1425|1516|1619|1594|2146|1352|2200|1319|1702|1312|1668|1851|1225|1520|1299|1195|1530|2434|1597|1437|1642|1440|1105|1140|1231|1551|1218|1428|1938|1598|1629|1417|1473|1483|1207|1190|1345|2150|1705|1739|1533|2042|1822|1593|1480|1261|1878|1864|1528|1409|1881|1824|1326|1286|1539|1693|1522|2086|1109|1288|1696|1404|1569|2323|1687|1407|1791|1484|1347|1148|1422|2050|2129
767|948|767|767|767|767|767|767|875|767|767|888|767|902|767|767|767|767|916|767|845|767|935|845|767|767|767|916|922|767|832|767|767|767|767|767|926|767|767|767|767|767|969|767|972|767|832|981|767|767|767|948|767|767|767|767|888|967|767|838|767|767|767|834|767|937|895|767|767|767|767|767|767|767|767|767|767|941|767|767|1020|767|767|767|767|767|879|877|767|767|859|767|767|767|767|767|767|767|926|891|767|767|767|888|767|767|767|946|767|767|767|767|767|767|902|767|767|767|821|767|767|951|767|767|767|767|844|767|767|767|955|767|934|767|845|898|845|767|888|767|767|897|767|767|991|973|767|767|767|767
Iteração que foi encontrado o Melhor Global: 78
Quantas vezes o Melhor Global foi alterado (Lembrando que a verificação na inicialização acumula nesse contador): 8
Particula Inicial do melhor global:
1,741107|0,301696|1,456900|0,730924|0,216587|1,513485|1,272010|0,420565|0,172610|0,118245|1,040823|1,305725|0,723889|1,494921|0,569775|
Particula Final do melhor global:
0,861978|1,594401|0,675893|1,900976|0,740882|0,274989|0,454620|1,131143|0,161356|0,209782|1,846414|1,456606|0,351460|0,291481|1,267052|
A melhor solução desse PSO é:
8 9 5 13 12 6 2 4 0 
7 14 11 1 10 3 
Quantidade de trocas de:16,000000
Makespan: 767,000000
