998|749|987|493|722|808|537|475|805|672|1047|584|715|791|882|740|550|1000|790|1032|643|600|867|742|784|1356|788|858|582|814|588|673|609|746|812|1302|765|610|712|754|486|786|1063|806|820|638|813|602|522|1131|916|570|752|1333|998|732|526|776|624|752|587|801|564|677|563|721|730|617|520|763|587|664|1251|751|582|799|1130|847|960|700|1040|1363|563|674|941|733|657|934|1053|664|616|534|595|733|771|797|595|643|832|886|735|577|837|895|805|669|713|1137|792|544|876|801|1187|664|724|573|772|538|715|658|1163|540|570|870|912|543|1146|749|594|795|564|1133|1048|577|718|965|741|689|828|972|886|676|1466|668|762|655|519|940|514|438
296|296|296|296|341|296|299|376|405|296|296|299|299|296|296|296|426|296|355|296|296|299|314|296|403|296|296|372|296|296|296|371|296|299|296|296|386|296|351|366|361|296|296|299|296|296|296|321|296|296|296|390|326|296|296|299|376|296|388|296|296|296|407|299|296|296|296|296|296|296|296|299|296|296|299|296|296|296|296|393|299|296|296|296|296|406|296|335|296|299|296|296|296|299|296|333|296|296|296|296|296|296|296|296|356|296|296|296|296|296|296|296|296|370|333|296|299|388|361|358|299|296|296|296|296|365|296|299|408|296|399|296|296|375|296|299|296|296|395|296|364|296|296|299|296|301|296|373|296|296
Iteração que foi encontrado o Melhor Global: 210
Quantas vezes o Melhor Global foi alterado (Lembrando que a verificação na inicialização acumula nesse contador): 8
Particula Inicial do melhor global:
2,589875|1,206974|0,727799|1,151024|1,100953|2,878400|0,977264|0,497052|0,988389|1,428394|2,068721|2,113766|0,569865|1,387323|0,259165|
Particula Final do melhor global:
1,451393|0,080650|0,893971|1,627550|0,798960|1,531170|2,460615|2,797111|2,634906|2,723529|0,410179|0,367063|1,091308|1,984658|1,108455|
A melhor solução desse PSO é:
1 11 10 4 2 
12 14 0 5 3 13 
6 8 9 7 
Quantidade de trocas de:4,000000
Makespan: 296,000000
