212|215|292|246|307|202|259|197|243|216|247|246|278|220|229|255|191|187|188|317|246|320|250|304|192|213|180|300|396|194|246|205|232|251|180|298|271|173|182|229|251|310|197|222|307|218|273|202|245|234|231|176|208|234|343|244|304|339|192|297|180|312|226|259|259|255|175|190|238|232|240|302|313|210|215|299|222|190|241|328|194|277|242|311|335|182|279|282|282|316|242|260|364|212|285|203|213|268|233|279|238|236|205|344|236|224|246|259|241|234|242|285|229|228|273|201|204|209|213|213|212|208|242|263|245|256|193|221|213|234|201|220|252|241|221|225|244|212|232|232|230|269|214|222|202|248|206|313|313|207
168|169|168|168|168|170|168|168|168|171|168|168|170|169|170|168|168|171|168|168|168|170|169|169|168|171|170|170|168|171|171|170|168|168|168|172|168|168|171|168|169|169|169|171|168|168|169|168|170|170|168|168|170|168|168|168|168|168|169|168|168|169|169|170|171|170|170|170|168|169|170|172|168|169|172|168|170|168|168|168|170|170|169|171|169|168|169|173|168|169|170|170|169|169|168|168|170|171|168|170|169|168|170|168|168|168|169|168|169|171|168|172|169|170|168|168|169|168|169|171|171|170|169|169|170|170|168|168|168|170|171|168|168|168|168|171|168|168|168|168|169|168|168|168|169|170|168|168|168|170
Iteração que foi encontrado o Melhor Global: 140
Quantas vezes o Melhor Global foi alterado (Lembrando que a verificação na inicialização acumula nesse contador): 5
Particula Inicial do melhor global:
0,222253|0,678042|1,809350|0,037165|0,591292|2,806665|0,275951|2,340127|0,025050|2,294248|1,938418|2,864373|0,642573|2,036238|1,301101|
Particula Final do melhor global:
2,929074|0,414281|1,116045|1,479227|1,247777|2,755831|2,789013|0,867627|0,415266|1,941456|1,359688|0,854596|2,763899|0,199713|2,594663|
A melhor solução desse PSO é:
13 1 8 11 7 
2 4 10 3 9 
14 5 12 6 0 
Quantidade de trocas de:5,000000
Makespan: 168,000000
