227|197|232|401|191|277|270|335|289|226|182|284|271|206|344|229|317|213|289|278|281|250|301|249|211|242|203|179|243|298|249|339|206|296|278|217|252|215|218|245|292|260|272|198|297|241|296|221|226|217|226|284|243|218|235|234|246|246|185|244|295|213|244|289|306|286|281|254|252|335|259|210|288|239|242|256|267|322|259|221|246|232|248|197|280|344|289|188|311|246|218|216|206|245|291|283|297|258|255|267|228|243|345|277|271|219|197|304|218|201|389|248|213|303|209|274|297|253|235|299|230|228|212|218|243|228|279|235|215|203|258|300|218|200|341|228|213|208|240|241|368|247|360|278|206|288|261|251|311|243
172|177|172|172|175|172|172|172|172|174|177|173|172|172|172|172|172|172|172|173|175|172|172|172|172|172|176|176|172|172|172|174|176|172|172|172|172|175|172|172|172|172|175|174|172|172|174|174|172|172|172|172|176|172|172|172|172|172|172|174|176|174|172|173|172|174|172|175|172|174|172|172|172|172|172|178|172|172|172|172|172|172|172|175|172|172|177|172|172|172|172|176|172|172|172|172|172|173|174|175|172|172|172|173|172|174|172|172|172|176|172|175|172|172|174|172|173|172|176|176|175|174|172|172|174|172|172|172|177|174|172|179|172|176|174|172|172|172|172|174|172|172|176|176|176|177|174|172|178|175
Iteração que foi encontrado o Melhor Global: 38
Quantas vezes o Melhor Global foi alterado (Lembrando que a verificação na inicialização acumula nesse contador): 3
Particula Inicial do melhor global:
0,952326|1,430183|0,181308|1,250218|2,609132|1,529248|1,906359|1,912089|0,673684|0,853795|1,743396|2,052162|2,911180|0,101820|2,346084|
Particula Final do melhor global:
2,606194|0,815060|1,913738|2,420156|1,568656|1,307850|2,082025|2,657524|1,664382|1,830140|0,947675|2,396904|2,221814|0,390035|1,030505|
A melhor solução desse PSO é:
13 1 10 
14 5 4 8 9 2 
6 12 11 3 0 7 
Quantidade de trocas de:12,000000
Makespan: 172,000000
