927|507|922|794|971|954|822|856|1018|769|695|658|584|521|713|763|697|714|485|566|553|642|562|915|667|1199|1200|514|792|489|601|595|532|714|874|627|714|1018|830|621|612|674|540|597|874|1018|925|891|1100|846|924|788|1008|706|971|538|847|561|528|669|478|577|490|648|640|1218|561|796|574|627|703|825|585|585|512|815|799|816|889|818|700|633|721|671|1031|643|591|635|695|598|710|960|829|1154|659|678|670|1074|855|667|796|650|627|1003|1013|773|769|587|1024|1066|735|474|697|624|560|609|515|754|778|703|556|686|1017|666|840|571|913|572|848|601|641|611|620|571|664|889|785|853|563|675|532|676|754|737|626|627|666|713|1062|643
336|363|365|351|336|333|333|336|372|336|370|333|344|359|333|333|333|333|365|356|333|365|336|366|351|363|333|377|333|365|333|385|360|333|333|333|333|333|360|336|336|357|351|333|336|333|362|386|333|333|336|333|333|336|333|367|333|333|333|365|333|385|333|394|351|333|336|333|333|333|336|361|336|336|399|333|336|336|333|333|384|407|377|333|361|336|336|336|333|333|361|333|336|336|336|333|336|333|336|333|351|333|333|333|402|333|333|336|333|361|333|333|333|333|336|333|351|333|336|333|333|336|336|336|336|418|351|333|336|333|336|336|351|336|333|333|333|395|336|356|336|333|361|351|336|333|390|333|333|351
Iteração que foi encontrado o Melhor Global: 476
Quantas vezes o Melhor Global foi alterado (Lembrando que a verificação na inicialização acumula nesse contador): 10
Particula Inicial do melhor global:
2,928202|1,623878|0,739485|0,851727|1,545512|2,563240|2,734967|1,312059|0,367540|1,802520|1,947150|1,542039|1,257877|1,401993|1,902886|
Particula Final do melhor global:
0,758111|1,312637|1,842467|2,755761|0,680782|2,393126|2,426142|0,984178|1,054895|0,771937|2,131895|2,743046|0,144602|0,681682|1,656138|
A melhor solução desse PSO é:
12 4 13 0 9 7 
8 1 14 2 
10 5 6 11 3 
Quantidade de trocas de:12,000000
Makespan: 333,000000
