808|612|514|477|686|1198|358|808|367|587|850|561|588|559|948|437|623|772|414|434|703|366|677|551|743|618|869|737|686|496|728|981|531|665|844|735|473|643|634|669|680|614|778|686|619|482|429|650|552|600|597|691|667|656|802|476|681|804|564|650|559|523|533|538|684|917|586|380|757|442|484|607|903|551|980|758|609|711|661|741|493|386|493|1116|619|544|865|442|598|724|450|505|359|605|681|424|571|646|455|408|536|835|686|511|775|732|1037|675|483|547|651|497|816|979|604|652|721|692|701|600|590|740|387|478|590|560|512|1024|764|919|767|859|687|764|868|414|620|776|483|424|686|630|971|830|587|598|760|716|624|452
296|274|298|276|274|289|274|274|274|285|284|274|298|286|274|268|291|276|274|274|276|274|276|276|265|276|274|287|274|286|274|274|265|305|274|274|283|298|299|286|319|274|274|274|274|274|288|298|286|286|274|274|274|274|287|270|274|274|322|331|276|274|286|296|270|274|274|321|274|279|274|274|319|298|298|298|274|326|295|274|286|274|268|274|282|274|286|298|274|291|288|298|333|274|316|274|252|268|298|274|274|286|274|276|274|315|274|274|268|322|274|274|274|298|274|291|276|274|286|274|274|276|274|289|274|274|285|274|321|274|320|274|265|265|276|274|274|274|286|274|283|299|295|307|274|274|323|288|277|274
Iteração que foi encontrado o Melhor Global: 988
Quantas vezes o Melhor Global foi alterado (Lembrando que a verificação na inicialização acumula nesse contador): 11
Particula Inicial do melhor global:
1,586162|1,099987|1,166055|0,545163|0,512094|0,104571|0,434928|2,362123|1,897951|0,959346|2,368051|2,584632|1,349754|0,551734|1,471731|
Particula Final do melhor global:
0,828323|1,490679|1,247682|0,992878|1,660392|0,691943|2,908282|1,525612|2,105701|2,489939|0,202467|1,973006|0,371485|1,264752|0,484744|
A melhor solução desse PSO é:
10 12 14 5 0 3 
2 13 1 7 4 11 
8 9 6 
Quantidade de trocas de:5,000000
Makespan: 252,000000
