1200|1170|643|728|607|903|641|886|534|812|1375|772|1028|543|638|669|774|771|569|987|683|919|839|612|621|973|619|606|633|583|761|553|1055|702|1035|673|656|893|1125|599|1262|960|589|776|628|617|801|589|745|1186|693|703|904|1154|681|895|750|801|718|547|842|727|854|721|1148|939|626|751|587|602|515|474|536|651|533|479|887|651|840|708|426|1296|927|987|608|655|684|922|711|881|776|894|872|535|626|1110|645|686|617|1062|724|704|761|706|540|583|610|929|640|723|700|681|875|649|492|776|882|904|769|800|565|650|513|825|765|619|805|777|672|779|890|1038|944|639|598|944|998|447|559|879|602|721|570|557|782|678|606|629|1229|710
325|325|325|325|325|380|325|325|325|382|325|325|325|325|325|325|325|409|325|392|361|325|325|325|325|325|325|325|325|364|325|325|325|325|325|325|325|380|357|325|325|364|325|358|380|325|325|325|325|364|325|325|393|325|325|325|325|361|364|325|325|386|334|325|325|325|325|325|325|325|325|325|325|364|357|378|325|325|325|325|325|325|325|325|325|364|325|325|325|325|325|325|325|357|364|325|325|364|357|325|380|325|325|325|325|325|325|325|325|325|325|355|325|325|325|325|325|325|325|325|325|364|409|325|364|345|325|325|390|364|325|325|325|325|325|325|363|399|325|325|325|325|325|325|325|325|325|325|325|325
Iteração que foi encontrado o Melhor Global: 199
Quantas vezes o Melhor Global foi alterado (Lembrando que a verificação na inicialização acumula nesse contador): 7
Particula Inicial do melhor global:
0,594617|2,213213|0,613869|2,979737|0,478220|0,742713|0,963586|1,035006|0,442234|0,637592|0,346756|0,482878|1,204751|1,547148|1,975606|
Particula Final do melhor global:
2,473878|0,395437|0,841866|2,317338|1,951659|2,685057|0,656565|2,839847|0,175120|1,678288|2,729499|1,749428|2,294873|2,078683|0,263814|
A melhor solução desse PSO é:
8 14 1 6 2 
9 11 4 
13 12 3 0 5 10 7 
Quantidade de trocas de:5,000000
Makespan: 325,000000
