998|1086|720|881|1072|698|1281|1310|1034|1169|969|634|1019|731|1168|860|873|706|671|1101|634|958|938|813|908|923|686|891|634|1232|883|713|660|779|917|684|710|1066|778|707|652|911|906|729|696|947|915|788|1108|829|815|758|985|761|1302|1160|885|1049|1123|1081|902|1065|949|808|792|1018|994|1261|672|848|1427|906|762|742|803|718|729|1074|1113|969|777|903|770|774|799|755|770|1027|560|769|711|904|953|721|995|858|895|749|808|793|800|891|1295|1291|1231|940|1281|519|774|872|965|969|924|843|759|791|831|859|737|918|667|569|815|1118|1072|1207|716|863|683|693|803|1117|761|684|1086|806|1177|773|1137|712|800|986|904|946|771|789|1221|871|649|1083
493|459|459|493|459|459|459|459|493|459|459|459|459|493|459|493|459|459|493|498|493|493|459|493|493|459|493|493|459|459|459|493|459|493|493|493|493|459|459|459|493|459|459|493|493|493|459|493|459|459|485|459|493|459|459|459|493|504|493|493|493|498|459|459|459|493|493|514|493|459|498|493|493|459|493|459|503|459|493|493|493|493|459|493|459|493|459|459|459|459|493|459|459|459|459|459|493|493|459|509|493|459|459|493|459|493|503|459|493|459|499|493|459|459|493|459|459|488|498|459|459|493|493|493|459|459|459|459|459|459|493|493|493|459|459|493|493|493|459|459|493|493|493|493|459|459|493|493|459|498
Iteração que foi encontrado o Melhor Global: 300
Quantas vezes o Melhor Global foi alterado (Lembrando que a verificação na inicialização acumula nesse contador): 6
Particula Inicial do melhor global:
1,353915|0,862168|1,407209|1,344269|0,520492|0,656718|0,327049|0,506579|1,142875|0,616088|0,664399|0,574404|1,269237|1,672324|0,093157|
Particula Final do melhor global:
1,859357|0,395377|0,909724|1,608244|0,348431|1,498255|1,855872|0,382107|1,242948|1,720907|0,818341|0,046777|1,447283|0,998475|1,694468|
A melhor solução desse PSO é:
11 4 7 1 10 2 13 
8 12 5 3 14 9 6 0 
Quantidade de trocas de:6,000000
Makespan: 459,000000
