938|851|976|1602|584|1067|732|719|778|759|1121|1022|920|1103|1134|896|839|821|1016|814|872|1328|796|1318|1132|683|909|837|728|1110|811|904|870|1201|986|856|760|958|925|839|948|1258|887|1152|990|1256|1213|816|1111|1057|927|816|720|758|780|966|943|864|698|1306|1175|903|1259|878|1094|1191|910|897|859|810|828|662|1033|784|887|733|1163|1012|1145|836|974|775|875|653|936|1361|1229|802|1241|850|1132|834|1115|955|898|801|648|750|1309|1285|1011|665|1032|1032|1001|963|901|903|864|970|984|806|969|896|747|728|1118|1301|1288|684|1147|695|976|1156|891|751|786|1098|627|1152|706|1147|673|1114|631|779|908|1685|959|912|1253|966|908|685|757|961|1204|936|1089|986
476|498|476|476|476|476|518|476|476|498|476|498|498|498|498|560|498|506|506|476|498|476|498|498|476|498|534|498|498|498|498|476|498|498|476|498|498|506|476|476|476|498|498|476|498|504|476|498|541|498|506|506|484|504|498|476|498|498|498|476|498|498|498|476|506|476|476|498|476|476|536|476|498|506|498|498|498|498|498|498|498|506|498|498|476|498|506|476|498|498|498|476|498|498|498|484|476|498|498|498|504|515|498|498|498|498|506|498|498|498|498|476|476|498|517|504|476|498|498|476|506|498|476|506|498|498|537|498|504|498|476|498|476|476|506|506|498|476|498|498|498|499|501|498|498|498|499|498|476|476
Iteração que foi encontrado o Melhor Global: 146
Quantas vezes o Melhor Global foi alterado (Lembrando que a verificação na inicialização acumula nesse contador): 6
Particula Inicial do melhor global:
1,173131|1,999538|1,879843|0,439972|1,261914|0,012048|1,172521|0,453265|1,890314|0,816990|0,827229|0,456699|0,862181|1,031909|1,393082|
Particula Final do melhor global:
0,997380|0,283390|1,385669|1,553723|1,423051|1,845967|0,905354|0,461641|0,258408|0,716747|1,371006|1,011190|0,557401|1,506977|0,788548|
A melhor solução desse PSO é:
8 1 7 12 9 14 6 0 
11 10 2 4 13 3 5 
Quantidade de trocas de:7,000000
Makespan: 476,000000
