1092|1174|1099|1011|1199|2046|1161|1305|1277|1197|1040|1160|1273|1058|1459|1567|1249|1326|1188|1242|1123|923|894|1845|1112|1267|1333|1146|1279|1806|1170|1539|1251|1649|1231|1269|1046|1846|1141|1310|1550|1056|1384|1590|1124|1015|1106|989|1255|1186|1443|1154|1143|1219|1321|1214|1104|1324|1371|1003|1627|1254|982|1740|1460|1299|1870|958|1558|1954|1115|1235|1392|1186|1290|1686|1234|1314|990|1141|1116|1105|1468|1514|1079|1287|1036|1049|1480|1063|1315|1579|1632|954|1544|1271|1352|1461|1204|1471|1587|1308|963|1032|1252|1297|1402|1692|1251|1002|1932|1317|1260|1421|1524|1270|1193|1939|1119|1205|1278|1569|1136|1133|1419|1324|1520|1168|1140|1377|1049|1571|1305|1107|1121|1083|1096|1590|1108|1106|1603|1800|1426|1422|986|1080|1611|1557|1394|1313
778|819|767|814|726|726|711|766|766|726|760|765|783|752|793|827|813|766|726|726|726|759|758|766|758|726|747|766|715|766|760|747|790|767|726|818|726|726|726|766|767|766|766|759|739|726|721|816|765|766|766|726|829|766|711|726|786|766|726|786|761|816|726|726|816|726|759|726|726|833|726|766|726|766|766|747|748|766|726|766|726|726|774|766|786|726|781|747|766|794|766|760|726|726|726|764|726|766|726|766|726|781|802|767|726|726|813|726|767|767|749|732|726|766|794|766|767|766|820|766|726|726|794|779|765|726|766|780|824|726|766|766|786|817|747|726|726|715|766|794|817|726|807|788|726|767|794|767|726|765
Iteração que foi encontrado o Melhor Global: 928
Quantas vezes o Melhor Global foi alterado (Lembrando que a verificação na inicialização acumula nesse contador): 8
Particula Inicial do melhor global:
1,138231|0,218004|1,329886|0,173134|0,091093|1,485246|0,509112|1,126865|1,741403|0,873461|1,295498|1,778544|1,273793|0,808951|1,603451|
Particula Final do melhor global:
1,625158|0,805624|0,364882|0,523665|0,222611|1,685674|0,425540|1,053913|1,707657|0,724642|1,773440|0,307313|1,523256|0,803971|0,892974|
A melhor solução desse PSO é:
4 11 2 6 3 9 13 1 14 
7 12 0 5 8 10 
Quantidade de trocas de:13,000000
Makespan: 711,000000
