169|215|154|331|247|181|253|157|244|196|173|158|300|206|185|201|173|224|280|226|179|242|217|173|237|195|213|186|202|181|190|207|179|198|191|180|167|205|171|258|235|193|169|195|229|209|199|199|180|189|192|201|184|165|151|195|195|190|349|202|234|166|228|210|163|226|196|226|227|202|272|176|210|240|282|280|153|172|258|186|221|154|176|216|205|269|217|274|156|157|173|182|237|240|161|162|314|187|212|188|248|212|195|210|246|206|156|267|177|168|206|213|226|233|168|175|285|274|260|204|251|218|194|306|209|189|177|250|159|189|167|194|272|176|315|196|171|251|215|188|237|182|180|178|161|242|214|277|223|201
141|145|141|142|144|142|141|144|144|141|145|144|145|141|141|142|141|144|141|141|141|143|142|141|141|141|142|143|146|141|141|141|141|141|145|146|143|141|143|144|141|142|142|141|147|141|141|143|141|141|141|141|145|143|145|141|141|141|141|144|141|144|141|141|141|142|142|142|145|143|146|142|141|141|144|142|141|144|141|141|141|143|141|147|141|141|141|142|142|141|149|141|143|141|141|141|145|141|141|143|141|142|141|145|141|141|141|145|144|141|141|145|141|141|141|142|146|142|142|143|141|141|141|143|141|143|142|145|143|141|146|145|141|141|141|141|141|141|141|141|141|145|141|141|143|141|141|141|147|141
Iteração que foi encontrado o Melhor Global: 65
Quantas vezes o Melhor Global foi alterado (Lembrando que a verificação na inicialização acumula nesse contador): 4
Particula Inicial do melhor global:
2,130940|1,420566|1,960533|1,968534|1,341154|2,845587|1,870128|1,042934|1,002859|2,239743|2,113418|2,655095|1,054847|0,260926|2,463166|
Particula Final do melhor global:
2,278080|1,893140|1,822027|2,096453|1,468060|0,242147|2,414309|2,417092|0,486627|1,027364|0,579906|1,185321|0,898697|2,229725|0,848817|
A melhor solução desse PSO é:
5 8 10 14 12 
9 11 4 2 1 
3 13 0 6 7 
Quantidade de trocas de:13,000000
Makespan: 141,000000
