286|266|246|269|350|336|387|279|293|327|447|327|277|268|282|263|290|326|278|262|290|299|297|410|269|254|313|381|266|310|303|266|390|300|328|280|327|357|281|267|301|394|268|351|281|320|343|344|308|277|273|287|272|293|284|282|267|377|379|324|305|267|332|261|320|371|287|355|331|283|362|325|386|262|371|342|309|421|276|346|396|331|388|261|342|288|282|294|279|318|261|258|348|312|337|301|275|308|301|312|331|411|285|308|283|372|259|372|360|257|266|323|268|308|272|333|342|333|367|298|310|269|312|276|265|323|326|427|355|263|260|255|378|412|364|332|304|262|307|366|266|289|359|386|320|388|319|350|304|414
231|232|231|232|231|233|236|234|232|231|231|237|235|231|234|235|232|236|232|234|232|231|231|232|235|232|237|234|231|232|232|231|232|235|231|234|234|236|235|232|238|231|231|232|236|238|235|231|234|232|237|232|232|231|237|232|232|238|234|236|231|231|232|232|232|232|231|231|236|232|236|236|232|232|236|231|232|231|232|232|232|232|233|237|232|232|231|232|239|232|232|231|232|236|232|235|231|236|233|232|234|236|232|232|236|235|234|232|236|232|232|232|232|234|232|232|232|231|232|231|232|231|231|236|232|231|234|232|232|232|234|232|231|231|236|232|231|232|233|232|232|235|231|231|239|232|239|234|234|231
Iteração que foi encontrado o Melhor Global: 76
Quantas vezes o Melhor Global foi alterado (Lembrando que a verificação na inicialização acumula nesse contador): 8
Particula Inicial do melhor global:
1,235961|0,056539|0,500769|0,039525|1,715932|1,392234|0,360517|0,258780|0,160414|0,208310|0,755610|1,858874|1,913575|0,465945|1,884583|
Particula Final do melhor global:
1,236586|1,579672|1,359371|0,470724|1,433335|1,288759|0,385037|0,406217|0,446093|0,630350|1,653724|1,084267|1,449321|0,880818|0,600670|
A melhor solução desse PSO é:
6 7 8 3 14 9 13 
11 0 5 2 4 12 1 10 
Quantidade de trocas de:15,000000
Makespan: 231,000000
