345|331|342|278|298|376|368|371|257|317|267|266|403|300|257|290|269|258|414|262|327|290|304|272|339|371|274|266|284|299|324|312|311|283|269|292|281|384|279|299|428|258|324|294|332|341|366|272|394|433|259|395|361|261|384|358|337|255|314|259|272|323|317|335|349|304|369|284|397|276|252|312|280|312|363|304|294|268|347|357|400|318|309|309|298|317|262|366|259|467|252|252|292|325|325|288|319|291|295|252|280|372|344|285|335|276|460|246|261|296|280|255|299|328|325|463|270|266|311|255|325|369|326|250|273|284|262|285|311|281|354|291|362|302|268|319|283|254|282|414|258|306|335|455|291|355|362|256|266|336
231|235|231|231|231|231|232|234|231|231|236|234|231|234|232|231|231|231|232|232|232|231|232|232|232|234|232|231|232|232|231|232|231|231|231|235|234|234|231|232|232|232|232|241|231|234|236|231|232|234|234|231|231|231|232|232|231|231|234|232|231|234|231|231|231|232|234|231|231|231|232|232|231|232|232|231|238|232|232|240|234|234|244|232|231|231|231|231|232|231|234|232|232|231|235|234|232|231|231|234|234|231|232|231|232|232|237|234|234|232|231|231|232|234|234|234|231|231|231|234|234|231|231|234|231|231|231|232|231|238|232|232|234|234|231|231|234|235|235|231|234|232|234|232|232|232|234|231|234|242
Iteração que foi encontrado o Melhor Global: 67
Quantas vezes o Melhor Global foi alterado (Lembrando que a verificação na inicialização acumula nesse contador): 8
Particula Inicial do melhor global:
1,399521|0,890732|1,086706|1,356299|0,121411|1,387068|0,297797|0,769028|0,153444|0,052494|1,352470|0,465153|1,768906|0,190803|0,388687|
Particula Final do melhor global:
1,334489|1,338913|1,388835|0,385290|0,898880|1,343502|1,472965|0,883230|0,794884|0,255851|1,400999|1,395515|1,448357|1,894742|0,340043|
A melhor solução desse PSO é:
9 14 3 8 7 4 
0 1 5 2 11 10 12 6 13 
Quantidade de trocas de:14,000000
Makespan: 231,000000
