232|267|439|490|331|479|544|468|312|522|445|588|548|225|583|544|440|328|409|549|641|330|685|395|461|530|391|561|377|283|694|360|517|367|493|443|444|319|438|841|326|377|451|555|347|438|320|470|518|746|730|498|564|630|443|398|590|356|404|535|460|734|440|375|476|387|351|469|419|515|453|569|328|307|455|530|310|589|319|507|471|469|509|692|291|501|382|303|579|430|645|402|523|628|433|377|488|401|396|377|529|386|444|400|365|414|431|677|325|462|540|383|373|391|562|544|497|413|371|383|392|597|661|389|334|275|332|462|552|962|334|419|560|535|478|450|475|529|289|462|329|452|387|407|642|404|456|374|380|505
165|149|147|154|151|147|151|147|147|154|147|147|147|147|147|147|147|147|147|147|147|151|159|147|148|147|147|222|147|147|147|147|147|147|147|147|147|147|147|147|147|147|147|147|147|151|147|149|147|147|147|147|147|147|151|151|153|151|151|147|147|148|147|151|147|147|147|147|147|151|147|147|147|147|147|147|147|147|147|147|147|147|147|147|147|147|147|147|147|151|147|147|147|147|147|147|147|147|151|147|147|147|151|147|147|151|189|147|147|147|147|147|147|147|147|147|147|147|154|151|147|151|147|147|151|147|147|147|147|147|147|151|147|147|147|147|147|147|147|147|165|151|147|147|147|151|154|147|147|147
Iteração que foi encontrado o Melhor Global: 65
Quantas vezes o Melhor Global foi alterado (Lembrando que a verificação na inicialização acumula nesse contador): 6
Particula Inicial do melhor global:
1,663481|1,901293|0,570521|1,573992|2,287924|1,847176|1,401678|2,032755|1,420195|1,410715|2,392824|0,066310|2,359029|0,225920|0,016852|
Particula Final do melhor global:
0,902124|2,194357|1,926913|0,256059|2,253706|1,933949|1,863540|0,685711|2,290697|1,515817|2,304811|1,724351|0,801406|2,624326|2,242611|
A melhor solução desse PSO é:
3 7 12 0 
9 11 6 2 5 
1 14 4 8 10 13 
Quantidade de trocas de:0,000000
Makespan: 147,000000
