606|397|378|599|658|499|535|681|398|300|597|237|481|324|421|474|504|307|571|549|396|489|590|640|411|457|346|449|473|804|417|533|639|741|306|382|509|449|405|424|360|469|857|557|266|808|318|547|306|384|413|448|509|454|679|453|397|334|340|472|417|602|443|392|271|460|322|371|344|393|778|369|360|519|335|462|418|319|538|322|441|413|582|750|536|370|668|457|707|318|347|596|464|606|494|472|720|356|424|422|372|486|449|318|354|716|549|399|560|451|278|487|381|544|423|500|450|488|429|501|727|434|467|472|457|310|547|465|789|409|310|265|346|507|397|463|398|476|537|396|405|403|494|398|290|434|649|429|477|639
163|163|170|163|172|163|163|186|163|163|163|167|163|163|163|205|163|163|163|163|167|182|163|167|163|163|163|181|163|163|163|163|178|163|163|163|163|191|178|163|163|169|163|163|163|163|185|163|163|163|172|163|172|163|163|172|163|163|185|163|163|163|173|163|163|187|172|163|163|172|163|163|163|163|163|167|167|193|163|163|163|176|187|163|163|185|163|163|163|182|183|167|163|163|163|163|163|185|163|173|167|163|163|163|185|163|172|167|163|163|167|163|163|163|167|180|163|200|175|163|163|163|163|163|163|163|163|170|176|163|169|163|163|167|163|163|182|178|163|180|167|163|163|163|163|172|163|174|163|163
Iteração que foi encontrado o Melhor Global: 184
Quantas vezes o Melhor Global foi alterado (Lembrando que a verificação na inicialização acumula nesse contador): 12
Particula Inicial do melhor global:
0,081554|0,384704|2,720598|0,598920|2,423780|2,666658|0,835108|0,428268|0,974319|0,908442|0,285103|0,706836|0,965287|0,499579|2,537511|
Particula Final do melhor global:
2,721133|2,298538|1,407678|0,377422|2,459326|2,396459|1,925336|0,718106|2,318069|1,513648|2,126567|1,908564|0,778801|0,793397|2,758366|
A melhor solução desse PSO é:
3 7 12 13 
2 9 11 6 
10 1 8 5 4 0 14 
Quantidade de trocas de:0,000000
Makespan: 163,000000
