930|784|572|1201|1243|1001|792|692|918|754|584|756|994|963|844|862|802|793|1354|1032|649|1103|754|954|631|604|626|928|833|925|803|765|946|814|893|649|786|678|697|1341|717|902|790|653|818|1180|1112|882|604|722|1383|726|1193|707|849|673|598|725|851|592|740|1288|768|884|760|996|612|874|1120|817|1051|733|813|785|680|717|1034|844|777|707|708|751|872|710|661|648|911|775|731|592|995|1131|927|912|607|759|923|736|812|614|1113|800|833|727|840|972|885|1012|545|754|761|994|798|738|689|894|1411|619|862|790|954|520|956|785|800|658|980|1625|875|669|744|939|722|900|958|661|1013|607|852|773|691|686|930|945|924|964|721|573|929|599
435|445|395|395|456|440|404|395|421|441|431|432|445|454|394|455|395|436|404|441|395|428|395|428|399|436|458|413|399|431|434|432|436|405|372|445|454|381|372|395|414|425|432|430|426|465|440|399|414|415|431|473|441|399|372|378|486|456|450|469|395|438|441|421|414|416|477|394|445|395|435|395|419|394|449|395|401|447|462|414|374|398|437|462|413|444|470|395|395|447|435|405|459|465|446|405|406|448|422|450|414|437|395|404|411|419|395|435|469|448|476|437|405|404|408|381|490|407|455|458|404|459|470|447|465|395|455|418|400|444|431|462|421|404|425|372|428|394|458|435|444|477|407|407|432|399|443|450|445|381
Iteração que foi encontrado o Melhor Global: 838
Quantas vezes o Melhor Global foi alterado (Lembrando que a verificação na inicialização acumula nesse contador): 15
Particula Inicial do melhor global:
0,834362|1,038756|0,131225|0,757390|2,567325|2,919143|1,435124|0,757546|1,164275|0,903948|2,637849|2,264389|0,863204|1,020616|2,453700|
Particula Final do melhor global:
0,608656|1,165646|1,412599|1,631156|2,396229|0,252993|1,558431|2,954266|1,965081|2,312369|0,902070|0,877250|2,814170|1,441497|2,784414|
A melhor solução desse PSO é:
5 0 11 10 
1 2 13 6 3 8 
9 4 14 12 7 
Quantidade de trocas de:11,000000
Makespan: 372,000000
