389|286|273|347|187|209|188|236|277|331|298|244|286|293|247|223|265|287|258|213|270|219|275|240|198|228|367|244|234|206|223|311|195|280|226|288|270|307|303|324|327|263|254|264|209|286|270|361|185|280|198|214|262|254|243|202|209|273|327|253|241|328|311|226|311|192|235|247|225|249|226|300|187|246|261|244|200|220|321|346|288|249|251|306|312|268|196|194|232|354|229|287|290|420|232|229|244|290|284|209|281|263|280|211|247|274|316|307|355|257|277|216|373|256|259|294|226|371|222|245|191|254|225|281|253|256|241|229|247|203|337|286|244|290|238|214|228|188|367|205|261|330|241|225|206|228|359|381|267|254
174|178|176|172|177|171|174|175|177|171|171|176|180|179|172|177|171|178|176|178|178|172|177|176|171|176|175|173|176|173|177|171|176|176|178|171|177|171|171|178|171|176|173|176|172|176|171|173|174|171|175|177|177|177|175|175|176|175|173|177|171|171|178|175|176|173|173|171|171|175|178|179|178|171|173|173|171|171|176|171|176|176|171|171|175|177|175|176|174|171|176|175|179|176|178|177|173|173|171|177|171|174|177|172|171|178|171|178|171|174|177|173|175|172|178|179|175|177|175|178|174|179|171|174|176|175|177|177|173|175|177|171|174|178|175|180|176|177|171|174|173|178|177|176|175|179|178|177|171|176
Iteração que foi encontrado o Melhor Global: 230
Quantas vezes o Melhor Global foi alterado (Lembrando que a verificação na inicialização acumula nesse contador): 8
Particula Inicial do melhor global:
1,814263|2,115343|0,678127|0,190344|0,223855|1,021132|2,266303|0,655531|2,587226|0,122644|2,773776|1,659841|0,893335|2,695138|0,565159|
Particula Final do melhor global:
1,157316|0,558240|0,501600|2,068093|1,701813|2,568076|2,886667|1,808039|2,209472|0,903674|2,319895|0,592995|1,584087|1,226839|0,768701|
A melhor solução desse PSO é:
2 1 11 14 9 
0 13 12 4 7 
3 8 10 5 6 
Quantidade de trocas de:12,000000
Makespan: 171,000000
