228|189|181|191|241|174|177|247|300|170|206|166|200|212|181|190|212|253|219|181|220|207|192|183|174|221|167|180|266|165|189|169|210|197|266|253|181|186|180|253|202|170|200|205|258|248|171|257|189|181|207|246|200|173|254|199|223|221|199|152|212|208|230|192|263|196|213|270|187|231|219|267|205|196|242|177|210|223|194|218|227|295|209|332|191|191|295|160|201|221|188|185|164|235|154|208|157|160|152|172|168|188|160|190|257|161|156|196|210|207|204|216|196|329|154|221|187|293|169|211|194|185|187|224|188|266|208|195|261|255|216|185|210|207|196|207|219|244|227|217|277|175|213|214|287|175|222|238|274|197
144|142|142|145|143|142|145|140|146|141|143|142|143|141|146|146|143|143|141|143|144|141|144|141|144|141|146|141|140|141|143|143|144|145|143|141|144|144|143|141|144|141|144|144|143|141|142|146|145|141|143|140|145|144|141|147|144|142|144|143|145|140|143|142|146|144|146|142|143|140|144|142|141|141|142|144|140|142|141|142|141|142|143|140|145|142|140|141|142|145|141|144|141|141|145|140|143|144|146|143|143|141|141|143|145|144|146|144|141|140|144|146|144|141|144|144|143|143|145|141|142|145|141|141|144|146|144|142|145|143|143|140|144|142|144|144|141|140|141|144|144|142|140|142|140|143|143|143|144|143
Iteração que foi encontrado o Melhor Global: 545
Quantas vezes o Melhor Global foi alterado (Lembrando que a verificação na inicialização acumula nesse contador): 8
Particula Inicial do melhor global:
2,266104|2,213963|0,216905|2,676223|1,756507|2,772003|1,355620|0,456495|0,517432|2,265111|0,974491|2,698992|2,480435|1,165917|1,581856|
Particula Final do melhor global:
0,770562|2,185068|2,860399|1,644186|2,897587|0,844058|0,893027|0,395272|1,430965|2,379928|1,167972|1,774123|1,665059|2,294309|2,089082|
A melhor solução desse PSO é:
7 0 5 6 
10 8 3 12 11 
14 1 13 9 2 4 
Quantidade de trocas de:13,000000
Makespan: 140,000000
