1468|1082|958|1216|1809|1106|1277|1183|1044|1289|1184|1501|1057|1133|1279|1083|1574|1301|1213|1570|967|1376|1735|1169|1315|1422|1671|1234|1235|1235|1283|1419|1223|1179|1246|1015|1214|1185|1123|1152|1518|1146|1009|2088|1224|920|1322|1558|1335|1409|1214|1240|1226|1362|1148|1116|1656|956|1145|933|1426|1093|1537|1430|1043|1146|1315|1382|1429|1078|1299|1063|1405|1381|1326|1399|948|1572|1787|1644|1380|1380|2004|1114|1469|1159|1107|1492|1138|1334|1165|1796|1154|1889|1290|1177|1022|1619|1372|1158|1138|1172|1119|1205|1626|1044|1382|1084|1750|1164|1603|1116|1514|1220|1232|1551|1158|1540|1278|1219|1355|1296|1067|916|1031|1044|1238|1164|1385|1304|1242|1098|1185|1072|1316|923|1308|1855|987|1615|1353|1750|1391|1239|1491|1311|1660|1578|1418|1318
802|701|768|658|658|658|790|658|678|681|701|658|701|658|735|658|658|658|735|658|728|773|678|658|658|658|803|658|658|658|715|658|786|658|658|681|678|745|658|658|701|701|658|658|725|658|658|681|678|681|658|658|681|658|658|658|701|658|658|778|658|658|658|658|821|658|748|681|658|701|678|658|779|658|658|678|658|790|658|658|678|728|658|824|658|792|701|748|658|748|658|681|658|678|658|658|678|658|658|701|755|658|755|658|765|658|658|678|658|701|658|658|658|658|658|798|658|658|658|734|658|681|791|792|681|658|757|658|681|678|658|728|658|658|678|658|800|658|681|658|782|658|658|701|716|658|658|658|658|658
Iteração que foi encontrado o Melhor Global: 152
Quantas vezes o Melhor Global foi alterado (Lembrando que a verificação na inicialização acumula nesse contador): 13
Particula Inicial do melhor global:
0,488866|1,893157|0,506564|1,847746|1,693754|1,685286|1,505728|0,945741|0,199908|0,074276|1,565943|1,534856|0,439583|0,980700|1,437270|
Particula Final do melhor global:
1,090286|0,401346|0,149090|1,625713|0,405080|0,937334|1,261221|1,028908|1,850889|1,769712|0,111463|0,574784|1,335039|0,913817|0,300557|
A melhor solução desse PSO é:
10 2 14 1 4 11 13 5 
7 0 6 12 3 9 8 
Quantidade de trocas de:12,000000
Makespan: 658,000000
