808|912|621|445|705|735|872|644|626|803|616|1281|1040|746|979|569|1152|706|519|757|566|699|514|445|684|1051|1206|656|634|655|483|1075|534|628|704|717|1134|700|716|559|639|644|947|804|583|574|560|663|565|1009|579|615|956|633|715|733|876|1005|1220|549|749|884|545|854|807|524|670|1044|625|551|868|751|460|600|782|809|567|752|638|744|590|1201|631|678|625|648|1100|468|1132|677|655|784|769|840|548|1145|930|863|661|573|658|602|706|662|1108|640|615|568|880|869|644|1189|551|739|663|586|708|527|901|976|511|1170|504|579|584|712|690|608|878|825|877|702|870|513|694|493|872|960|838|801|823|657|628|968|751|718|688|860|553|907
395|369|359|390|333|378|333|356|333|333|359|336|333|356|388|355|399|333|359|333|333|359|333|333|357|370|333|333|362|333|333|333|333|365|333|376|333|333|359|333|333|357|333|333|333|343|333|333|369|369|358|333|359|333|333|374|333|333|359|333|427|333|333|333|333|333|357|333|333|374|415|333|377|333|333|333|333|333|333|362|333|370|333|395|333|390|356|333|356|386|333|357|333|333|366|355|420|374|333|333|415|333|333|333|333|333|402|333|347|333|356|361|333|333|354|333|387|333|333|375|363|393|377|333|409|359|333|359|333|356|333|357|333|375|333|357|370|378|333|333|359|399|406|377|333|359|359|359|351|375
Iteração que foi encontrado o Melhor Global: 92
Quantas vezes o Melhor Global foi alterado (Lembrando que a verificação na inicialização acumula nesse contador): 13
Particula Inicial do melhor global:
2,192214|2,783610|1,495926|1,582115|2,949597|0,959553|0,870891|0,184949|2,703952|0,285458|1,901438|2,908293|2,918912|1,230118|2,129253|
Particula Final do melhor global:
0,570869|1,033984|1,215556|1,536379|0,337429|2,842802|2,826451|0,167546|2,282886|0,527779|2,729294|2,764017|0,247456|0,972891|1,224455|
A melhor solução desse PSO é:
7 12 4 9 0 13 
1 2 14 3 
8 10 11 6 5 
Quantidade de trocas de:13,000000
Makespan: 333,000000
