611|701|715|801|743|1119|759|1067|638|931|860|759|607|552|953|593|724|586|923|1009|989|723|630|844|799|998|1007|783|739|595|688|882|1008|703|1065|1182|815|785|632|747|1291|738|592|1105|1052|841|621|727|722|662|913|864|818|833|1000|981|518|664|1161|707|922|799|1090|1047|665|614|869|1162|844|1154|936|1152|828|1010|950|872|558|853|680|836|764|580|582|696|824|647|763|812|1002|773|712|801|930|1017|793|764|645|730|695|728|909|693|746|785|721|679|816|720|721|914|1087|686|1068|1112|1332|587|1146|593|770|663|957|800|619|1031|1025|583|969|658|579|745|620|903|1092|1049|577|822|784|661|864|925|1011|852|738|748|1046|639|832|809|950|974
467|376|441|410|381|376|433|406|376|417|450|439|419|376|376|398|398|374|376|415|417|376|376|454|376|376|376|455|445|376|421|433|424|376|376|405|417|403|376|406|374|401|381|436|421|410|376|376|376|376|376|431|376|400|376|403|436|376|376|374|376|374|451|376|374|376|418|374|376|399|439|376|376|418|399|458|376|421|376|438|376|436|390|376|376|376|454|404|376|376|410|376|385|415|433|376|376|380|376|374|381|374|433|417|406|415|389|403|414|376|404|435|376|376|434|390|477|399|458|399|412|376|437|416|462|376|459|448|417|419|417|376|433|401|376|409|441|407|394|420|461|421|420|416|399|376|416|376|406|389
Iteração que foi encontrado o Melhor Global: 719
Quantas vezes o Melhor Global foi alterado (Lembrando que a verificação na inicialização acumula nesse contador): 11
Particula Inicial do melhor global:
0,022140|0,203556|2,665458|0,338172|0,500372|1,760741|1,585826|2,533499|1,060820|2,218525|1,387609|2,885251|1,946970|0,992566|0,292899|
Particula Final do melhor global:
0,105336|1,222230|1,818266|1,750307|0,533035|0,931480|1,677315|2,043202|2,280288|2,202870|1,036317|1,311670|2,471612|0,326463|0,698853|
A melhor solução desse PSO é:
0 13 4 14 5 
10 1 11 6 3 2 
7 9 8 12 
Quantidade de trocas de:11,000000
Makespan: 374,000000
