1391|1373|1136|1485|1040|1434|1153|1285|1244|1287|1225|1259|1241|1728|1687|1543|1208|1090|1465|1179|1068|1526|1317|1087|1111|1174|1609|1357|1417|1272|1583|1528|1358|1763|1450|1320|1182|1475|1221|1468|1125|1102|1433|1429|1299|1276|1083|1650|1333|1289|1341|1441|1740|1437|1310|1411|1281|1272|1207|1946|1367|1136|1745|1318|1171|1316|1732|1288|1332|1247|1675|1469|1278|1443|1329|1352|1360|1306|1161|1565|1428|1660|1532|1759|1189|1351|1281|1833|1394|1095|1452|1297|1419|1129|1279|1382|1837|1449|1603|1667|1664|1081|1319|1212|1404|1843|1664|1280|1210|1678|1332|1351|1137|1841|1074|1601|2090|1194|1125|1479|1379|1266|1215|1206|1148|1794|1158|1283|1171|2050|1381|1407|1082|1033|1405|1199|1345|1175|1134|1565|1223|1310|1442|1024|1236|2372|1108|1527|1412|1295
760|725|837|725|725|771|725|725|725|725|767|725|725|791|725|725|771|752|725|725|725|725|725|767|771|725|760|725|760|725|725|771|771|767|771|813|725|771|725|725|771|725|725|725|725|725|725|791|725|725|837|732|725|771|771|725|725|771|725|725|771|725|725|725|725|779|725|771|725|765|791|771|725|771|760|799|725|752|725|764|725|771|725|725|725|725|725|791|771|725|837|807|725|725|725|771|767|725|771|725|725|771|771|725|725|725|725|725|771|725|771|791|725|725|725|725|760|725|771|725|725|771|725|771|725|725|725|725|725|791|725|771|725|725|725|760|725|771|725|837|725|725|779|725|791|725|725|725|771|771
Iteração que foi encontrado o Melhor Global: 112
Quantas vezes o Melhor Global foi alterado (Lembrando que a verificação na inicialização acumula nesse contador): 9
Particula Inicial do melhor global:
1,507076|1,977257|0,290880|0,067371|0,750465|0,844870|1,729838|1,261025|0,028285|1,513621|0,808997|0,789324|1,246049|0,276023|0,385383|
Particula Final do melhor global:
0,129903|1,009870|1,365936|0,460336|1,738360|1,307735|1,712137|0,360887|0,369069|0,884926|1,335610|1,077214|1,575179|0,117931|0,386267|
A melhor solução desse PSO é:
13 0 7 8 14 3 9 
1 11 5 10 2 12 6 4 
Quantidade de trocas de:14,000000
Makespan: 725,000000
