517|775|522|695|743|826|577|803|540|575|533|923|544|751|800|525|613|568|427|663|690|491|589|580|510|675|626|579|681|694|710|799|565|603|705|731|1056|694|524|599|551|708|545|740|846|536|575|737|605|534|481|1113|561|604|685|499|701|503|685|507|566|787|682|786|913|770|818|828|469|681|558|822|823|553|459|646|697|553|637|657|839|562|909|575|737|612|967|494|532|462|587|888|600|497|681|633|876|805|744|742|556|662|873|548|707|828|554|434|619|515|551|981|492|539|844|1042|650|548|665|458|469|490|790|947|906|577|581|650|752|652|741|575|582|775|980|945|707|536|912|466|674|657|730|411|564|769|663|521|699|514
323|323|323|323|323|323|323|323|323|323|323|323|323|323|323|323|323|323|323|323|323|323|323|323|323|323|323|323|323|323|323|323|323|323|323|323|323|323|323|323|323|323|323|323|323|323|323|323|323|323|323|323|323|323|323|323|323|323|323|323|323|323|323|323|323|323|323|323|323|323|323|323|323|323|323|323|323|323|323|323|323|323|323|323|323|323|323|323|323|323|323|323|323|323|323|323|323|323|323|323|323|323|323|323|323|323|323|323|323|323|323|323|323|323|323|323|323|323|323|323|323|323|323|323|323|323|323|323|323|323|323|323|323|323|323|323|323|323|323|323|323|323|323|323|323|323|323|323|323|323
Iteração que foi encontrado o Melhor Global: 2
Quantas vezes o Melhor Global foi alterado (Lembrando que a verificação na inicialização acumula nesse contador): 3
Particula Inicial do melhor global:
1,593682|0,247349|0,902665|0,754574|1,598644|0,725501|0,407719|1,668719|1,005887|0,908726|0,586065|1,776101|1,016274|1,726952|1,342948|
Particula Final do melhor global:
0,459694|1,410389|0,570040|1,945742|1,678888|0,606584|0,345909|0,468009|0,493501|0,613455|1,313867|0,607310|1,760719|1,471728|1,720466|
A melhor solução desse PSO é:
6 0 7 8 2 5 11 9 
10 1 13 4 14 12 3 
Quantidade de trocas de:3,000000
Makespan: 323,000000
