389|304|303|328|607|332|472|331|639|555|429|756|487|407|542|420|446|545|355|728|496|721|611|608|511|339|486|450|636|375|634|445|289|443|397|372|396|386|368|597|486|224|671|525|401|465|474|350|519|395|591|393|386|372|361|504|568|574|351|390|333|389|423|281|565|262|434|478|370|418|542|492|609|480|371|373|524|323|420|307|472|467|488|461|561|263|422|345|298|499|326|357|407|344|527|613|334|589|568|494|742|740|364|710|506|461|347|379|681|336|417|431|495|373|813|899|346|477|688|351|429|567|291|522|434|476|555|461|514|572|606|509|326|351|565|580|417|413|712|406|513|607|462|349|398|493|355|384|288|378
147|147|147|147|147|147|147|147|147|147|149|147|147|183|147|147|147|147|147|147|147|147|170|147|147|147|147|147|147|147|147|147|149|147|149|179|147|147|157|147|147|161|147|147|147|147|147|154|147|147|161|147|147|147|151|147|147|154|147|148|147|170|147|147|147|147|154|147|147|147|147|147|161|175|147|147|147|147|147|147|147|147|161|147|147|147|147|156|147|161|147|147|147|194|147|147|147|147|161|147|147|147|147|147|170|184|170|147|147|161|181|175|147|147|147|161|147|161|147|147|147|147|147|147|168|147|147|147|147|161|149|147|147|147|147|147|161|147|147|147|161|147|147|147|147|147|193|181|147|147
Iteração que foi encontrado o Melhor Global: 64
Quantas vezes o Melhor Global foi alterado (Lembrando que a verificação na inicialização acumula nesse contador): 8
Particula Inicial do melhor global:
0,206434|2,196692|2,387796|0,123505|0,989348|0,637405|1,017063|0,588188|0,661259|2,542780|1,177829|1,532148|2,527515|2,316758|2,365744|
Particula Final do melhor global:
0,654410|2,396201|1,695347|0,870397|2,835356|1,569557|1,693033|0,544277|2,251046|1,676568|2,494884|1,851321|0,385173|2,945119|2,297671|
A melhor solução desse PSO é:
12 7 0 3 
5 9 6 2 11 
8 14 1 10 4 13 
Quantidade de trocas de:0,000000
Makespan: 147,000000
