679|782|824|959|770|561|887|691|628|821|749|665|624|847|643|793|841|632|553|635|997|779|811|746|914|790|670|501|792|876|888|648|782|635|452|897|602|871|888|966|582|713|817|962|555|530|583|575|694|492|613|622|656|999|626|849|688|513|670|660|894|695|789|846|695|748|586|755|851|634|721|853|737|756|601|821|729|549|668|508|868|583|747|580|692|984|603|663|810|815|606|683|824|875|629|533|742|631|683|605|801|518|716|1107|698|609|711|806|947|745|921|800|728|614|817|774|722|917|742|623|1100|707|640|611|629|529|679|598|639|658|657|649|787|810|549|974|483|998|1008|759|704|469|508|674|582|632|546|702|652|702
351|354|351|351|392|416|366|397|351|351|368|351|374|351|351|351|368|351|374|351|387|395|351|397|351|405|368|351|351|407|411|393|430|351|368|351|414|381|351|351|351|368|351|351|428|351|358|419|432|424|351|351|354|351|351|351|354|351|351|394|354|354|351|351|351|411|351|351|351|351|351|421|351|351|368|411|351|351|351|375|354|368|411|383|368|351|368|383|381|406|351|385|393|351|351|384|354|351|351|351|351|354|351|402|383|351|408|368|351|387|351|351|351|351|351|376|400|351|351|354|351|383|389|354|351|351|351|368|351|379|392|396|351|403|351|351|354|411|393|354|351|351|368|351|399|354|410|368|351|368
Iteração que foi encontrado o Melhor Global: 134
Quantas vezes o Melhor Global foi alterado (Lembrando que a verificação na inicialização acumula nesse contador): 7
Particula Inicial do melhor global:
0,138392|2,873647|0,221115|1,244129|2,505556|0,535510|2,109017|0,006032|0,573748|0,392515|0,419438|2,495187|2,705544|1,641029|0,404761|
Particula Final do melhor global:
1,303009|2,703892|1,904428|0,616180|1,528407|1,978882|2,214219|0,756199|0,854445|0,976054|2,910217|2,505558|1,897594|1,323847|0,845726|
A melhor solução desse PSO é:
3 7 14 8 9 
0 13 4 12 2 5 
6 11 1 10 
Quantidade de trocas de:12,000000
Makespan: 351,000000
