689|524|885|826|896|489|617|679|1200|723|711|566|628|899|652|616|558|908|720|532|472|792|1164|540|682|845|522|533|568|662|1082|614|552|1090|824|800|1070|791|707|585|595|814|663|683|832|944|591|570|635|610|627|615|648|706|878|523|530|1067|590|547|591|701|842|642|650|883|862|720|796|632|570|823|798|788|717|728|772|870|731|777|848|562|670|738|738|1030|941|791|692|719|486|598|661|878|810|738|491|593|638|834|795|592|779|697|846|964|707|570|578|815|758|658|588|637|719|673|583|628|853|1030|600|818|1163|1157|730|769|577|787|773|469|707|738|807|796|657|669|517|890|501|817|533|766|619|659|593|912|521|968|601|947
395|387|385|361|360|392|387|382|427|410|365|399|389|385|405|385|420|385|365|429|365|365|419|361|365|399|392|365|395|359|417|399|385|359|417|403|398|361|365|392|365|392|392|359|390|365|365|407|361|359|426|359|365|361|389|365|403|359|416|427|395|398|359|423|365|359|385|387|387|387|396|359|380|359|365|359|365|395|431|365|410|402|412|390|416|410|399|359|433|377|428|375|361|365|399|385|359|379|365|395|361|392|385|361|365|387|395|405|359|412|361|365|359|392|396|365|407|361|365|365|365|385|365|407|361|365|428|395|413|395|359|434|361|359|361|365|365|408|359|359|392|365|389|386|373|392|359|365|415|392
Iteração que foi encontrado o Melhor Global: 730
Quantas vezes o Melhor Global foi alterado (Lembrando que a verificação na inicialização acumula nesse contador): 12
Particula Inicial do melhor global:
2,261377|1,018575|2,337449|2,160069|0,492171|1,315618|1,486468|0,401807|2,362383|1,211767|1,561869|1,053131|2,970500|2,531628|1,995634|
Particula Final do melhor global:
1,770703|0,475150|2,804246|2,743624|2,429613|0,394117|2,200800|1,364674|2,299320|1,234977|0,113513|0,482409|0,793206|1,343047|1,813452|
A melhor solução desse PSO é:
10 5 1 11 12 
9 13 7 0 14 
6 8 4 3 2 
Quantidade de trocas de:13,000000
Makespan: 359,000000
