173|307|318|191|236|207|212|180|277|259|208|248|246|258|261|226|240|245|243|262|209|326|221|233|195|203|254|286|233|365|277|276|293|330|270|226|274|338|216|300|263|243|256|291|318|217|249|265|417|196|183|325|198|244|167|360|175|194|315|210|201|238|208|197|211|228|204|208|319|238|226|298|247|243|210|207|270|236|261|232|216|246|199|218|178|332|240|374|376|195|170|217|328|196|280|238|331|253|188|222|297|171|311|248|203|232|404|206|265|253|261|186|285|245|201|289|201|305|279|223|216|221|186|277|257|241|217|316|284|207|238|255|252|204|264|332|246|236|247|355|211|221|226|282|230|185|200|203|249|196
166|163|163|163|163|163|163|166|163|163|163|163|165|163|163|163|163|163|164|163|163|163|163|163|163|165|163|163|165|163|163|163|163|163|163|163|163|163|163|163|163|163|163|163|163|163|164|164|163|165|163|163|164|166|163|163|163|165|163|163|165|163|163|163|163|163|163|165|163|163|163|163|163|164|163|163|163|167|163|163|163|163|163|164|163|167|165|163|163|163|163|164|163|164|164|163|164|163|164|163|163|165|163|167|163|164|163|163|163|163|163|163|163|163|163|163|163|164|163|163|164|166|163|163|163|163|165|163|163|163|164|163|163|163|163|163|163|163|163|163|163|163|163|163|163|163|163|163|163|163
Iteração que foi encontrado o Melhor Global: 46
Quantas vezes o Melhor Global foi alterado (Lembrando que a verificação na inicialização acumula nesse contador): 3
Particula Inicial do melhor global:
0,470984|1,840401|0,407811|0,707516|1,327777|1,754234|1,770862|0,068902|1,790717|2,654865|1,670018|0,796752|1,126323|1,481378|0,899320|
Particula Final do melhor global:
1,311954|2,105673|1,553361|1,364100|0,976811|0,472505|0,183488|2,684284|0,389704|1,373841|2,182413|0,149345|2,514890|1,596488|0,238431|
A melhor solução desse PSO é:
11 6 14 8 5 4 
0 3 9 2 13 
1 10 12 7 
Quantidade de trocas de:0,000000
Makespan: 163,000000
