274|289|226|260|303|215|253|214|301|290|206|303|273|367|292|219|280|236|290|325|259|213|186|298|258|216|270|259|301|238|225|409|297|326|233|255|299|272|270|291|304|429|279|227|342|275|322|243|296|265|267|233|249|262|369|304|224|267|218|432|251|254|213|262|355|221|241|271|220|265|281|235|293|302|203|245|269|298|365|251|278|297|281|210|400|339|361|202|248|230|251|301|254|248|294|428|224|263|366|216|259|200|401|383|268|250|263|262|201|205|248|256|255|189|267|296|335|306|233|253|266|310|251|282|276|208|348|252|277|300|233|231|265|278|272|271|204|278|219|314|232|382|250|301|237|317|321|250|396|238
172|172|183|172|172|179|172|172|172|180|172|172|172|182|172|172|172|172|172|172|179|172|172|179|172|172|181|172|182|172|172|172|172|179|172|172|180|172|172|172|186|172|181|172|182|172|172|182|172|172|172|175|172|172|177|182|172|172|172|172|172|172|172|172|172|172|179|172|172|172|172|172|182|172|174|172|172|172|172|172|172|172|180|172|172|172|188|179|182|172|172|172|172|182|172|172|172|172|172|172|179|172|172|172|182|172|172|172|172|172|172|172|180|176|172|184|182|176|181|172|172|179|172|172|172|172|179|172|172|172|172|172|172|172|183|183|172|179|179|172|172|172|179|172|172|172|172|172|172|172
Iteração que foi encontrado o Melhor Global: 64
Quantas vezes o Melhor Global foi alterado (Lembrando que a verificação na inicialização acumula nesse contador): 5
Particula Inicial do melhor global:
2,183088|0,044915|0,910151|0,231185|2,312581|0,477723|1,022252|0,838819|0,841634|1,592257|2,799873|1,962091|2,148158|0,750854|0,744828|
Particula Final do melhor global:
1,072960|0,269400|2,339350|1,742138|0,576171|2,296427|2,893407|0,358509|2,448660|1,264646|0,092308|0,461913|2,642423|1,794244|2,076261|
A melhor solução desse PSO é:
10 1 7 11 4 
0 9 3 13 
14 5 2 8 12 6 
Quantidade de trocas de:1,000000
Makespan: 172,000000
