549|415|435|398|372|609|691|578|448|278|354|633|367|556|330|526|526|706|438|615|366|559|411|319|495|707|642|518|497|449|451|353|463|579|573|458|543|220|382|392|348|441|367|471|333|456|469|461|415|403|412|266|265|390|536|935|409|519|363|417|556|431|351|564|449|326|435|397|370|414|582|472|487|378|468|407|511|512|594|354|324|347|549|503|640|592|490|623|788|491|741|554|441|604|579|359|288|375|630|589|380|327|431|394|423|629|664|729|417|511|591|324|781|456|578|556|646|563|300|401|370|402|222|461|275|474|424|348|526|300|398|562|333|415|666|419|404|369|609|368|436|409|419|383|456|386|517|379|406|304
163|169|163|163|163|163|163|163|163|163|163|167|163|163|163|163|163|163|167|163|163|163|165|163|163|163|163|171|163|163|163|163|163|180|163|163|163|163|163|167|163|163|163|163|163|163|163|185|186|163|163|163|165|167|163|163|163|163|185|163|163|163|167|163|163|163|178|163|163|163|163|167|163|163|163|167|163|163|163|178|163|185|163|163|163|167|163|173|163|167|163|163|163|163|163|173|163|163|167|163|163|167|163|163|163|172|163|163|163|163|163|169|163|163|169|167|167|163|163|163|167|163|222|163|163|163|163|163|163|163|163|163|163|163|163|208|163|163|163|167|163|169|163|163|163|163|163|210|163|163
Iteração que foi encontrado o Melhor Global: 82
Quantas vezes o Melhor Global foi alterado (Lembrando que a verificação na inicialização acumula nesse contador): 10
Particula Inicial do melhor global:
2,440616|0,002067|1,272265|0,241112|0,231613|2,775511|0,490880|0,802445|1,920429|1,083235|1,363857|2,982045|2,098011|2,999688|2,920429|
Particula Final do melhor global:
2,434536|2,182427|1,142818|0,448986|2,440111|2,117053|1,617654|0,597991|2,987859|1,142371|2,811949|1,487315|0,925149|0,697131|2,064709|
A melhor solução desse PSO é:
3 7 13 12 
9 2 11 6 
14 5 1 0 4 10 8 
Quantidade de trocas de:0,000000
Makespan: 163,000000
