697|1046|1130|795|814|637|689|849|616|870|1021|1228|687|782|886|687|849|638|691|861|679|860|873|724|583|703|667|1011|1074|1238|713|801|739|742|771|1110|764|896|942|784|746|734|629|910|796|727|1200|1012|650|1069|700|977|751|706|1072|583|849|763|721|1004|1064|958|955|1116|685|1123|730|706|875|594|793|587|765|790|646|855|1160|1064|676|749|589|741|971|781|583|760|1000|671|717|700|634|664|979|926|781|743|725|944|845|1594|1131|769|829|923|1231|1149|633|578|1315|1114|1109|828|954|584|615|617|884|829|1119|886|790|711|1147|1037|757|831|901|739|683|945|746|864|646|1021|842|1126|612|905|903|1368|1033|941|1023|587|823|774|1104|1214|1087|1218
459|509|459|459|459|459|459|459|459|459|459|459|459|459|459|504|459|459|459|459|459|459|459|459|459|459|459|459|459|459|459|459|459|459|459|459|459|459|459|459|459|459|459|459|459|459|459|459|459|459|459|459|459|459|459|459|459|459|459|459|459|459|459|459|459|459|459|459|459|459|459|459|459|459|459|459|459|459|459|521|459|459|459|459|459|459|459|459|459|459|459|459|459|459|459|459|459|459|459|459|459|459|459|459|459|459|459|459|459|459|459|459|459|459|459|459|459|459|459|459|503|459|459|459|459|459|459|459|459|459|459|499|459|459|459|459|459|459|459|459|459|459|459|459|459|459|459|459|459|459
Iteração que foi encontrado o Melhor Global: 13
Quantas vezes o Melhor Global foi alterado (Lembrando que a verificação na inicialização acumula nesse contador): 7
Particula Inicial do melhor global:
1,297700|0,126139|0,150227|1,327358|0,681962|0,406417|1,786113|1,921765|0,506892|0,332504|0,568134|0,627325|1,149169|0,109884|0,711581|
Particula Final do melhor global:
0,333108|1,292571|1,270711|0,740416|1,910493|0,641193|0,349448|1,107146|0,968011|0,360773|1,136720|1,666868|0,350154|1,704732|0,787818|
A melhor solução desse PSO é:
0 6 12 9 5 3 14 8 
7 10 2 1 11 13 4 
Quantidade de trocas de:6,000000
Makespan: 459,000000
