880|967|753|835|972|638|646|759|745|1031|888|597|989|608|594|844|540|1397|916|1080|857|644|703|905|709|913|533|985|923|725|791|711|747|978|769|793|1073|929|654|682|1032|784|887|682|1067|635|1148|1079|889|538|986|724|806|626|773|798|1095|845|922|921|680|1199|828|529|616|782|899|1017|733|574|995|757|920|665|634|1113|850|639|900|731|921|582|582|939|1265|722|760|881|1245|1041|872|592|632|893|589|926|711|863|719|965|897|712|649|961|1053|672|621|640|552|643|906|633|772|777|943|820|495|688|599|778|878|719|658|695|1148|1591|514|723|586|582|991|998|656|764|791|777|593|526|966|995|906|786|843|997|576|651|901|878|495|766
296|365|351|299|296|296|400|296|343|296|296|397|296|296|296|296|296|296|296|296|296|344|296|296|296|357|296|359|388|326|296|412|296|387|296|296|296|296|296|296|296|296|296|383|296|296|370|393|296|296|296|398|352|394|378|296|296|323|397|387|301|296|296|296|404|296|296|296|296|296|296|299|374|296|296|296|296|356|296|296|296|296|296|326|296|394|383|296|296|296|296|296|296|407|323|357|296|296|296|296|296|296|296|296|374|296|296|296|296|394|296|296|296|296|296|296|296|296|296|296|343|296|316|296|296|296|296|296|296|296|296|296|296|296|296|355|296|394|296|296|417|301|296|387|373|394|296|296|296|296
Iteração que foi encontrado o Melhor Global: 153
Quantas vezes o Melhor Global foi alterado (Lembrando que a verificação na inicialização acumula nesse contador): 11
Particula Inicial do melhor global:
1,201130|1,642675|0,900199|1,281187|1,126889|0,747918|1,426978|1,298910|0,205917|0,118698|1,984747|0,173028|2,259115|1,770795|1,002736|
Particula Final do melhor global:
1,574840|2,138841|2,119870|1,500845|2,656780|1,665541|0,697358|0,423410|0,352348|0,476786|2,282725|2,946751|1,643018|1,791262|1,206962|
A melhor solução desse PSO é:
8 7 9 6 
14 3 0 12 5 13 
2 1 10 4 11 
Quantidade de trocas de:4,000000
Makespan: 296,000000
