217|212|244|226|227|242|221|190|223|290|265|294|243|210|197|209|224|264|248|268|286|287|226|248|245|285|278|241|372|234|215|254|204|277|288|392|273|231|205|245|266|202|217|256|198|245|230|334|393|293|253|371|222|256|253|290|206|236|305|236|206|314|249|223|366|281|280|207|208|206|226|267|337|315|222|216|247|281|287|309|224|240|295|225|316|188|230|301|240|180|334|271|218|312|331|433|269|306|282|233|192|337|230|251|240|193|268|216|235|345|262|268|313|312|292|267|231|284|194|224|211|255|230|216|257|251|249|335|373|283|208|227|240|234|244|217|214|225|225|287|241|277|348|254|197|193|278|295|259|250
176|171|174|173|177|171|176|177|176|171|171|176|175|177|173|173|171|175|173|174|171|171|173|177|179|176|177|176|174|175|171|176|176|171|172|175|177|175|174|176|171|175|173|171|177|171|173|174|171|171|173|176|176|171|173|171|171|179|178|177|177|171|173|174|171|171|171|178|176|179|174|174|171|178|171|180|176|175|175|173|179|177|175|174|173|174|171|175|173|179|171|177|173|175|171|175|171|178|176|171|179|171|171|178|171|178|179|176|174|178|172|171|174|175|171|176|176|174|171|177|171|171|171|171|171|171|174|177|174|171|178|171|173|175|176|177|173|171|174|177|171|174|179|174|171|171|179|174|173|176
Iteração que foi encontrado o Melhor Global: 94
Quantas vezes o Melhor Global foi alterado (Lembrando que a verificação na inicialização acumula nesse contador): 7
Particula Inicial do melhor global:
2,236758|2,297889|0,455383|2,320489|0,779700|1,755697|1,233270|0,615436|2,270133|1,229602|2,409611|2,989561|1,742759|2,082228|2,483465|
Particula Final do melhor global:
2,572610|0,864694|0,097936|0,596985|0,850012|2,826002|1,851258|1,124833|2,820619|0,697341|1,854513|1,804569|1,538250|2,640826|1,677206|
A melhor solução desse PSO é:
2 3 9 4 1 
7 12 14 11 6 10 
0 13 8 5 
Quantidade de trocas de:14,000000
Makespan: 171,000000
