1240|1174|681|1134|778|660|729|1066|1218|883|711|714|1119|661|1147|1252|759|728|668|816|1156|1021|710|592|855|1015|1195|1203|1026|1086|1400|780|672|923|790|846|1009|1073|745|973|809|802|911|1039|949|1072|710|881|672|905|574|696|905|1272|946|995|661|676|939|678|816|734|619|780|764|1112|836|861|750|653|738|698|881|1308|967|896|684|880|768|877|880|1066|966|858|955|951|939|871|1038|819|932|1130|853|774|702|701|805|1126|632|732|1000|696|929|825|801|763|887|918|680|671|772|864|1285|886|856|806|913|741|723|762|1241|845|1110|867|601|1169|753|854|794|816|1043|920|967|804|945|1268|735|721|1005|913|709|683|946|751|644|682|1051|947|961|756
493|493|493|486|493|493|459|459|493|493|493|493|493|459|459|459|493|493|493|459|493|493|486|493|493|493|488|493|493|459|459|459|459|493|459|459|459|493|493|459|459|459|459|459|493|493|493|493|459|459|459|493|493|459|493|493|459|459|459|493|459|493|493|493|459|493|493|493|493|493|493|493|493|459|493|459|493|459|459|459|459|459|493|493|493|459|493|493|486|493|493|493|493|486|459|486|493|493|459|493|493|459|493|459|459|493|459|493|493|493|459|486|493|493|459|493|459|459|459|493|493|493|493|493|493|459|493|493|493|459|493|493|459|493|459|459|459|493|459|459|493|493|493|459|493|459|459|493|493|493
Iteração que foi encontrado o Melhor Global: 603
Quantas vezes o Melhor Global foi alterado (Lembrando que a verificação na inicialização acumula nesse contador): 7
Particula Inicial do melhor global:
1,543933|0,593393|1,108981|0,897674|1,646763|1,162568|0,539122|1,312438|0,376734|0,634332|0,058846|1,518947|1,402449|1,132462|1,753623|
Particula Final do melhor global:
1,639605|0,999631|0,326852|1,656286|0,526538|1,012741|1,437933|0,829084|1,652492|1,558973|0,478503|0,901114|1,621673|0,364623|1,742347|
A melhor solução desse PSO é:
2 13 10 4 7 11 1 
5 6 9 12 0 8 3 14 
Quantidade de trocas de:6,000000
Makespan: 459,000000
