309|272|323|316|384|341|359|248|288|345|303|284|297|438|269|311|330|286|266|251|395|273|364|355|291|313|334|271|338|384|299|259|258|345|250|284|296|415|293|302|339|337|259|465|310|292|352|366|320|280|259|286|299|285|273|312|272|275|244|267|254|348|367|315|308|250|267|388|262|286|289|252|357|272|277|274|313|334|261|271|261|306|337|265|425|256|289|385|286|306|256|303|415|250|348|288|456|292|328|358|253|337|337|394|256|324|266|305|263|319|333|332|281|293|376|387|288|258|303|257|271|327|267|313|333|398|339|296|289|302|296|342|278|297|279|336|385|278|284|296|406|283|263|255|370|269|327|268|291|301
234|230|233|230|233|235|235|230|236|234|241|230|234|235|233|234|235|234|235|236|235|235|234|230|230|230|235|233|234|230|235|235|234|230|234|234|239|233|230|237|230|230|233|239|234|234|233|234|235|230|230|230|238|230|230|235|236|233|236|230|234|238|233|230|230|230|235|234|230|235|230|235|236|233|230|236|230|230|230|235|235|230|235|230|230|230|234|235|234|233|235|234|237|230|235|230|230|236|234|234|230|235|230|235|230|235|235|233|230|238|230|235|237|234|234|230|235|230|230|235|235|230|233|234|234|234|230|236|235|241|234|234|238|230|233|235|230|236|240|235|237|230|230|235|230|230|233|230|235|235
Iteração que foi encontrado o Melhor Global: 169
Quantas vezes o Melhor Global foi alterado (Lembrando que a verificação na inicialização acumula nesse contador): 7
Particula Inicial do melhor global:
0,220456|0,930557|0,529236|0,381284|1,195210|1,817951|0,523379|1,792394|1,176635|1,389900|0,710918|0,431179|1,351119|0,846907|0,134257|
Particula Final do melhor global:
1,795038|1,658332|0,394028|1,483180|0,463511|0,355335|0,204453|1,607483|1,851578|1,096881|0,744305|0,270499|0,412078|0,392514|1,141175|
A melhor solução desse PSO é:
6 11 5 13 2 12 4 10 
9 14 3 7 1 0 8 
Quantidade de trocas de:15,000000
Makespan: 230,000000
