441|550|612|395|537|617|680|328|476|660|585|303|593|273|345|387|400|317|406|397|347|480|414|473|563|561|421|487|617|338|377|492|448|477|389|537|574|402|439|735|412|549|459|522|499|467|500|737|525|454|319|584|731|387|490|475|490|345|398|612|699|468|432|434|527|275|232|416|369|351|451|574|468|647|456|515|370|532|432|323|329|516|704|433|499|414|534|614|320|464|387|569|468|535|378|492|614|422|388|370|441|297|607|622|485|818|484|561|372|610|469|507|248|361|394|414|280|413|476|378|320|688|295|525|355|526|414|404|347|418|442|649|220|685|244|332|564|354|528|340|524|485|820|426|530|536|435|287|525|349
147|147|147|147|148|147|147|147|147|147|147|147|147|147|147|159|147|156|147|147|147|147|147|147|147|147|147|147|183|147|147|147|147|147|147|147|147|147|147|147|147|147|193|159|147|147|147|147|147|147|147|147|147|149|189|147|147|147|147|166|147|154|147|147|165|147|147|147|158|147|147|147|147|147|156|147|147|147|147|147|159|147|159|147|159|194|147|164|147|147|147|147|159|147|149|147|154|154|147|147|147|147|147|159|147|147|147|147|164|147|147|147|147|147|147|147|147|147|147|147|147|147|147|147|147|147|147|147|147|147|159|147|147|147|147|147|147|147|147|147|147|147|159|147|147|147|147|147|147|181
Iteração que foi encontrado o Melhor Global: 58
Quantas vezes o Melhor Global foi alterado (Lembrando que a verificação na inicialização acumula nesse contador): 5
Particula Inicial do melhor global:
2,986111|1,691900|1,564157|0,555413|2,493245|0,415723|2,489981|2,900988|0,424195|1,587560|2,912748|0,317054|1,130367|1,221817|0,680266|
Particula Final do melhor global:
0,690508|2,174204|2,236020|0,522700|2,459719|1,524657|1,179832|0,589243|1,088383|1,049913|1,574772|2,702545|0,665231|2,211217|2,011566|
A melhor solução desse PSO é:
3 7 12 0 
9 8 6 5 10 
14 1 13 2 4 11 
Quantidade de trocas de:0,000000
Makespan: 147,000000
