798|972|847|1342|1332|757|1084|1052|1354|995|711|964|1208|1379|815|758|937|978|889|1049|772|1038|1110|1308|806|1046|805|851|713|997|923|1041|1094|880|876|903|650|829|1002|837|955|803|774|1073|876|1068|999|1049|771|1452|756|865|734|960|865|735|758|819|903|1080|1014|1255|1162|916|985|992|830|1144|1014|1518|1021|973|844|828|734|819|1144|787|861|762|1241|832|909|823|1092|814|1092|1165|778|865|836|994|688|796|1004|1453|825|1032|693|1248|768|792|730|816|1183|964|1228|982|780|839|1396|1114|765|897|753|746|1053|1202|763|826|1202|989|867|784|894|1067|981|928|1012|899|1042|740|1333|852|1145|847|1103|765|1099|1020|809|1425|1003|1214|918|1083|1190|1151|975|1081
453|453|453|453|453|530|498|453|453|511|453|453|453|453|453|498|453|498|453|453|453|453|453|480|453|498|453|453|453|453|453|453|453|453|478|453|453|453|453|453|453|453|453|453|453|453|453|468|453|536|478|494|453|453|453|453|453|453|453|532|453|453|478|480|453|453|453|453|535|453|498|453|453|453|453|453|453|453|453|453|453|453|453|506|453|453|453|453|498|453|514|453|453|453|498|453|453|453|508|512|539|478|468|474|453|453|453|480|453|498|453|453|453|512|453|512|453|453|453|453|453|453|453|453|453|453|453|560|453|498|453|478|453|453|453|453|474|453|478|453|480|453|453|453|453|453|453|453|453|453
Iteração que foi encontrado o Melhor Global: 57
Quantas vezes o Melhor Global foi alterado (Lembrando que a verificação na inicialização acumula nesse contador): 8
Particula Inicial do melhor global:
1,820129|0,118496|1,606639|1,399136|0,335356|0,919043|0,926672|0,120311|0,142012|1,313671|0,893322|1,915439|1,235724|0,963936|0,775385|
Particula Final do melhor global:
1,573349|0,530499|0,797942|1,732463|1,123059|1,669670|0,377733|1,221740|0,651823|1,109608|1,534108|0,371345|0,309571|1,779908|0,754211|
A melhor solução desse PSO é:
12 11 6 1 8 14 2 
9 4 7 10 0 5 3 13 
Quantidade de trocas de:6,000000
Makespan: 453,000000
