273|366|431|243|314|269|296|242|278|270|320|323|228|244|281|241|429|277|392|393|247|262|298|273|275|246|315|324|302|252|306|291|378|361|260|339|319|277|273|332|284|368|361|299|236|300|254|257|410|288|288|290|311|300|330|243|332|395|408|287|339|396|272|262|254|316|302|238|252|270|400|341|259|224|275|231|219|301|228|325|419|284|291|367|388|270|380|263|370|291|269|321|296|231|346|258|303|286|332|275|317|260|331|257|254|307|297|392|365|233|263|402|294|276|240|247|255|252|250|280|219|241|282|258|239|301|310|287|294|292|219|253|221|290|290|283|286|283|246|362|277|314|260|261|361|300|249|235|278|354
208|203|199|206|206|199|206|204|198|202|203|198|202|196|202|198|198|198|203|198|198|206|198|198|198|207|198|203|199|200|203|206|196|198|196|201|198|196|198|198|198|198|198|198|203|205|203|196|201|199|200|201|204|207|198|201|202|203|196|196|207|202|198|200|199|198|206|198|204|205|198|199|199|203|200|204|196|198|203|198|198|199|205|199|199|205|199|200|203|201|196|198|201|199|203|198|204|206|198|202|206|198|200|198|203|200|196|202|203|203|199|196|198|206|201|202|199|198|203|201|205|205|200|196|206|201|203|202|199|203|202|198|198|196|196|196|198|198|203|199|199|200|201|199|207|196|198|200|198|198
Iteração que foi encontrado o Melhor Global: 589
Quantas vezes o Melhor Global foi alterado (Lembrando que a verificação na inicialização acumula nesse contador): 8
Particula Inicial do melhor global:
1,244404|0,994332|2,061060|0,777082|1,567863|2,939075|1,012644|1,713525|2,092314|2,547848|2,910057|0,374909|0,727579|1,411459|1,924384|
Particula Final do melhor global:
0,722709|2,797342|2,503526|1,664580|0,518289|2,276910|1,513413|0,332846|1,663879|1,844720|2,206083|1,983841|0,556316|0,544596|2,420672|
A melhor solução desse PSO é:
7 4 13 12 0 
6 8 3 9 11 
10 5 14 2 1 
Quantidade de trocas de:13,000000
Makespan: 196,000000
