821|532|653|924|647|519|867|618|652|661|691|457|690|541|600|800|569|546|819|459|483|526|541|544|438|596|903|798|729|862|474|515|831|663|593|519|580|502|841|463|596|537|564|423|371|823|617|944|737|601|837|742|523|479|748|617|656|654|618|683|978|612|657|648|933|659|528|805|900|765|543|451|738|836|608|761|529|459|597|607|483|462|685|695|667|926|585|720|937|603|499|690|569|658|586|730|581|510|470|570|778|540|855|695|690|745|759|577|474|690|694|495|587|496|631|469|476|674|1089|598|710|580|783|476|610|575|513|608|655|724|707|576|570|476|479|553|803|654|612|611|641|941|688|955|870|636|706|640|673|524
323|323|323|323|323|323|323|323|323|323|323|323|323|323|323|323|323|323|323|323|323|323|323|323|323|323|323|323|323|323|323|323|323|323|323|323|323|323|323|323|323|323|323|323|323|323|323|323|323|323|323|323|323|323|323|323|323|323|323|323|323|323|323|323|323|323|323|323|323|323|323|323|323|323|323|323|323|323|323|323|323|323|323|323|323|323|323|323|323|323|323|323|323|323|323|323|323|323|323|323|323|323|323|323|323|323|323|323|323|323|323|323|323|323|323|323|323|323|323|323|323|323|323|323|323|323|323|323|323|323|323|323|323|323|323|323|323|323|323|323|323|323|323|323|323|323|323|323|323|323
Iteração que foi encontrado o Melhor Global: 4
Quantas vezes o Melhor Global foi alterado (Lembrando que a verificação na inicialização acumula nesse contador): 4
Particula Inicial do melhor global:
0,567205|1,986373|1,866724|1,623042|1,874777|0,436662|1,512201|0,254772|1,089088|0,181516|1,660622|1,403954|1,009111|1,631464|0,957947|
Particula Final do melhor global:
0,214218|1,509205|0,033426|1,799496|1,224356|1,439397|0,614474|1,557292|0,547722|0,499169|1,125269|0,541369|1,057326|1,502402|0,858710|
A melhor solução desse PSO é:
2 0 9 11 8 6 14 
12 10 4 5 13 1 7 3 
Quantidade de trocas de:3,000000
Makespan: 323,000000
