820|945|721|866|1108|810|931|1011|1208|767|885|868|1049|951|1028|1010|882|902|848|771|950|861|1044|903|1051|772|958|1020|924|713|1123|1172|939|1072|1068|952|1026|758|1192|894|920|687|885|1175|823|675|882|1067|926|1092|936|903|1062|913|793|1240|1129|1231|1179|692|1020|1249|855|983|1354|756|1080|1236|967|1010|814|1032|1091|880|1340|824|962|1085|1294|854|970|807|1051|986|1134|786|1030|1077|928|1243|1514|1245|1101|906|716|755|817|894|820|1022|860|712|1282|1010|974|1064|858|1447|787|858|1123|785|859|742|1492|903|987|913|822|900|1364|1024|861|925|946|766|1126|1134|846|982|1116|806|1157|1028|964|817|887|999|867|930|1058|1071|783|937|1240|997|1109|848|1456|919
453|453|453|480|453|453|453|478|453|453|453|453|478|453|478|478|453|453|453|453|453|453|453|453|453|478|453|453|453|478|453|453|453|453|453|453|453|453|453|453|453|453|480|499|453|506|453|537|453|453|453|453|453|453|453|453|453|453|478|453|453|453|453|453|453|453|453|453|453|453|478|453|453|478|453|453|453|453|453|453|453|453|472|453|453|453|453|453|453|453|453|453|453|453|453|536|498|478|453|453|453|453|478|498|453|453|453|453|453|453|453|453|453|453|453|494|498|453|478|453|453|453|453|501|453|453|453|480|453|453|453|453|453|453|453|453|453|453|453|453|453|453|478|453|453|453|453|498|498|453
Iteração que foi encontrado o Melhor Global: 63
Quantas vezes o Melhor Global foi alterado (Lembrando que a verificação na inicialização acumula nesse contador): 8
Particula Inicial do melhor global:
1,317290|1,375362|0,182174|0,936517|1,577814|1,409255|1,990795|0,497370|0,207194|0,524651|1,391346|0,781322|0,169786|0,512601|0,451694|
Particula Final do melhor global:
1,660657|0,162975|0,222331|1,481018|1,139604|1,762924|0,356038|1,540155|0,329253|1,196951|1,619427|0,815111|0,629022|1,228857|0,598484|
A melhor solução desse PSO é:
1 2 8 6 14 12 11 
4 9 13 3 7 10 0 5 
Quantidade de trocas de:6,000000
Makespan: 453,000000
