231|212|187|184|247|237|210|209|271|198|228|252|177|199|203|172|325|188|153|282|235|178|300|166|293|283|192|189|230|231|175|207|191|193|182|185|190|195|230|247|162|164|284|210|247|156|214|272|218|230|259|183|229|228|183|160|177|217|161|179|215|169|295|188|315|225|204|164|166|254|204|265|201|214|180|196|212|213|257|183|164|209|195|175|192|269|166|170|237|213|242|159|157|234|176|159|202|187|213|233|178|259|180|242|196|167|220|188|259|227|221|204|222|259|223|188|199|204|211|217|176|273|181|183|265|226|225|188|199|207|170|203|192|179|256|207|197|287|289|254|283|246|217|301|186|175|355|169|280|232
143|145|141|146|144|141|144|145|140|145|141|140|145|140|145|140|143|143|141|141|141|145|141|140|143|141|140|140|146|143|140|140|147|142|140|140|140|143|146|140|145|141|146|143|145|146|144|141|143|141|146|144|145|143|140|146|143|144|143|141|141|142|140|140|144|145|142|145|144|145|140|142|142|144|141|146|141|144|143|144|142|145|146|140|144|143|144|141|140|143|144|141|145|140|141|140|144|140|140|144|145|142|140|143|144|140|144|141|140|142|140|145|140|143|142|141|144|140|140|142|146|144|143|140|143|144|143|144|143|141|140|140|142|140|142|144|140|143|144|143|143|142|145|141|145|145|144|141|142|144
Iteração que foi encontrado o Melhor Global: 378
Quantas vezes o Melhor Global foi alterado (Lembrando que a verificação na inicialização acumula nesse contador): 8
Particula Inicial do melhor global:
0,661403|0,848783|1,115211|0,017588|1,131611|2,056846|1,669588|1,464754|0,826102|1,019159|2,518513|2,914433|1,595272|0,699805|2,368870|
Particula Final do melhor global:
1,114615|2,212802|2,084920|0,861156|1,646867|1,294813|1,896100|0,840610|1,051381|2,248569|0,205389|2,590363|0,538013|2,140687|0,754443|
A melhor solução desse PSO é:
10 12 14 7 3 
8 0 5 4 6 
2 13 1 9 11 
Quantidade de trocas de:12,000000
Makespan: 140,000000
