272|333|312|330|261|225|284|281|307|490|293|379|294|252|270|290|245|272|420|286|245|361|260|422|306|267|433|374|309|321|332|303|261|366|250|218|308|396|337|359|288|300|272|238|286|429|319|275|283|281|384|203|396|307|263|328|300|248|250|259|311|235|257|310|271|262|266|400|243|227|239|326|337|350|255|473|278|253|338|365|340|429|239|271|281|328|225|290|324|385|425|313|275|255|275|317|279|277|357|287|325|268|425|376|260|290|251|284|244|229|324|209|282|288|300|275|307|294|374|315|247|340|279|260|250|308|231|323|357|351|238|279|298|283|259|216|248|388|243|274|306|402|315|311|271|230|417|424|276|254
204|208|206|204|201|203|201|204|203|201|203|200|196|200|206|202|206|201|201|203|200|203|203|196|196|201|202|199|206|196|201|207|198|197|202|196|206|200|203|200|203|203|201|199|203|205|200|201|201|201|207|203|206|204|199|199|197|201|196|209|200|201|202|203|201|202|206|200|202|205|209|204|201|203|206|203|197|208|199|203|203|203|200|196|200|198|205|199|208|196|199|206|206|200|199|203|196|203|201|201|205|203|201|203|201|204|201|196|201|204|204|206|205|202|203|199|201|201|203|200|204|196|198|204|200|202|206|201|203|199|200|204|205|205|203|198|201|203|204|205|204|206|200|200|201|196|202|199|202|201
Iteração que foi encontrado o Melhor Global: 452
Quantas vezes o Melhor Global foi alterado (Lembrando que a verificação na inicialização acumula nesse contador): 6
Particula Inicial do melhor global:
0,612631|0,487290|1,062364|0,474652|2,909684|2,152644|2,466444|2,300541|2,882922|0,822982|0,692187|1,637146|1,363422|1,092275|0,687015|
Particula Final do melhor global:
1,507928|2,349188|2,492688|2,889392|2,336419|0,352572|0,171978|1,080703|1,674702|0,480260|0,929262|2,550788|1,298607|1,455135|0,486681|
A melhor solução desse PSO é:
6 5 9 14 10 
7 12 13 0 8 
4 1 2 11 3 
Quantidade de trocas de:13,000000
Makespan: 196,000000
