538|568|549|700|589|552|536|536|617|795|676|423|497|575|630|711|616|889|972|678|561|752|661|641|703|500|574|551|1121|726|526|551|979|522|922|633|714|509|489|651|583|481|683|493|528|681|761|684|870|710|456|615|613|893|631|708|605|561|580|754|462|998|592|838|599|702|586|473|636|538|701|902|606|756|605|712|807|572|608|638|501|1055|836|502|677|689|587|619|475|671|632|466|578|748|659|694|658|823|421|607|568|631|607|731|920|444|646|476|943|611|783|450|655|1117|556|496|607|764|989|719|546|481|526|592|593|676|897|541|600|719|799|723|849|721|784|847|525|591|586|504|728|579|707|502|493|1037|536|664|464|563
323|323|323|323|323|323|323|323|323|323|323|323|323|323|323|323|323|323|323|323|345|323|323|323|323|323|323|323|323|323|323|323|323|345|323|323|323|323|323|323|323|323|323|323|323|323|323|323|323|366|323|340|323|323|378|323|351|323|323|323|323|340|323|323|323|323|323|323|323|323|323|340|323|323|323|345|323|323|323|323|323|340|323|323|323|323|323|323|323|323|323|323|323|323|323|340|340|340|323|323|323|340|340|323|323|323|323|323|323|323|323|323|323|323|323|323|323|340|323|323|323|340|340|323|323|323|323|323|323|323|323|323|323|323|323|323|323|323|323|323|323|323|323|323|323|340|323|323|323|323
Iteração que foi encontrado o Melhor Global: 29
Quantas vezes o Melhor Global foi alterado (Lembrando que a verificação na inicialização acumula nesse contador): 5
Particula Inicial do melhor global:
0,142981|1,909320|0,446498|1,542212|0,530738|1,752390|0,879193|0,796149|0,815982|1,279509|0,751093|0,732224|1,388611|1,188127|1,848695|
Particula Final do melhor global:
0,944964|1,495092|0,621090|1,097806|1,387078|0,575985|0,492101|0,571243|0,657911|0,333432|1,052213|0,776834|1,133331|1,901400|1,026601|
A melhor solução desse PSO é:
9 6 7 5 2 8 11 0 
14 10 3 12 4 1 13 
Quantidade de trocas de:3,000000
Makespan: 323,000000
