962|949|1456|1607|1287|1066|1599|1197|1283|1041|1291|1646|1186|1838|1300|1183|1041|1629|1584|1369|1555|1287|1140|1425|1854|1276|1497|1295|1035|1267|1339|1763|1060|1366|1268|1264|1071|1276|1243|1293|1284|1114|1270|1527|1064|1057|1152|1870|1260|1176|1381|1506|1488|2118|1553|1057|1148|1450|991|1148|1731|1612|1293|1032|1136|1344|1643|1212|1835|1501|1528|1215|1552|1364|1188|1051|1240|1300|1092|1253|1037|1097|1058|1307|1184|1424|1036|1492|1261|1255|1069|1227|1749|1078|1146|1195|1486|1240|1311|1231|1393|1705|1069|1304|1007|1635|1492|1501|1421|2277|1498|1569|1163|967|1557|963|1304|1515|1252|1587|1344|1946|1185|988|1181|1122|1185|1107|1592|1410|1540|1211|1625|1083|1404|1534|1826|1278|1218|1337|1280|1323|2005|1073|857|1036|1022|1323|1421|1359
765|781|779|848|695|695|695|731|817|781|695|695|695|810|728|728|695|816|678|824|754|695|731|695|752|787|844|759|678|857|695|695|829|844|749|815|695|781|801|695|695|731|827|695|695|703|729|702|783|695|751|798|695|783|735|798|817|728|819|736|817|695|695|728|808|728|722|695|678|762|695|817|702|736|728|695|752|695|695|698|782|825|748|748|748|695|780|760|757|822|722|695|695|832|695|698|762|695|728|778|770|817|695|810|765|695|753|806|748|702|781|831|695|858|789|845|695|731|695|765|702|817|779|782|814|728|695|798|695|782|695|695|786|801|795|748|748|817|725|785|762|722|817|695|789|695|812|783|764|748
Iteração que foi encontrado o Melhor Global: 981
Quantas vezes o Melhor Global foi alterado (Lembrando que a verificação na inicialização acumula nesse contador): 11
Particula Inicial do melhor global:
1,064149|0,959294|0,578708|1,069492|1,575314|0,917813|0,210684|1,571071|0,842462|1,338668|1,401381|0,740288|0,892070|0,698309|1,867836|
Particula Final do melhor global:
1,767711|0,405369|0,830831|1,639809|0,750106|0,600419|1,722037|1,032728|0,651361|1,103341|0,210754|1,698614|1,104529|0,295258|0,626546|
A melhor solução desse PSO é:
10 13 1 5 14 8 4 2 
7 9 12 3 11 6 0 
Quantidade de trocas de:12,000000
Makespan: 678,000000
