253|238|234|257|209|256|196|312|217|303|222|284|201|229|189|420|193|180|335|192|281|300|244|303|277|215|268|229|210|195|274|242|294|270|205|172|206|258|234|219|238|179|269|312|415|238|233|209|321|202|231|192|264|210|202|246|264|310|239|268|264|278|236|230|257|262|249|265|277|266|242|192|211|321|212|205|368|288|217|269|232|351|306|262|179|234|188|197|273|201|229|267|199|209|200|240|236|216|204|197|261|194|284|255|234|222|224|214|275|324|308|212|191|203|211|198|189|248|313|247|234|192|249|192|202|207|327|194|213|337|199|207|296|334|227|214|184|230|298|177|219|267|202|198|204|229|229|191|229|271
163|163|167|163|163|163|165|163|163|163|165|163|164|163|166|163|163|166|165|165|164|163|163|163|165|166|167|164|163|163|164|163|164|164|165|165|164|167|163|163|164|166|163|164|163|163|164|163|166|163|163|163|163|163|166|165|165|163|165|163|163|166|163|163|163|165|165|164|163|163|163|164|163|163|165|166|166|163|167|163|163|163|163|163|163|163|166|163|165|163|163|163|163|163|166|163|165|165|166|163|163|163|163|163|165|163|163|163|164|163|163|164|166|163|163|166|167|163|165|165|163|165|164|164|163|163|165|163|164|163|163|163|165|163|163|163|166|165|163|164|163|167|164|165|163|164|163|163|164|164
Iteração que foi encontrado o Melhor Global: 12
Quantas vezes o Melhor Global foi alterado (Lembrando que a verificação na inicialização acumula nesse contador): 4
Particula Inicial do melhor global:
0,996796|2,109357|1,885718|0,240234|2,683501|0,991790|1,730626|1,480209|0,433077|1,363869|1,401169|1,331394|1,525950|0,176400|1,726755|
Particula Final do melhor global:
1,234063|2,914599|0,753630|0,151788|0,351593|1,229422|1,292445|1,701076|2,881175|0,978600|2,999159|1,593137|1,429917|0,226868|2,284560|
A melhor solução desse PSO é:
3 13 4 2 9 
5 0 6 12 11 7 
14 8 1 10 
Quantidade de trocas de:0,000000
Makespan: 163,000000
