315|337|326|262|261|355|255|252|255|353|278|265|284|261|407|283|314|286|300|278|303|375|356|287|350|314|249|327|333|308|295|312|320|275|322|261|411|387|258|268|348|261|361|253|299|311|253|358|316|259|258|309|315|446|277|292|320|266|270|293|271|269|382|248|400|257|307|286|263|311|397|264|255|299|287|335|285|329|260|305|404|280|279|302|274|341|264|364|358|355|350|334|339|358|340|259|255|322|267|261|265|328|328|303|336|284|285|354|309|324|334|325|318|265|266|253|378|267|371|278|302|294|316|304|274|283|354|275|378|294|296|310|261|247|268|255|309|297|310|372|267|285|288|288|328|279|323|262|368|381
234|234|231|231|234|234|234|234|233|234|237|234|233|234|231|231|234|234|234|234|234|234|234|234|234|234|234|234|234|234|234|234|234|234|234|234|234|234|235|234|234|231|234|234|234|234|234|234|234|234|231|234|234|234|234|231|234|234|234|234|234|234|234|231|234|234|234|234|234|234|234|234|234|237|234|234|234|232|234|234|234|234|234|234|234|234|234|234|234|234|234|234|234|233|233|234|231|234|234|234|231|234|233|234|234|234|236|232|234|234|234|234|234|233|238|234|234|234|234|234|234|234|234|234|234|234|233|234|231|234|234|231|234|234|234|237|234|234|234|234|231|234|234|234|234|234|234|234|234|234
Iteração que foi encontrado o Melhor Global: 320
Quantas vezes o Melhor Global foi alterado (Lembrando que a verificação na inicialização acumula nesse contador): 7
Particula Inicial do melhor global:
1,154911|0,782299|1,039766|0,223054|1,839581|0,867532|1,744598|1,395269|0,883153|0,308761|0,898407|1,608890|1,175238|1,204113|0,074224|
Particula Final do melhor global:
0,490398|0,401725|0,662323|1,453405|1,111476|0,678791|0,989126|1,279652|1,159154|1,545927|0,855747|0,312298|0,862739|0,701799|1,512196|
A melhor solução desse PSO é:
11 1 0 2 5 13 10 12 6 
4 8 7 3 14 9 
Quantidade de trocas de:14,000000
Makespan: 231,000000
