334|560|457|229|511|415|312|454|650|457|706|577|268|543|526|426|329|344|419|407|566|445|308|302|482|460|274|360|444|637|722|431|262|410|663|397|279|331|638|375|312|393|346|525|472|367|383|428|791|458|613|447|815|438|528|383|345|544|313|437|414|426|503|578|432|383|464|344|497|936|617|463|506|623|473|460|413|420|452|501|418|449|506|483|481|244|334|471|441|275|458|442|507|610|500|338|436|381|512|587|314|370|467|416|485|501|330|446|389|504|462|331|418|602|332|393|516|661|330|683|533|435|483|319|595|361|547|356|394|439|422|523|709|298|390|444|454|622|459|295|443|541|345|501|487|453|445|572|382|463
163|182|182|163|163|182|163|163|163|163|163|163|163|163|163|163|165|163|163|163|163|163|163|163|163|174|163|172|178|163|182|182|163|163|169|163|163|163|163|163|163|163|163|163|189|163|163|163|163|202|169|182|163|176|163|163|163|163|174|163|177|182|163|165|163|163|163|163|163|163|173|163|163|163|163|165|163|165|163|163|222|172|174|163|163|163|163|172|189|163|163|163|163|163|163|165|163|163|163|163|174|163|163|163|163|163|173|163|163|163|163|163|163|163|163|172|163|163|163|207|163|163|163|163|173|182|182|163|163|163|163|179|163|163|163|172|194|163|163|163|163|163|163|172|163|163|163|163|163|163
Iteração que foi encontrado o Melhor Global: 167
Quantas vezes o Melhor Global foi alterado (Lembrando que a verificação na inicialização acumula nesse contador): 8
Particula Inicial do melhor global:
1,317252|2,144839|0,291676|1,298639|0,668158|2,778903|2,477422|2,304594|1,615277|0,202208|1,158443|1,055798|0,569257|1,436844|0,233907|
Particula Final do melhor global:
0,802750|0,676656|1,444820|2,872766|0,791516|0,860497|1,558645|2,276941|0,213790|1,999578|0,672621|1,711815|2,327108|2,187965|0,319713|
A melhor solução desse PSO é:
8 14 10 1 4 0 5 
2 6 11 9 
13 7 12 3 
Quantidade de trocas de:0,000000
Makespan: 163,000000
