213|187|367|509|161|515|516|352|183|232|207|279|195|340|148|300|154|197|216|259|294|567|248|191|205|218|234|303|243|336|213|360|366|204|170|333|192|188|253|250|342|281|290|306|509|262|187|242|269|246|189|373|272|325|213|177|426|324|358|313|241|277|267|527|282|176|179|348|365|315|161|379|174|297|212|453|180|227|211|227|212|394|158|192|386|563|268|165|207|281|493|210|308|246|183|279|204|259|349|210|283|392|330|278|348|309|240|209|245|154|444|168|145|204|231|320|160|233|362|248|172|440|194|176|160|166|277|320|258|212|195|273|345|313|179|184|210|251|232|203|238|156|272|268|151|178|198|160|394|175
143|142|142|143|143|142|142|143|142|143|143|143|145|142|145|144|144|144|142|142|142|142|143|143|143|144|143|143|142|143|142|142|143|142|143|143|143|143|144|142|142|143|142|142|143|143|142|142|142|142|142|142|143|143|142|143|142|143|143|143|143|143|142|142|143|142|143|142|142|143|143|143|144|142|142|143|142|142|142|142|142|142|143|143|142|143|143|143|142|143|142|142|142|143|142|142|142|143|143|143|142|142|144|142|142|143|143|143|143|142|142|143|143|142|142|146|143|142|143|142|143|142|145|143|143|143|143|143|142|142|143|142|142|143|143|144|142|145|142|142|142|142|142|144|142|144|143|145|142|143
Iteração que foi encontrado o Melhor Global: 381
Quantas vezes o Melhor Global foi alterado (Lembrando que a verificação na inicialização acumula nesse contador): 4
Particula Inicial do melhor global:
1,577428|2,884100|0,850059|1,285959|2,724810|1,063905|2,947587|2,617181|2,885423|1,715294|1,173251|1,633051|1,463234|2,883127|2,265015|
Particula Final do melhor global:
2,608619|1,939164|1,566561|2,126806|0,375214|0,864932|0,591905|0,999749|1,467881|1,201517|2,463024|1,251649|2,024149|1,640335|0,732387|
A melhor solução desse PSO é:
4 6 14 5 7 
9 11 8 2 13 1 
12 3 10 0 
Quantidade de trocas de:0,000000
Makespan: 142,000000
