253|161|181|156|251|193|213|228|178|195|234|208|277|264|282|194|220|166|251|175|246|265|205|263|186|192|201|233|255|269|179|230|243|194|237|167|224|169|239|178|175|183|199|197|194|181|236|285|216|244|197|182|239|206|206|214|179|176|190|210|208|217|262|188|183|204|230|182|241|295|189|231|188|168|241|198|192|195|180|163|193|237|339|211|206|151|189|231|222|201|355|334|190|173|185|295|219|240|223|200|235|188|207|242|190|170|214|187|231|199|248|228|223|206|228|213|195|209|149|188|160|241|211|341|270|282|227|221|171|199|219|273|199|312|180|154|211|290|276|181|201|161|192|219|216|161|204|167|242|231
144|143|144|146|144|146|145|142|145|142|142|145|144|142|144|142|144|142|142|147|142|145|140|143|142|143|142|142|142|145|142|142|144|143|142|143|144|144|142|143|145|142|141|142|144|142|144|143|142|144|140|141|142|143|141|142|144|142|142|144|142|142|140|144|142|146|142|143|144|140|143|142|145|143|140|144|140|143|140|142|144|144|142|144|143|143|142|142|143|147|145|144|144|141|144|143|145|142|142|142|140|143|142|143|142|142|142|144|142|144|145|142|141|144|146|144|142|144|142|140|144|142|144|140|144|143|144|142|142|144|142|143|143|142|142|143|142|142|143|143|144|143|146|142|144|145|142|142|145|144
Iteração que foi encontrado o Melhor Global: 478
Quantas vezes o Melhor Global foi alterado (Lembrando que a verificação na inicialização acumula nesse contador): 8
Particula Inicial do melhor global:
1,379939|2,420470|1,450379|2,231109|2,689823|1,917347|1,934407|1,995852|1,800052|1,442834|0,288621|0,000620|2,062807|2,658025|2,895854|
Particula Final do melhor global:
0,512048|2,372389|1,552463|1,546531|1,051320|0,777263|2,323352|1,902844|1,678195|1,021704|0,232904|2,735178|1,838684|0,790460|0,520256|
A melhor solução desse PSO é:
10 0 14 5 13 
9 4 3 2 8 12 7 
6 1 11 
Quantidade de trocas de:11,000000
Makespan: 140,000000
