706|714|629|851|823|736|689|717|643|737|701|981|506|828|751|714|775|991|791|692|1066|719|984|563|563|913|1040|795|664|615|704|732|672|655|1001|826|762|494|610|771|629|749|631|633|723|694|613|697|820|495|843|820|636|659|833|1212|628|1049|675|595|680|719|502|544|791|637|595|558|575|462|752|715|859|470|914|911|874|983|1008|1445|1025|719|454|755|852|834|1143|662|848|514|1105|631|781|737|1062|1042|1088|752|877|1049|851|695|918|725|610|676|563|587|646|502|715|611|1062|735|568|790|744|688|692|959|771|625|957|774|619|673|506|477|907|675|640|1111|1037|813|654|498|872|726|1148|569|796|799|579|1022|655|970|1370|594|691|768
296|296|296|373|296|296|296|299|296|296|296|296|296|296|296|296|296|296|296|296|296|296|296|296|296|433|316|296|296|296|296|296|296|296|328|296|296|296|296|296|296|296|296|296|296|296|296|296|296|296|296|296|356|296|299|296|296|296|296|321|296|296|296|296|296|375|296|296|296|296|296|296|296|296|296|296|296|296|296|296|325|296|363|299|296|296|296|296|296|296|296|296|296|296|296|296|296|296|296|296|296|296|296|296|296|296|296|296|296|296|299|296|296|296|296|296|296|296|296|325|299|296|296|296|296|296|426|370|296|296|299|296|296|296|328|341|296|296|368|296|296|296|296|296|296|296|296|296|296|296
Iteração que foi encontrado o Melhor Global: 18
Quantas vezes o Melhor Global foi alterado (Lembrando que a verificação na inicialização acumula nesse contador): 7
Particula Inicial do melhor global:
2,797009|1,171669|1,399891|2,503576|2,396928|2,053141|2,463289|2,457481|1,987590|2,681616|2,689996|1,816713|0,667689|2,125993|2,883278|
Particula Final do melhor global:
1,695811|0,570444|0,423271|1,724117|0,203954|1,034876|2,857258|2,395595|2,789088|2,507474|0,276195|0,623600|1,144472|1,128160|1,905639|
A melhor solução desse PSO é:
4 10 2 1 11 
5 13 12 0 3 14 
7 9 8 6 
Quantidade de trocas de:4,000000
Makespan: 296,000000
