679|1003|982|1215|912|700|730|961|927|853|873|1151|1121|780|1062|818|879|808|884|808|622|1127|751|945|809|691|1153|929|987|965|1042|1019|1310|1033|781|840|860|687|870|820|1232|878|785|1039|1298|827|1016|850|742|938|842|1238|709|935|784|676|1098|835|794|972|855|1232|1559|933|1046|1049|922|768|827|852|776|781|1126|1207|906|954|1273|841|646|724|839|1187|988|947|860|754|926|811|1128|1215|805|854|793|982|1116|848|1104|842|839|869|935|1086|898|992|723|1112|858|667|1067|1026|955|891|903|937|1309|1000|942|710|831|916|852|1280|803|822|996|849|1165|1057|1435|783|763|833|1173|985|946|996|766|756|1079|819|848|777|1180|691|811|786|681|1312|892|751
474|534|499|474|474|500|474|474|494|499|474|474|474|553|494|478|494|474|474|474|474|474|474|474|474|474|474|474|474|474|474|499|535|474|474|474|537|474|474|474|474|474|474|474|474|474|474|565|494|499|474|494|500|474|547|474|474|474|474|474|474|474|506|474|474|474|474|474|474|538|499|474|474|488|474|474|474|474|474|474|474|474|474|474|499|474|474|474|474|549|474|488|478|567|474|499|474|520|499|494|474|474|530|474|561|535|474|474|474|499|589|474|474|474|474|474|474|474|474|474|474|474|514|474|474|474|499|474|474|474|478|474|499|474|474|544|494|474|474|474|499|474|499|474|474|474|494|474|520|474
Iteração que foi encontrado o Melhor Global: 44
Quantas vezes o Melhor Global foi alterado (Lembrando que a verificação na inicialização acumula nesse contador): 6
Particula Inicial do melhor global:
1,443962|0,404211|1,929215|1,367828|1,017330|1,230546|1,356313|0,984093|0,878511|1,196536|1,977269|1,017053|1,699849|0,791300|0,088190|
Particula Final do melhor global:
0,002257|1,913098|1,310451|0,864249|1,259100|0,829064|1,576000|0,514261|1,373373|0,768975|1,351190|1,274116|0,498937|0,977632|0,692823|
A melhor solução desse PSO é:
0 12 7 14 9 5 3 13 
4 11 2 10 8 6 1 
Quantidade de trocas de:7,000000
Makespan: 474,000000
