185|229|267|197|282|231|204|159|246|177|199|278|187|183|219|190|292|275|241|188|256|177|212|228|251|245|216|262|305|178|188|321|244|315|235|238|296|250|259|220|177|202|205|258|191|253|202|162|180|174|268|223|207|183|269|159|205|192|179|193|354|206|205|162|174|232|211|198|229|239|242|253|176|163|264|204|280|188|247|220|254|230|196|263|171|190|238|312|214|166|204|210|229|200|213|266|240|198|249|218|242|191|206|251|275|219|252|261|226|173|226|186|157|251|199|227|224|214|279|181|231|201|253|208|188|198|307|242|200|165|219|238|175|175|256|207|206|171|169|161|220|244|186|216|213|201|163|193|198|164
146|150|149|150|148|147|149|151|146|151|146|146|146|146|148|148|148|149|148|149|148|149|153|146|150|151|149|150|152|146|146|147|146|149|146|146|150|146|148|146|148|148|148|146|146|149|148|148|146|146|146|151|146|149|150|151|146|151|146|149|149|152|146|151|150|148|149|152|149|146|146|151|147|148|151|146|146|149|147|146|150|152|152|146|146|148|150|146|149|148|146|146|148|146|150|150|146|146|149|149|146|152|148|151|150|148|148|151|148|149|146|146|152|146|148|146|148|150|146|152|146|146|150|148|148|146|146|146|146|146|146|152|148|148|148|150|150|154|148|151|146|146|151|146|149|151|150|150|149|146
Iteração que foi encontrado o Melhor Global: 60
Quantas vezes o Melhor Global foi alterado (Lembrando que a verificação na inicialização acumula nesse contador): 7
Particula Inicial do melhor global:
1,486043|1,106729|2,704963|0,346369|2,932294|1,593554|1,884580|1,172309|0,511072|2,074167|1,848682|1,722341|0,989245|0,251103|2,414267|
Particula Final do melhor global:
2,890679|1,687640|2,668567|1,106646|0,281243|0,954644|0,968805|0,400602|1,440735|2,596288|1,039065|1,646758|2,077718|0,588566|2,252601|
A melhor solução desse PSO é:
4 7 13 5 6 
10 3 8 11 1 
12 14 9 2 0 
Quantidade de trocas de:16,000000
Makespan: 146,000000
