745|1216|592|772|529|622|986|714|1345|1084|717|955|782|1143|1102|907|578|537|1331|1362|940|871|984|1029|649|979|841|925|1140|913|678|796|1118|977|1454|588|1079|711|1068|807|617|700|985|809|502|1160|1096|1039|989|781|1177|884|1230|803|965|785|1211|970|1181|655|655|938|706|1024|1257|832|632|1090|702|549|881|681|875|619|789|733|566|1095|851|838|652|654|892|788|685|943|772|732|1104|844|707|743|1069|982|772|1133|586|736|680|847|898|929|504|711|708|747|681|702|774|610|1102|903|550|1085|686|939|839|947|1160|848|828|640|666|789|920|694|824|860|722|1055|827|529|1126|614|1052|1326|1383|724|672|602|759|661|1217|819|1195|673|788|1622|1220|903
456|395|395|441|392|417|467|387|395|473|424|434|438|429|447|414|441|429|442|457|445|461|421|395|385|387|410|432|433|443|399|392|395|399|414|429|414|395|429|453|387|445|399|410|422|399|438|426|391|399|395|437|385|403|455|410|435|387|387|436|395|395|467|411|447|454|387|387|452|399|434|429|395|427|410|395|395|445|404|433|417|387|399|404|385|434|410|395|434|442|387|395|420|439|457|399|395|411|429|404|460|428|432|466|395|399|395|468|419|420|448|459|452|459|395|434|432|418|385|401|472|404|392|395|451|421|453|437|395|431|433|399|433|395|399|462|427|427|455|447|395|399|419|441|418|399|399|424|407|404
Iteração que foi encontrado o Melhor Global: 679
Quantas vezes o Melhor Global foi alterado (Lembrando que a verificação na inicialização acumula nesse contador): 11
Particula Inicial do melhor global:
0,009947|1,738904|2,865125|0,134957|0,081893|0,549199|2,972275|2,367617|0,184609|2,253327|2,647867|2,055180|0,947239|2,482723|0,014392|
Particula Final do melhor global:
1,805238|0,529647|0,708959|0,525404|0,971547|1,825240|2,258405|2,747594|1,897558|2,190688|1,788350|0,302352|2,274022|0,272350|0,919431|
A melhor solução desse PSO é:
13 11 3 1 2 14 4 
10 0 5 8 
9 6 12 7 
Quantidade de trocas de:11,000000
Makespan: 385,000000
