688|832|793|866|940|1118|934|888|897|714|775|968|704|911|1231|1409|912|791|717|738|839|953|1511|956|635|807|1156|1435|741|774|714|765|638|1041|758|713|1238|977|709|993|986|1167|865|1128|809|846|950|816|995|884|1027|956|902|1065|928|1147|1162|750|795|1417|1122|966|942|857|1066|812|815|756|772|1146|1193|1183|843|1025|806|912|839|789|1022|764|881|866|669|1003|857|1003|978|1280|933|933|1159|778|948|1110|1031|948|1215|887|1010|846|1084|841|716|883|1527|710|1014|737|1031|982|727|846|1117|866|783|1236|833|1018|749|1045|1431|988|1282|970|1057|1234|928|789|1381|914|1181|941|1208|1211|975|766|849|954|668|843|947|789|749|933|1031|780|865|1175|761|951
498|498|498|498|498|498|498|498|498|498|498|498|498|498|498|498|498|498|498|498|498|498|498|498|590|498|498|496|498|498|498|498|498|498|508|508|498|498|498|498|498|498|498|498|498|498|498|498|536|498|533|498|498|498|498|498|498|498|498|498|498|498|498|498|498|498|498|498|498|498|498|498|498|498|498|498|498|498|567|498|504|498|498|498|498|498|498|498|498|508|498|498|530|498|498|498|498|498|498|501|498|498|498|498|498|498|498|498|498|498|498|498|498|498|498|533|498|498|498|498|498|498|498|498|498|498|498|498|498|514|508|498|498|498|498|498|549|533|498|498|498|498|498|498|498|498|498|498|498|498
Iteração que foi encontrado o Melhor Global: 923
Quantas vezes o Melhor Global foi alterado (Lembrando que a verificação na inicialização acumula nesse contador): 5
Particula Inicial do melhor global:
0,624310|0,068786|0,728739|1,333261|0,833617|0,606384|0,959398|0,714627|0,552782|0,786006|1,609228|0,853270|1,971233|0,251159|1,576269|
Particula Final do melhor global:
0,173729|0,718762|0,483838|1,161474|1,230406|1,154876|0,386428|0,275550|0,563911|0,273645|1,833241|1,629521|1,998204|1,196705|0,722487|
A melhor solução desse PSO é:
0 9 7 6 2 8 1 14 
5 3 13 4 11 10 12 
Quantidade de trocas de:7,000000
Makespan: 496,000000
