1413|1396|1252|1711|1160|1063|1113|1344|1596|1135|2244|1116|1699|1230|1860|1233|1384|1193|1424|1259|1232|1181|1158|1589|1167|1508|1494|1363|1085|1645|1017|1942|1196|1467|1364|1182|1837|1561|1373|1185|1616|1134|1316|1335|1858|1121|1281|1871|1425|1032|1338|1914|1655|1221|1710|1351|1190|1507|1327|1116|1178|1641|1458|1463|1436|1893|1331|1439|1334|1050|1065|1260|1324|1483|1320|1209|1193|1271|1017|1525|1073|1041|1903|1153|1293|1476|1472|1234|1238|1965|1712|1299|1599|923|1293|1180|1181|1592|1143|1115|1096|1627|1264|1312|1767|1239|1437|1617|1319|1596|1027|1199|1409|1135|1153|2051|1399|1276|1072|1182|1856|1051|1195|1404|1193|1574|1634|1086|1437|1568|1325|1238|1130|1123|1599|1235|1455|967|2570|1004|1690|1340|1577|1116|1315|1016|1155|1542|1133|1298
741|782|741|763|741|795|741|798|798|771|803|741|837|795|741|741|799|798|798|741|849|763|795|791|795|833|795|798|741|795|798|791|795|795|795|795|741|795|763|791|767|741|782|741|795|763|799|763|763|795|741|795|795|741|795|795|755|798|795|771|795|795|763|741|795|795|763|767|782|795|795|741|741|741|755|798|795|763|741|795|748|771|755|830|795|741|741|833|795|791|741|852|795|795|795|795|799|755|741|833|795|741|763|741|798|795|791|741|764|798|741|791|741|795|741|819|741|809|741|795|795|741|795|755|795|795|799|852|822|755|755|866|755|741|798|818|763|741|795|832|795|741|741|741|741|763|771|783|763|795
Iteração que foi encontrado o Melhor Global: 233
Quantas vezes o Melhor Global foi alterado (Lembrando que a verificação na inicialização acumula nesse contador): 11
Particula Inicial do melhor global:
1,285922|1,834342|1,497320|0,820088|1,499666|0,073226|1,135230|0,713945|1,872402|1,261773|1,597645|1,672994|0,374478|1,238777|0,034191|
Particula Final do melhor global:
1,081891|0,743148|1,429243|1,473271|0,662846|1,301709|0,686032|1,315805|0,547935|1,681081|0,930583|0,746988|0,845149|0,692371|1,663007|
A melhor solução desse PSO é:
8 4 6 13 1 11 12 10 
0 5 7 2 3 14 9 
Quantidade de trocas de:14,000000
Makespan: 741,000000
