1354|1618|1398|2220|2086|1360|1579|1741|1790|1753|1442|1420|1223|2104|1555|1432|1568|1976|1417|1547|1318|1589|1566|1792|1666|1462|1736|1462|1402|1393|2313|1367|1191|1292|1400|1799|1703|1395|1442|1313|1507|1638|1999|1109|1156|1294|1489|1332|1293|1714|1546|1356|1205|1172|1124|1773|1487|1668|1288|1511|1696|1467|1341|1546|1205|1545|1572|1459|1423|1504|1343|1360|1133|1237|1499|1961|1439|1370|1513|1888|1363|2008|1242|1493|1370|1378|1991|1396|1421|1451|1268|1246|1489|1295|1654|1690|1912|1270|1515|1994|1472|1301|1648|1668|1607|1308|1154|1706|1693|1235|1772|1244|1100|2048|1398|1640|1583|1256|1375|1172|1467|1923|1383|1199|1295|1527|1885|1849|1756|1191|1545|1527|1658|1256|1038|1464|1343|1457|1786|1352|1748|1316|1567|1864|1078|1513|1360|1601|2165|1430
846|776|776|884|822|889|884|889|822|846|779|776|891|777|777|909|777|822|820|822|777|777|776|777|814|913|844|831|844|779|822|777|822|777|822|956|846|822|777|777|822|887|846|985|777|779|837|776|843|776|777|843|846|842|777|777|777|777|822|846|841|777|776|908|776|844|822|822|777|843|808|776|820|777|822|777|776|776|776|779|844|777|777|779|779|822|777|846|846|846|776|776|777|777|776|776|776|777|777|779|875|776|777|887|822|874|777|779|820|777|858|776|776|844|822|887|776|846|777|779|943|887|846|779|822|776|792|776|822|779|822|777|844|821|777|822|831|777|846|777|777|777|846|777|846|779|776|846|864|843
Iteração que foi encontrado o Melhor Global: 410
Quantas vezes o Melhor Global foi alterado (Lembrando que a verificação na inicialização acumula nesse contador): 10
Particula Inicial do melhor global:
0,794534|1,403314|1,732425|1,600989|0,846886|0,720284|1,714574|0,186357|0,320804|0,585755|0,120738|1,938895|0,855184|0,512350|1,953804|
Particula Final do melhor global:
0,342879|0,850883|1,986859|0,612002|0,534046|1,027220|1,839086|0,127211|1,429050|1,060871|0,815567|1,441736|1,197573|1,250896|1,425714|
A melhor solução desse PSO é:
7 0 4 3 10 1 
5 9 12 13 14 8 11 6 2 
Quantidade de trocas de:15,000000
Makespan: 776,000000
