282|285|359|235|388|226|271|244|264|269|258|216|242|309|205|279|243|228|281|362|207|269|309|260|328|211|224|188|298|269|373|316|377|243|222|373|258|222|220|347|297|252|236|261|302|226|231|248|318|370|311|257|311|238|250|338|412|273|230|251|243|352|288|296|273|223|356|200|198|246|323|307|255|315|205|341|230|345|254|325|242|245|218|302|285|232|270|315|261|221|226|286|253|386|416|229|278|209|276|220|223|218|294|276|339|338|242|203|382|339|332|263|319|249|294|263|261|292|220|363|246|229|285|301|405|229|314|246|432|239|234|227|266|218|222|275|287|273|245|338|366|236|274|221|261|347|261|228|332|275
181|182|172|172|174|172|172|182|172|176|172|172|172|178|182|172|185|172|172|172|172|178|172|177|172|172|172|184|178|172|174|176|181|172|172|179|172|185|179|176|174|172|178|172|172|172|172|173|184|178|182|184|178|180|173|172|173|172|172|178|178|183|177|173|181|172|183|185|184|172|176|172|172|178|178|181|182|177|174|179|172|172|178|179|176|172|172|184|179|181|173|172|184|172|172|176|180|173|172|179|172|172|173|176|172|181|184|178|183|172|179|180|176|172|184|172|172|172|182|172|178|174|174|182|177|172|185|181|172|182|184|177|181|172|178|178|178|184|183|172|172|172|174|182|172|182|181|182|184|172
Iteração que foi encontrado o Melhor Global: 653
Quantas vezes o Melhor Global foi alterado (Lembrando que a verificação na inicialização acumula nesse contador): 8
Particula Inicial do melhor global:
0,930873|1,887535|0,616896|0,099494|2,855504|2,970466|1,856971|2,809316|0,546611|1,032045|1,037720|1,844463|1,864462|2,966606|0,046543|
Particula Final do melhor global:
1,135787|2,978604|0,490795|1,437817|2,379612|0,898374|0,543171|2,323060|0,314609|1,258186|2,837324|2,097049|0,343939|1,512146|0,688719|
A melhor solução desse PSO é:
8 12 2 6 14 5 
0 9 3 13 
11 7 4 10 1 
Quantidade de trocas de:1,000000
Makespan: 172,000000
