701|679|462|619|681|630|763|574|647|751|719|635|623|689|670|661|737|757|577|547|673|849|666|614|663|885|641|532|517|608|658|552|900|911|512|891|536|555|634|600|796|806|868|649|859|774|502|530|619|631|587|754|722|754|703|803|883|760|507|849|499|646|645|772|709|550|557|702|523|510|709|509|658|732|991|930|413|828|622|670|747|517|698|786|549|662|522|624|638|683|624|520|816|977|642|593|405|597|613|511|542|572|641|558|773|479|601|545|586|711|623|570|792|413|619|934|693|521|773|671|513|639|1008|607|499|723|435|857|515|671|639|969|906|591|575|773|570|674|571|891|575|566|908|565|619|596|488|558|683|580
312|322|288|322|340|288|288|365|288|333|372|322|322|322|322|327|303|322|322|330|322|315|320|366|342|327|334|327|306|367|330|322|323|338|322|365|322|322|288|322|322|322|322|329|331|288|328|323|322|329|322|347|395|306|361|373|322|340|317|288|288|361|340|337|327|322|327|322|288|343|322|312|344|356|288|322|288|323|333|340|373|288|362|288|322|323|362|346|312|361|327|306|354|340|288|357|288|322|350|288|340|323|322|322|349|327|329|337|385|329|319|326|288|333|288|327|322|288|322|326|327|319|312|322|312|361|323|340|333|353|340|309|312|385|323|288|322|323|375|319|333|322|288|312|306|320|306|288|340|322
Iteração que foi encontrado o Melhor Global: 270
Quantas vezes o Melhor Global foi alterado (Lembrando que a verificação na inicialização acumula nesse contador): 13
Particula Inicial do melhor global:
1,315448|0,041774|0,816865|1,383695|0,975090|2,119381|0,371817|0,610829|0,029940|0,283885|0,020513|2,391536|1,224248|1,539671|0,446643|
Particula Final do melhor global:
2,737051|1,516653|2,263212|1,894349|1,880463|0,233664|2,207996|2,589698|0,962318|0,716752|2,864209|0,871628|2,912106|0,781014|1,142669|
A melhor solução desse PSO é:
5 9 13 11 8 
14 1 4 3 
6 2 7 0 10 12 
Quantidade de trocas de:13,000000
Makespan: 288,000000
