430|405|696|528|809|561|495|521|742|637|515|814|538|593|608|800|836|656|420|840|628|883|635|915|568|426|554|559|526|507|455|419|749|646|486|644|433|430|449|945|728|634|830|583|638|498|726|476|457|541|1046|802|687|1137|461|535|862|917|646|643|925|549|658|526|834|610|1046|453|682|439|537|674|774|854|642|496|602|481|577|417|874|784|876|495|551|794|834|401|537|517|620|748|676|554|750|714|443|530|840|567|674|712|789|1176|419|923|638|959|549|435|449|1012|573|627|485|437|549|632|685|471|561|714|604|602|484|460|523|537|800|446|720|912|625|544|706|697|555|680|903|739|626|933|548|653|550|574|743|756|871|454
252|252|252|272|252|259|272|272|252|252|272|252|252|252|272|252|252|252|252|252|272|252|272|273|272|252|257|252|259|259|252|252|272|252|252|252|252|252|272|252|252|252|272|252|259|252|252|272|252|252|272|252|252|252|252|252|318|252|252|268|252|285|272|252|252|252|252|252|252|272|305|305|252|252|289|272|302|252|252|259|254|252|252|252|252|287|252|272|252|252|252|252|280|252|252|252|252|252|252|252|252|252|252|252|252|259|252|252|252|264|259|252|272|252|252|252|252|252|252|272|252|252|252|252|252|252|252|272|328|252|259|259|252|252|252|252|252|261|272|252|254|252|252|272|272|252|252|252|263|252
Iteração que foi encontrado o Melhor Global: 102
Quantas vezes o Melhor Global foi alterado (Lembrando que a verificação na inicialização acumula nesse contador): 8
Particula Inicial do melhor global:
2,746190|0,884125|2,675989|0,937943|2,750331|0,224177|1,296710|1,561365|0,159231|2,896438|2,531425|0,393892|0,862742|2,842777|1,784124|
Particula Final do melhor global:
1,450949|0,403306|0,716496|1,849740|0,747901|1,747150|2,920798|1,862813|2,361722|2,104670|0,773276|0,963630|1,458035|1,866821|1,777482|
A melhor solução desse PSO é:
1 2 4 10 11 
0 12 5 14 3 7 13 
9 8 6 
Quantidade de trocas de:4,000000
Makespan: 252,000000
