956|730|1003|765|820|1138|919|861|1371|1103|768|868|727|1075|1097|902|665|1510|876|745|860|928|950|999|863|1227|1022|709|985|968|1280|833|595|942|796|869|873|976|1152|848|836|1322|861|745|948|1216|607|924|1462|933|805|796|773|998|1331|926|1099|1165|858|1086|676|1016|899|1291|838|830|840|1041|1269|812|881|1235|998|1071|1139|1276|965|1227|1196|1697|1201|906|726|750|653|979|1041|949|988|1019|1024|1079|866|782|780|1061|1650|1118|844|1081|785|1068|1177|754|1172|1230|675|981|763|1235|852|1064|1045|1230|812|809|794|771|1061|828|1048|829|1071|1276|1183|1180|806|1093|1383|762|1123|783|1175|838|924|762|734|828|863|1166|1028|941|828|819|906|855|812|1021|818|826
468|476|468|476|476|468|468|468|468|476|468|468|500|476|468|468|573|468|476|476|476|506|468|476|537|476|476|476|476|518|476|476|518|476|476|468|468|476|476|476|476|506|468|476|468|476|468|468|468|476|476|468|476|468|468|468|468|468|468|468|541|476|476|468|468|468|468|506|468|476|476|468|468|476|476|468|468|468|476|468|476|468|575|468|468|476|468|468|468|476|468|476|468|468|468|468|537|549|557|468|468|468|476|476|468|468|468|476|476|468|476|468|468|537|476|476|468|506|476|476|468|560|468|468|468|468|476|476|476|476|476|468|468|484|468|468|468|468|468|476|476|538|476|468|468|468|468|476|476|476
Iteração que foi encontrado o Melhor Global: 233
Quantas vezes o Melhor Global foi alterado (Lembrando que a verificação na inicialização acumula nesse contador): 5
Particula Inicial do melhor global:
1,616486|1,106007|1,971579|0,119956|0,798338|1,948551|0,968014|1,444132|0,595593|0,714516|1,265069|0,186502|0,762210|0,557172|1,415067|
Particula Final do melhor global:
0,663860|1,367774|0,120733|0,713033|1,756033|1,357655|0,634576|1,788342|0,516375|0,659536|1,153966|1,099089|0,896510|1,049400|0,314564|
A melhor solução desse PSO é:
2 14 8 6 9 0 3 12 
13 11 10 5 1 4 7 
Quantidade de trocas de:7,000000
Makespan: 468,000000
