418|474|540|291|404|709|561|570|329|729|678|268|549|624|373|493|434|370|564|580|528|714|448|471|403|372|336|525|497|586|216|337|335|281|336|345|493|408|444|618|345|460|602|587|699|364|721|313|493|410|289|672|328|433|574|352|448|653|382|248|238|460|836|473|576|476|496|511|395|601|392|300|448|413|336|462|309|570|645|339|490|292|343|483|367|347|370|366|421|395|502|365|371|293|499|313|509|408|297|408|573|412|502|509|538|417|353|603|315|667|438|220|498|554|450|353|446|365|612|341|361|454|437|637|654|362|584|568|438|270|502|534|481|496|399|439|422|297|568|424|439|378|482|489|487|634|309|358|475|338
147|147|147|192|206|147|147|147|147|147|159|147|178|147|147|147|147|147|147|147|147|159|147|147|147|147|147|147|147|149|188|147|147|147|158|147|159|159|147|147|147|147|147|147|168|147|147|155|147|147|147|147|147|147|147|157|147|147|147|147|147|147|147|147|147|147|147|147|152|147|147|147|185|147|147|147|147|147|147|147|147|147|147|147|147|147|147|147|148|147|147|147|147|147|147|147|164|147|147|147|147|147|147|147|147|147|147|154|147|148|147|159|147|147|147|147|147|147|147|147|147|147|159|147|147|147|147|147|147|147|152|147|159|147|159|147|147|147|147|147|147|147|147|147|147|147|147|147|168|147
Iteração que foi encontrado o Melhor Global: 113
Quantas vezes o Melhor Global foi alterado (Lembrando que a verificação na inicialização acumula nesse contador): 8
Particula Inicial do melhor global:
2,558371|2,779591|0,483526|1,881728|2,132601|0,685325|0,068285|0,811849|2,943542|1,406139|1,773966|2,709587|0,144288|2,587327|1,097623|
Particula Final do melhor global:
1,180114|0,213333|2,795010|1,542848|0,333343|2,466833|2,182562|1,722489|0,370740|2,046209|0,080065|2,405407|1,568690|0,165458|0,578308|
A melhor solução desse PSO é:
10 13 1 4 8 14 
0 3 12 7 
9 6 11 5 2 
Quantidade de trocas de:0,000000
Makespan: 147,000000
