900|623|647|930|431|433|665|806|583|765|1018|500|592|568|592|700|742|784|618|722|592|522|445|507|580|570|501|725|683|491|527|721|524|679|832|537|726|563|777|716|559|620|527|502|557|815|759|695|992|826|468|599|573|755|493|686|579|700|559|639|689|957|543|626|866|610|447|536|551|538|771|752|504|585|729|671|489|684|463|773|581|769|785|690|585|870|470|713|1017|474|749|760|637|734|719|705|562|721|689|707|488|753|718|543|586|835|481|637|647|550|612|646|715|531|548|616|526|745|610|446|615|1079|897|586|535|541|736|572|483|738|859|736|933|659|426|838|476|943|554|702|480|487|503|577|697|585|485|503|604|655
313|313|374|338|341|326|387|313|336|348|373|336|328|348|323|333|317|313|348|311|387|311|384|371|301|317|313|311|394|311|348|313|301|311|313|311|336|311|348|301|348|354|354|301|311|313|363|339|330|337|340|313|311|324|317|313|329|313|313|313|313|352|354|340|328|313|301|311|346|311|348|313|313|313|313|313|313|313|325|311|363|313|348|313|301|301|313|391|313|359|313|359|369|365|313|311|313|313|313|354|313|313|313|313|349|353|313|335|313|313|301|344|340|311|313|351|313|348|330|301|313|317|313|326|348|311|313|340|361|322|342|355|311|313|340|313|336|381|364|313|311|314|313|336|313|313|360|349|317|340
Iteração que foi encontrado o Melhor Global: 338
Quantas vezes o Melhor Global foi alterado (Lembrando que a verificação na inicialização acumula nesse contador): 7
Particula Inicial do melhor global:
2,135914|0,216832|0,007317|0,384530|1,188129|1,366003|1,306925|2,090023|1,803014|2,693257|1,301662|2,323436|0,951782|2,824806|0,281159|
Particula Final do melhor global:
0,754418|0,965630|2,659849|0,071677|0,521295|1,772478|2,183071|2,156349|1,522026|1,587331|2,777374|1,331711|2,990399|1,340139|0,813511|
A melhor solução desse PSO é:
3 4 0 14 1 
11 13 8 9 5 
7 6 2 10 12 
Quantidade de trocas de:14,000000
Makespan: 301,000000
