214|218|250|243|174|226|327|181|170|194|334|225|156|264|312|239|209|214|253|231|219|260|295|183|228|199|214|208|208|299|168|204|170|273|227|171|218|277|203|236|283|231|203|344|219|191|199|243|195|257|228|290|202|209|225|178|167|285|209|328|361|282|194|231|244|198|256|209|185|269|160|217|233|203|229|244|178|217|212|328|328|184|186|246|245|272|218|242|305|222|188|183|224|248|218|179|249|278|233|256|258|253|193|224|218|248|171|252|212|245|218|255|274|267|206|247|241|246|261|166|208|169|181|257|236|200|197|238|227|290|187|160|241|202|288|243|245|283|205|192|230|225|199|201|169|376|239|270|179|164
153|152|152|152|155|152|152|152|157|152|152|153|152|152|152|152|152|154|152|154|152|152|154|154|152|152|154|152|152|154|156|159|152|152|160|156|154|152|152|156|155|158|152|152|152|153|156|152|152|152|157|152|155|155|152|161|152|152|156|153|152|154|153|156|152|152|155|152|153|155|155|152|152|152|152|156|156|152|159|152|152|157|154|154|154|154|157|154|152|152|152|155|154|152|152|155|153|152|152|152|152|156|152|156|152|152|152|153|155|154|152|152|156|153|152|157|154|154|153|153|156|154|156|152|156|154|155|154|152|158|152|155|154|155|152|152|155|154|154|152|156|152|157|158|152|152|155|152|158|155
Iteração que foi encontrado o Melhor Global: 38
Quantas vezes o Melhor Global foi alterado (Lembrando que a verificação na inicialização acumula nesse contador): 4
Particula Inicial do melhor global:
2,484802|2,750804|0,139924|2,399051|0,817854|1,041667|0,774755|2,699516|1,547352|2,568554|0,739033|1,455107|0,685801|2,494779|2,870749|
Particula Final do melhor global:
2,066893|2,041629|0,205359|0,528728|1,750440|2,525836|2,866687|0,911710|0,266243|1,147981|2,826140|1,625407|0,625222|1,096754|2,738632|
A melhor solução desse PSO é:
2 8 3 12 7 
13 9 11 4 
1 0 5 14 10 6 
Quantidade de trocas de:14,000000
Makespan: 152,000000
