1312|744|577|773|753|788|832|709|942|804|862|800|702|1050|1062|527|997|1028|708|832|724|973|1111|769|1126|1026|924|928|1127|580|924|589|756|1425|792|887|659|976|837|695|647|864|948|816|703|921|728|833|1132|646|696|852|982|834|828|900|740|810|755|818|905|744|1004|1105|1065|713|609|732|933|631|1117|1331|1290|750|831|1234|645|1052|780|935|865|907|827|842|701|1076|642|726|826|805|793|1059|1047|773|912|888|664|809|687|864|596|895|637|973|914|862|940|894|1387|1277|1351|858|782|792|797|754|693|914|707|598|580|673|739|1050|787|774|718|717|1050|672|738|731|906|1016|683|705|1242|648|715|684|755|722|859|974|744|1276|853|746|600|695
459|459|459|459|459|459|459|459|459|459|459|459|459|459|459|459|459|459|459|459|459|459|459|459|459|459|459|459|459|459|459|459|499|459|459|503|459|459|459|459|459|459|459|459|459|459|459|459|459|459|459|459|459|459|459|459|459|459|459|459|459|459|459|459|459|459|459|459|459|459|459|459|459|459|459|459|459|459|459|459|459|459|459|459|459|459|459|459|459|459|459|459|459|459|459|459|459|459|459|459|459|459|459|459|459|459|459|459|459|459|459|459|459|459|459|459|459|459|459|459|459|459|459|459|459|459|459|459|459|459|459|459|459|459|459|459|459|459|459|459|459|459|459|459|459|459|459|459|459|459
Iteração que foi encontrado o Melhor Global: 68
Quantas vezes o Melhor Global foi alterado (Lembrando que a verificação na inicialização acumula nesse contador): 6
Particula Inicial do melhor global:
1,283403|0,576355|1,342308|1,864771|0,116046|1,024886|0,409020|1,869054|1,524168|1,528730|1,237106|0,013392|0,225476|0,972783|1,046176|
Particula Final do melhor global:
1,429154|0,429545|0,846347|1,407503|0,199240|1,459849|1,729586|0,920481|1,438796|1,442783|0,159462|0,645612|1,252249|0,683270|1,039295|
A melhor solução desse PSO é:
10 4 1 11 13 2 7 
14 12 3 0 8 9 5 6 
Quantidade de trocas de:6,000000
Makespan: 459,000000
