289|239|279|241|226|283|330|251|360|282|239|311|335|304|257|375|324|272|248|286|299|251|289|305|282|252|445|250|292|423|322|234|315|282|220|332|390|252|369|214|360|380|221|240|243|279|326|248|324|322|284|261|213|380|250|319|291|451|296|211|312|257|246|333|434|255|262|245|257|284|250|259|226|397|309|326|308|277|326|246|349|259|474|367|269|296|307|350|217|225|312|314|332|286|336|255|255|279|269|279|269|249|233|241|271|430|302|235|311|255|340|363|250|256|413|280|243|340|213|281|282|329|275|337|364|258|238|289|261|256|296|287|254|262|234|236|230|345|203|323|452|290|290|383|220|327|213|240|265|279
201|201|208|204|207|204|203|204|207|201|202|205|203|201|208|204|201|208|200|201|206|201|201|204|203|201|204|201|205|201|202|204|201|200|206|201|201|203|200|205|201|201|199|201|201|202|205|204|207|201|201|201|208|206|201|201|203|203|205|206|201|204|203|204|203|199|207|202|205|201|201|204|201|203|203|202|204|206|201|201|203|201|206|201|201|200|201|202|210|201|204|201|207|201|203|201|201|208|201|201|207|201|202|202|207|206|202|206|200|204|201|205|203|204|203|201|203|201|207|202|205|204|201|204|203|205|207|200|204|208|202|204|202|205|203|204|206|203|203|206|206|207|205|203|203|205|203|206|201|201
Iteração que foi encontrado o Melhor Global: 386
Quantas vezes o Melhor Global foi alterado (Lembrando que a verificação na inicialização acumula nesse contador): 4
Particula Inicial do melhor global:
2,566408|1,794899|2,025324|0,874799|1,221905|2,018236|1,602835|2,320904|0,441602|0,108770|0,143289|1,574918|0,416481|2,537196|1,042082|
Particula Final do melhor global:
2,079815|0,044986|1,533635|2,949822|0,413004|1,980780|1,754535|0,700158|2,665251|2,121292|1,290257|1,722885|0,202597|0,002230|1,358279|
A melhor solução desse PSO é:
13 1 12 4 7 
10 14 2 11 6 5 
0 9 8 3 
Quantidade de trocas de:14,000000
Makespan: 199,000000
