187|222|288|198|225|217|174|183|191|267|209|184|218|224|178|181|189|196|190|161|198|261|161|252|210|220|219|255|242|285|193|189|225|232|177|179|152|188|198|246|170|279|240|189|252|181|225|176|201|211|198|186|198|243|218|148|270|265|180|334|202|247|194|180|285|335|180|171|195|224|172|200|196|168|196|267|161|207|175|177|186|228|278|154|174|167|234|197|194|217|231|221|208|266|205|230|251|147|195|233|190|250|181|290|240|187|225|278|246|204|252|154|182|176|191|229|172|177|313|232|278|234|183|185|198|165|194|162|304|210|215|282|234|196|198|204|254|178|178|172|206|165|312|224|239|191|213|230|157|184
142|142|140|143|140|141|140|143|144|146|143|140|146|144|140|144|139|144|144|144|144|141|146|145|146|140|144|144|141|141|139|142|142|142|140|145|147|142|143|140|141|144|143|143|144|144|146|139|143|143|147|141|143|142|139|142|139|142|143|147|142|143|141|142|142|140|142|144|142|140|140|140|141|139|142|145|144|141|142|142|145|143|141|145|146|141|141|141|141|142|142|142|141|141|141|142|146|139|141|147|146|143|141|142|145|143|144|145|142|143|144|145|145|140|144|145|142|142|143|141|144|144|141|144|142|143|143|143|146|142|142|142|144|142|139|143|142|139|146|142|140|141|144|146|141|143|142|141|143|142
Iteração que foi encontrado o Melhor Global: 567
Quantas vezes o Melhor Global foi alterado (Lembrando que a verificação na inicialização acumula nesse contador): 7
Particula Inicial do melhor global:
2,815270|1,517654|1,586921|1,336394|2,150218|2,181036|1,944588|0,668258|0,135511|0,083309|1,904767|0,022539|0,231369|2,964619|0,890011|
Particula Final do melhor global:
2,187421|1,905461|1,689458|0,125291|0,671654|2,250546|0,016155|0,922229|2,136820|1,477913|2,755354|1,967940|0,346554|1,777547|2,510012|
A melhor solução desse PSO é:
6 3 12 4 7 
9 2 13 1 11 
8 0 5 14 10 
Quantidade de trocas de:11,000000
Makespan: 139,000000
