1124|1517|1448|1701|1095|1768|1760|1127|1248|1091|1118|1069|1289|1822|1564|1347|1556|2288|1281|1216|1374|1553|1623|1212|1310|1253|1428|1280|1021|1452|1250|1310|1049|1713|1935|1181|1106|1856|994|1015|1272|1048|1367|1224|1198|1149|2012|1134|1473|1074|1086|963|1318|1131|1385|1175|1225|1272|1183|1300|1000|1556|1081|1091|1423|1427|1054|1331|1266|1650|1705|1242|1934|1018|2200|1634|1075|1052|1486|1032|1499|1343|1814|1422|1254|1748|1414|1165|994|1799|1447|1460|1251|1294|1056|1321|1158|1426|1640|1318|1210|1294|1527|2064|1227|1555|1287|1854|1614|1820|1978|1513|1068|1141|1308|1463|1669|1713|1554|1142|1848|1138|1438|1507|1081|1061|1249|1834|1445|1570|1097|1268|1325|1349|1017|1503|1468|1107|1096|1135|1743|1362|1252|1552|1115|1376|1566|1221|1073|1154
758|683|788|842|762|759|683|683|740|712|683|740|789|740|711|750|683|803|752|683|740|683|683|814|683|762|772|683|740|750|738|740|750|683|712|683|733|683|736|714|712|750|692|683|729|826|719|778|688|683|772|695|712|683|683|683|814|779|822|735|790|772|755|752|688|683|712|746|712|753|721|788|775|722|829|683|683|803|683|703|688|683|761|683|683|683|688|683|683|683|817|781|727|801|683|683|690|743|683|683|740|740|746|730|718|712|683|750|683|683|683|730|683|721|802|683|753|683|683|740|714|784|747|792|802|714|683|747|735|716|755|785|683|683|779|707|717|683|712|814|828|765|683|721|712|683|779|712|775|749
Iteração que foi encontrado o Melhor Global: 157
Quantas vezes o Melhor Global foi alterado (Lembrando que a verificação na inicialização acumula nesse contador): 11
Particula Inicial do melhor global:
0,566607|0,102531|0,635019|0,818270|1,442475|1,886073|1,790878|1,577360|1,866830|0,691788|0,222360|0,438323|1,740131|1,169504|0,791255|
Particula Final do melhor global:
1,442763|0,758130|0,293910|0,536150|0,279616|1,792012|0,092279|1,193720|1,660509|0,226147|1,844842|0,930186|0,077453|0,686980|1,511040|
A melhor solução desse PSO é:
12 6 9 4 2 3 13 1 11 
7 0 14 8 5 10 
Quantidade de trocas de:12,000000
Makespan: 683,000000
