378|326|328|308|310|249|274|357|402|320|265|305|305|318|291|333|275|267|335|277|269|364|333|319|265|279|340|338|252|273|345|344|354|339|260|309|340|303|368|341|321|260|273|283|364|291|287|308|249|288|258|297|263|255|340|278|291|333|323|386|324|456|317|298|367|391|320|295|251|306|321|313|383|339|263|375|305|416|314|272|311|289|303|253|297|350|301|295|262|285|332|265|320|257|271|302|386|285|282|286|477|335|375|294|387|310|289|375|278|379|361|253|277|263|340|316|282|259|329|292|312|285|344|325|310|270|327|288|333|284|258|252|334|262|305|266|323|356|331|269|357|258|299|344|253|381|247|257|307|267
233|233|234|234|233|233|233|239|234|234|233|233|234|234|233|234|233|233|234|234|233|233|234|233|234|233|238|233|234|240|234|234|233|234|234|233|233|234|234|233|233|235|234|234|234|233|236|234|233|233|230|240|234|233|233|234|239|234|234|238|234|233|232|233|239|233|234|236|234|240|233|233|233|233|233|233|230|233|234|234|233|233|234|236|234|233|233|233|234|234|234|234|233|234|233|233|236|238|233|233|234|234|233|233|234|230|234|234|233|233|230|233|233|234|237|233|234|233|233|235|233|233|234|234|233|233|234|235|233|233|233|234|234|233|234|233|234|233|234|233|233|233|234|234|233|233|234|233|234|234
Iteração que foi encontrado o Melhor Global: 894
Quantas vezes o Melhor Global foi alterado (Lembrando que a verificação na inicialização acumula nesse contador): 8
Particula Inicial do melhor global:
1,758560|1,170157|1,323891|0,973600|1,808645|0,097141|0,808062|0,907778|1,138260|1,167505|1,473348|1,413877|1,311932|1,690793|1,917222|
Particula Final do melhor global:
1,535017|1,107798|0,873584|1,782628|0,700008|0,371127|0,172045|1,566972|1,085736|1,901990|0,926520|0,327545|0,533461|0,905613|1,706225|
A melhor solução desse PSO é:
6 11 5 12 4 2 13 10 
8 1 0 7 14 3 9 
Quantidade de trocas de:15,000000
Makespan: 230,000000
