281|190|209|177|174|255|228|314|238|215|200|245|259|242|226|197|288|229|245|257|212|241|277|281|300|280|195|202|208|231|273|231|394|243|213|240|262|285|225|196|252|199|269|218|272|300|227|192|219|253|276|295|193|237|295|295|178|266|290|248|199|181|212|220|268|313|210|268|248|245|227|199|200|243|331|277|259|231|288|197|228|356|237|200|301|203|330|229|195|242|198|269|293|199|194|205|227|204|217|195|187|261|240|246|329|388|216|175|250|214|216|265|249|221|275|291|245|303|325|236|225|174|217|228|323|248|301|165|230|285|271|248|239|189|213|200|297|229|204|231|307|189|229|246|221|255|170|315|248|305
165|163|166|163|163|163|163|165|163|168|164|164|164|163|163|163|164|163|164|163|163|165|164|163|165|164|163|163|163|163|163|165|164|165|163|163|163|164|164|163|163|164|165|163|165|163|163|163|163|164|163|163|163|163|165|163|163|164|163|164|163|163|163|165|163|163|163|163|163|163|163|163|163|165|163|163|164|163|163|163|164|163|165|165|163|163|165|165|163|163|163|164|165|163|163|163|165|163|163|163|163|163|163|163|163|163|165|163|164|166|163|163|164|163|164|164|165|166|165|163|164|163|164|165|163|163|164|164|166|163|163|165|163|163|163|163|165|165|163|165|163|163|163|163|163|165|163|163|165|163
Iteração que foi encontrado o Melhor Global: 20
Quantas vezes o Melhor Global foi alterado (Lembrando que a verificação na inicialização acumula nesse contador): 3
Particula Inicial do melhor global:
1,058432|2,413571|0,394372|0,951327|2,967262|1,049999|0,126306|2,879629|0,329705|2,024318|2,716381|1,135798|2,413037|0,682948|2,829854|
Particula Final do melhor global:
2,212634|1,497518|1,711625|1,090006|0,842782|0,506825|0,201825|1,084897|0,453586|1,367799|2,369151|0,304915|2,757144|2,433796|0,428982|
A melhor solução desse PSO é:
6 11 14 8 5 4 
7 3 9 1 2 
0 10 13 12 
Quantidade de trocas de:0,000000
Makespan: 163,000000
