806|960|922|873|937|748|1413|633|748|1039|698|763|1142|642|910|1237|1049|603|781|906|615|989|900|817|1237|946|645|830|666|741|840|844|1078|611|825|727|590|1173|816|714|726|826|767|996|790|844|794|787|735|653|1282|952|1021|1060|812|904|801|786|876|606|796|520|507|698|1258|781|887|1179|802|632|993|909|950|789|658|1185|789|964|822|993|893|724|802|909|1247|1295|732|1277|884|913|853|1135|743|772|800|747|623|847|677|740|1009|665|547|947|653|771|799|1123|546|900|629|674|931|1238|1017|697|818|748|635|596|729|634|992|666|982|630|1201|681|884|562|877|860|645|672|810|897|906|729|1080|552|966|989|1041|883|1378|751|1361|892|556|823
367|367|367|367|367|367|415|367|445|367|445|441|367|367|445|367|367|367|367|448|448|367|367|459|405|439|410|367|367|427|399|367|417|367|453|367|432|445|367|367|461|367|444|367|461|442|412|474|367|399|449|367|367|367|450|445|494|367|367|367|367|367|367|367|445|367|461|430|433|407|367|394|367|367|387|439|367|424|367|367|367|441|367|367|367|367|445|422|367|452|421|418|412|367|367|367|454|439|367|367|367|367|367|367|367|367|367|443|367|367|367|367|485|437|445|431|461|367|367|367|367|367|450|399|443|466|367|367|422|367|471|466|407|367|367|367|367|490|456|367|467|367|445|405|461|439|367|367|367|423
Iteração que foi encontrado o Melhor Global: 71
Quantas vezes o Melhor Global foi alterado (Lembrando que a verificação na inicialização acumula nesse contador): 8
Particula Inicial do melhor global:
1,814824|1,009653|2,879662|1,000010|0,642166|1,300723|0,567644|0,539747|1,372510|0,495371|1,460004|2,345758|0,281123|0,208431|0,420958|
Particula Final do melhor global:
2,185013|1,810008|1,296234|0,722693|1,112113|1,454819|0,668385|2,238040|0,253277|0,536531|2,479348|1,233521|0,804431|1,980560|1,074399|
A melhor solução desse PSO é:
8 9 6 3 12 
14 4 11 2 5 1 13 
0 7 10 
Quantidade de trocas de:11,000000
Makespan: 367,000000
