1518|1485|1472|1341|1834|1436|1178|1991|1681|1403|1792|1275|1548|1585|1575|1629|1495|2001|1606|1662|1757|2156|1858|1363|1422|1574|1471|1587|1550|1475|1584|1643|1596|2059|1880|1081|1825|1580|1587|1238|1271|2258|1978|1576|1492|1696|1313|1501|1767|1288|1403|1373|1584|2358|1676|1514|1707|1353|1485|1518|1390|1427|1635|1829|1217|1382|1148|1549|1555|1451|1171|1640|1466|1803|1643|1689|1543|1514|1409|1318|1878|1831|1672|1550|1729|1681|1516|1677|2113|1268|1414|1319|1486|1755|1388|1392|1649|1558|1821|1627|1361|1251|1393|1699|2159|1336|1569|1590|1201|1304|1669|1458|1188|1545|1307|1163|1192|1402|1628|1433|2097|1406|1200|2271|1559|1771|1459|1572|1446|1447|1578|1598|1848|1353|1518|2560|1725|1703|2278|1468|1796|1806|1265|1477|1581|1312|1505|1330|1292|1768
736|920|736|736|736|952|736|910|840|736|870|843|736|736|736|736|736|736|736|736|796|736|736|736|736|736|736|736|736|736|736|930|736|736|736|736|736|847|736|736|736|736|736|736|736|736|736|736|736|736|816|736|870|736|843|736|736|736|870|736|736|736|736|835|736|736|838|736|736|896|736|736|803|938|736|736|736|736|736|736|736|736|736|847|736|736|736|736|736|736|736|736|736|736|736|736|736|736|736|736|736|917|898|736|736|816|736|736|863|736|736|736|736|736|736|736|736|736|736|736|736|736|736|736|736|736|736|736|913|736|736|736|736|870|736|885|736|736|736|736|736|846|736|898|736|736|736|803|736|736
Iteração que foi encontrado o Melhor Global: 18
Quantas vezes o Melhor Global foi alterado (Lembrando que a verificação na inicialização acumula nesse contador): 9
Particula Inicial do melhor global:
0,269259|1,305888|0,352882|0,503190|1,171809|1,176722|1,268831|0,900265|0,759030|0,983144|0,256736|1,209378|1,916852|0,008687|1,787363|
Particula Final do melhor global:
1,293705|0,563710|1,720727|1,801923|1,706341|0,630011|0,632081|1,325183|0,890692|1,181689|0,545483|0,791246|1,240648|0,876805|1,065708|
A melhor solução desse PSO é:
10 1 5 6 11 13 8 
14 9 12 0 7 4 2 3 
Quantidade de trocas de:15,000000
Makespan: 736,000000
