248|220|242|259|239|214|296|293|196|217|228|200|240|299|284|185|273|218|240|292|178|234|313|201|210|250|231|240|225|210|197|275|351|315|368|216|210|251|215|309|212|189|311|253|219|266|236|220|249|239|313|187|170|270|310|260|259|335|327|236|258|230|251|236|221|290|204|270|195|267|236|186|231|295|261|305|309|331|211|236|190|199|215|243|307|261|300|268|284|221|269|246|231|230|196|229|227|223|233|237|278|228|246|353|299|257|178|284|277|308|303|227|224|295|182|267|272|277|216|192|224|205|299|236|298|236|293|282|223|241|287|212|226|256|214|182|215|288|348|223|367|307|469|251|250|220|212|267|275|245
170|168|170|169|168|169|170|168|169|169|171|170|169|168|172|169|168|168|169|169|169|171|170|170|171|169|172|169|169|171|171|170|169|169|169|169|169|171|169|169|169|169|173|169|168|169|169|169|169|170|169|171|169|169|171|171|173|170|168|171|169|169|172|169|170|170|171|169|169|169|169|169|169|169|169|169|172|169|169|168|170|170|169|171|169|169|169|169|170|170|168|169|169|170|174|169|168|170|172|169|172|170|169|169|169|168|168|169|169|169|169|169|171|169|170|169|169|171|169|169|169|169|171|169|170|169|169|171|171|169|170|169|170|168|171|169|169|171|171|169|170|169|169|169|170|170|170|171|169|170
Iteração que foi encontrado o Melhor Global: 491
Quantas vezes o Melhor Global foi alterado (Lembrando que a verificação na inicialização acumula nesse contador): 3
Particula Inicial do melhor global:
1,733399|1,901777|0,999508|2,988977|2,962066|0,736491|1,354173|2,648935|0,580636|2,713834|0,592763|2,187373|0,800995|1,045630|1,948385|
Particula Final do melhor global:
0,584404|0,121499|1,218446|2,221941|1,271472|2,564289|2,981549|1,803206|0,338666|2,584383|0,795046|0,094513|1,484751|0,051585|2,356858|
A melhor solução desse PSO é:
13 11 1 8 0 10 
2 4 12 7 
3 14 5 9 6 
Quantidade de trocas de:6,000000
Makespan: 168,000000
