1172|1457|1116|1279|1182|1214|1092|1190|1241|1449|1015|1441|1138|1370|1177|970|1271|1375|1359|1612|1173|1943|1164|1129|1351|1223|1256|1626|2041|1455|1052|1163|987|1092|1370|1086|1471|1065|1274|1080|1479|1330|1432|1519|1160|1565|1758|1519|1532|1194|1670|1116|1594|1300|1528|1211|1212|1167|1116|1035|1920|1821|1009|1469|1231|1116|1323|1116|1129|955|1672|1258|1779|1513|1454|1621|1214|1532|1515|1154|1282|2145|934|1352|928|1220|1551|1080|1544|1080|1245|1641|1283|1354|1354|1493|1008|1248|1247|1511|1223|1552|1047|1362|1000|1169|1176|1461|1102|1334|1101|1368|1271|1404|1483|1253|1310|1083|1090|988|1159|1613|1196|1276|1270|2159|1038|1172|1306|2070|1445|1107|1497|1478|1139|1547|1485|1527|1761|1017|1197|1318|1268|1594|1402|1720|1163|940|1080|1774
809|744|682|682|724|682|724|682|822|716|716|724|682|724|744|682|797|716|682|758|682|724|770|682|682|682|817|682|724|702|777|681|744|769|758|795|724|764|724|789|702|682|724|758|788|769|682|724|682|682|716|794|740|822|758|682|682|724|788|682|724|774|682|682|738|716|702|682|778|724|716|783|789|682|682|757|770|682|682|682|682|682|774|682|716|682|770|682|682|682|753|682|716|724|682|774|681|815|682|744|682|682|682|682|769|682|702|716|682|724|702|716|682|702|702|786|782|724|783|783|713|682|724|682|682|721|682|724|772|796|719|681|807|682|682|801|724|792|682|791|766|716|702|777|740|749|682|716|682|782
Iteração que foi encontrado o Melhor Global: 860
Quantas vezes o Melhor Global foi alterado (Lembrando que a verificação na inicialização acumula nesse contador): 10
Particula Inicial do melhor global:
0,459429|0,036376|1,472400|1,369508|0,427485|1,428510|0,023599|0,278989|0,698199|0,606806|1,594752|1,390995|1,441224|1,778782|0,119134|
Particula Final do melhor global:
1,468954|1,312980|0,826913|0,416636|1,550058|0,899137|0,592417|1,907508|0,798983|0,445825|1,000569|0,728024|0,545023|1,374640|1,390534|
A melhor solução desse PSO é:
3 9 12 6 11 8 2 5 
10 1 13 14 0 4 7 
Quantidade de trocas de:13,000000
Makespan: 681,000000
