233|222|299|256|244|289|328|295|255|363|398|408|287|237|349|391|216|258|308|343|312|309|287|300|403|263|368|261|242|249|310|304|312|250|317|322|256|252|230|253|337|313|269|264|249|291|315|269|299|256|251|373|323|329|303|359|356|364|244|318|274|240|236|301|241|287|239|309|247|396|230|281|298|270|253|222|272|227|292|312|239|237|274|261|311|305|257|245|393|224|324|299|370|382|256|260|332|246|341|303|329|346|253|253|357|259|222|282|284|239|329|316|295|307|257|367|296|263|356|243|278|321|392|307|287|297|243|331|219|260|344|300|436|227|344|262|301|232|294|266|323|264|331|333|308|269|361|309|389|244
203|202|202|202|192|201|197|200|207|192|192|197|192|192|204|200|197|192|206|203|202|200|205|201|200|201|202|203|193|206|197|192|198|200|192|201|200|198|192|192|192|192|192|192|198|201|199|198|192|197|197|200|197|197|202|192|197|202|201|197|192|192|202|192|192|198|200|197|204|192|192|192|197|197|192|203|206|198|192|197|192|203|199|192|202|198|193|198|204|204|206|197|192|192|206|192|192|192|204|197|206|192|201|202|192|198|197|199|207|197|197|201|192|198|201|200|197|192|203|192|203|192|192|207|192|192|192|200|200|198|192|197|192|202|201|192|197|204|204|192|200|204|198|203|202|197|203|197|207|193
Iteração que foi encontrado o Melhor Global: 457
Quantas vezes o Melhor Global foi alterado (Lembrando que a verificação na inicialização acumula nesse contador): 7
Particula Inicial do melhor global:
2,126205|2,794554|2,492370|1,292053|0,085681|1,762742|1,925660|2,968222|0,472207|0,216907|0,970327|1,029814|2,178945|1,277111|0,130567|
Particula Final do melhor global:
1,926793|0,334234|1,537895|2,091521|2,548184|0,358361|2,380001|1,884091|1,501809|2,344318|0,903731|2,432505|1,539577|0,537823|0,350083|
A melhor solução desse PSO é:
1 14 5 13 10 
8 2 12 7 0 
3 9 6 11 4 
Quantidade de trocas de:10,000000
Makespan: 192,000000
