370|297|641|287|379|463|507|660|341|979|315|410|304|569|445|364|422|644|371|406|358|400|448|431|302|373|408|501|674|588|370|284|465|243|509|417|431|413|461|355|522|488|408|342|321|434|565|627|516|510|422|405|446|322|345|330|237|437|586|574|587|730|356|397|618|525|381|522|457|389|532|388|565|412|410|520|537|354|458|576|349|333|604|526|417|463|799|487|382|396|573|508|329|469|460|219|409|473|397|501|625|294|261|265|478|372|575|319|451|329|615|560|390|283|344|414|453|688|597|278|322|274|384|619|362|514|421|394|815|594|409|370|915|469|473|421|618|406|378|377|510|531|417|508|322|701|352|321|436|439
163|163|163|163|163|163|167|163|163|163|163|163|163|163|163|163|163|163|163|163|163|167|163|163|163|163|163|163|163|163|163|163|163|163|163|163|163|163|163|163|163|163|172|167|163|163|163|163|163|167|173|193|163|163|176|163|163|163|163|163|163|163|163|163|172|163|163|163|163|163|163|163|163|163|165|163|163|163|163|163|163|184|163|163|163|170|163|173|163|163|163|163|163|163|163|163|163|167|167|163|163|163|163|163|163|163|163|163|163|163|163|163|167|163|163|163|163|163|163|163|163|163|163|163|163|163|163|163|163|163|163|163|163|163|163|163|163|163|163|163|163|163|172|163|163|163|163|173|163|167
Iteração que foi encontrado o Melhor Global: 79
Quantas vezes o Melhor Global foi alterado (Lembrando que a verificação na inicialização acumula nesse contador): 10
Particula Inicial do melhor global:
1,617342|1,134590|1,114833|1,815523|0,105706|0,542634|2,888861|0,190821|2,936682|0,244606|2,782467|0,555276|1,043477|0,208568|2,378401|
Particula Final do melhor global:
1,706183|1,019546|0,717411|2,476421|1,646424|1,970785|0,705056|2,677137|1,806436|0,204038|1,102973|0,832499|2,873763|2,661327|1,909957|
A melhor solução desse PSO é:
9 6 2 11 
1 10 4 0 8 14 5 
3 13 7 12 
Quantidade de trocas de:0,000000
Makespan: 163,000000
