573|1068|537|787|567|598|493|702|707|999|545|767|749|688|995|794|804|1022|730|595|711|851|630|748|752|661|637|640|1091|769|671|580|536|504|914|798|555|913|613|792|825|688|660|936|562|723|653|1190|749|554|896|612|716|541|763|837|904|668|462|1070|872|840|572|786|541|986|707|503|683|644|913|921|734|720|691|875|899|758|637|689|722|695|686|711|712|844|873|929|552|937|804|871|769|719|784|509|1047|627|637|863|743|835|638|779|528|701|734|576|905|534|570|549|691|524|666|660|543|927|577|861|986|749|863|606|865|638|702|640|616|769|555|1041|644|587|655|752|610|588|661|775|767|753|711|625|479|981|844|622|597|846
411|351|400|390|383|371|379|406|416|383|371|387|385|392|382|382|383|392|404|371|382|383|405|380|398|392|383|383|385|411|371|398|414|371|383|382|369|385|382|371|368|392|383|383|387|392|397|387|411|371|392|382|386|371|351|368|392|382|351|384|410|371|382|392|383|382|380|419|368|371|382|397|392|369|383|392|382|392|392|366|392|383|404|386|382|403|371|383|382|402|392|392|371|402|389|410|433|408|382|386|376|371|383|382|404|380|392|432|392|393|398|372|385|393|410|383|383|382|402|392|351|416|371|382|432|392|382|392|392|384|351|385|382|380|351|405|382|351|371|383|376|351|368|382|434|405|382|382|382|382
Iteração que foi encontrado o Melhor Global: 501
Quantas vezes o Melhor Global foi alterado (Lembrando que a verificação na inicialização acumula nesse contador): 10
Particula Inicial do melhor global:
1,573445|0,854664|0,997308|0,466000|0,896571|2,014400|2,812654|0,377445|1,102174|1,674882|0,344468|1,373759|1,833672|2,886530|0,917225|
Particula Final do melhor global:
2,826494|1,675921|2,313985|0,457184|2,723493|2,749315|1,687650|0,660106|0,622020|0,446879|1,357314|1,388308|2,258542|2,830166|0,864341|
A melhor solução desse PSO é:
9 3 8 7 14 
10 11 1 6 
12 2 4 5 0 13 
Quantidade de trocas de:12,000000
Makespan: 351,000000
