499|303|543|229|607|429|386|330|283|400|489|410|783|561|452|572|635|386|487|438|516|939|628|621|664|387|569|479|354|576|337|353|332|284|436|492|470|477|327|688|345|327|400|570|413|479|300|558|455|638|617|455|602|396|339|363|452|449|404|291|293|600|311|493|378|396|339|374|472|304|434|440|469|468|464|329|331|312|504|475|339|566|460|508|402|473|419|459|462|530|482|567|548|883|445|541|530|622|600|400|446|414|519|462|406|376|557|470|457|353|498|491|553|442|414|641|609|427|473|422|467|484|341|628|509|669|413|429|458|655|618|537|407|788|484|371|351|562|325|671|482|427|476|471|531|453|428|484|436|387
147|147|147|147|147|147|147|147|147|147|147|147|149|147|147|147|147|147|147|148|147|147|148|147|147|147|147|147|147|147|147|148|147|153|147|147|158|147|147|147|147|149|147|147|147|147|147|152|147|147|147|147|147|147|147|147|147|147|147|147|147|147|147|147|147|148|147|147|147|147|147|147|147|147|147|147|147|147|148|147|150|204|147|147|148|147|147|147|147|147|147|148|147|147|147|152|147|147|147|147|147|147|147|147|147|152|147|152|147|147|147|147|147|147|147|147|147|147|147|147|147|147|148|149|147|147|147|147|147|147|152|147|148|147|147|147|147|147|147|147|147|148|147|147|147|147|148|147|147|147
Iteração que foi encontrado o Melhor Global: 61
Quantas vezes o Melhor Global foi alterado (Lembrando que a verificação na inicialização acumula nesse contador): 6
Particula Inicial do melhor global:
1,239029|0,424680|1,593608|1,935425|0,526461|0,517694|2,071760|0,814906|1,059922|1,443018|0,218802|1,408800|0,243390|2,692086|0,646723|
Particula Final do melhor global:
0,858718|1,754394|2,093106|0,820221|1,059561|2,932076|2,086876|0,949016|1,063594|2,513605|1,890242|2,618760|0,932810|1,743180|1,998327|
A melhor solução desse PSO é:
3 0 12 7 
4 8 13 1 10 14 
6 2 9 11 5 
Quantidade de trocas de:0,000000
Makespan: 147,000000
