565|469|659|330|354|271|412|333|407|317|653|396|342|468|497|622|313|465|334|374|390|546|459|585|337|552|400|369|363|331|323|567|374|746|624|369|360|272|518|377|285|405|425|312|358|278|355|574|565|342|508|402|269|382|353|428|351|378|472|455|359|682|595|437|396|657|415|585|314|471|289|705|422|503|385|681|530|387|343|245|424|376|365|448|424|473|475|840|490|459|444|446|298|419|718|680|358|491|366|477|337|271|403|329|443|398|372|477|377|392|474|507|409|260|552|338|524|468|484|685|603|488|320|387|376|422|518|360|581|281|512|628|465|361|365|422|806|273|392|412|460|319|396|263|343|417|636|385|324|682
147|147|152|163|147|147|147|152|147|156|147|174|147|184|174|175|147|152|147|147|147|174|214|147|147|174|159|147|147|162|156|168|147|147|159|156|158|147|184|147|194|147|147|147|147|159|147|147|174|174|159|147|147|159|168|148|159|156|147|194|147|147|174|174|147|174|148|159|199|174|147|147|147|174|147|147|147|153|147|147|187|147|156|158|147|174|147|147|147|147|194|147|147|158|156|158|174|174|174|153|184|147|147|147|174|147|147|147|153|147|147|147|147|147|174|147|147|147|147|174|165|147|185|147|147|147|168|147|147|147|147|168|164|147|147|151|152|156|147|153|147|147|147|147|147|147|174|173|147|159
Iteração que foi encontrado o Melhor Global: 103
Quantas vezes o Melhor Global foi alterado (Lembrando que a verificação na inicialização acumula nesse contador): 8
Particula Inicial do melhor global:
1,016992|1,374412|1,817915|0,536067|2,780405|0,434680|1,554754|0,315108|2,350153|1,901261|0,203969|2,968893|0,598607|2,139413|2,311274|
Particula Final do melhor global:
1,031272|0,911682|2,239618|1,236320|0,836481|2,619197|2,260209|1,722004|2,751300|2,944528|0,980665|0,238163|1,209998|0,831696|0,795916|
A melhor solução desse PSO é:
11 14 13 4 1 10 
0 12 3 7 
2 6 5 8 9 
Quantidade de trocas de:0,000000
Makespan: 147,000000
