1260|1134|1379|1196|1212|1374|1271|1230|1267|1046|1486|1263|1120|1207|1037|1929|1177|1229|1467|1321|1352|1414|1226|1400|1198|1310|1948|1283|1227|1709|1721|1732|1345|1112|1953|1643|1704|1246|1979|2002|1131|1150|1265|1329|2065|1154|1066|1678|1133|1031|1130|1079|1521|1048|1166|1388|1157|1505|1495|1478|1586|1214|1463|1332|1542|1466|1002|1343|1222|1404|962|1621|1779|1151|1068|1115|1340|1389|1849|1524|1339|1061|1302|1076|1698|1452|1491|1018|2128|1167|1685|1524|1226|1481|1759|1390|1128|1118|1430|1208|1413|1367|1084|1422|1201|1666|1177|1779|1518|1251|1598|916|1387|1052|1214|1194|1101|1337|1761|1665|1975|1316|1725|1155|1022|1279|1254|1158|1294|984|1616|1605|1063|1021|1435|1363|1495|1608|1474|1217|1215|1202|991|1396|1333|994|1489|1134|1439|1309
767|771|771|771|767|861|767|767|871|848|756|767|767|767|818|767|767|771|767|828|892|791|767|800|771|833|791|833|771|795|795|771|767|791|767|863|767|795|767|850|771|795|767|771|850|771|795|767|771|767|795|767|791|795|846|767|833|767|850|816|850|771|814|791|771|767|771|831|767|791|771|791|767|767|771|767|767|800|767|767|828|833|775|779|767|767|833|795|795|791|756|771|822|816|767|771|833|767|767|767|775|775|854|767|767|771|771|791|767|795|756|823|781|767|767|775|771|775|767|767|767|791|756|771|771|756|778|819|791|767|767|783|767|767|791|814|850|775|860|767|810|837|800|767|795|791|771|791|779|775
Iteração que foi encontrado o Melhor Global: 818
Quantas vezes o Melhor Global foi alterado (Lembrando que a verificação na inicialização acumula nesse contador): 12
Particula Inicial do melhor global:
1,130519|1,088744|1,771813|0,639957|0,225678|0,347682|1,840133|0,808408|1,947418|1,960487|1,183487|1,073832|0,655034|1,233985|1,929728|
Particula Final do melhor global:
1,794799|0,633544|0,054743|1,361721|0,373648|1,944414|0,992756|1,524704|1,590056|1,070400|0,249673|0,913395|0,432416|1,518717|1,094733|
A melhor solução desse PSO é:
2 10 4 12 1 11 6 
9 14 3 13 7 8 0 5 
Quantidade de trocas de:15,000000
Makespan: 756,000000
