209|211|337|267|311|222|230|270|243|251|209|227|317|201|301|292|235|189|251|286|286|268|258|240|233|260|202|233|248|301|276|250|186|276|250|331|263|302|210|289|265|371|213|287|268|244|197|241|226|420|279|229|381|227|330|195|295|261|214|266|298|201|269|259|195|222|219|190|194|304|317|262|222|198|230|191|285|238|226|241|220|240|241|285|293|286|373|239|183|252|208|287|220|316|295|344|249|268|346|251|178|317|359|294|262|226|225|219|228|295|250|240|227|313|229|227|334|264|211|227|202|230|251|305|302|236|308|223|442|267|313|291|245|340|258|311|214|357|181|237|257|250|268|275|230|236|310|303|283|300
174|175|175|174|174|179|174|174|178|174|178|178|174|175|174|177|174|175|174|174|174|174|174|174|174|174|174|171|175|174|173|174|174|174|174|174|174|174|174|176|174|175|176|174|174|174|173|171|171|174|174|174|174|177|173|176|174|175|174|174|174|174|174|174|173|176|174|176|179|179|174|174|174|177|171|179|174|179|177|174|177|174|174|174|177|175|174|174|176|173|174|175|174|179|174|176|174|174|174|171|176|177|175|177|174|177|174|174|174|174|180|174|171|176|178|174|171|174|176|174|177|173|174|176|176|174|174|176|174|178|174|177|176|177|174|175|174|177|178|178|174|174|174|174|174|174|180|175|174|177
Iteração que foi encontrado o Melhor Global: 232
Quantas vezes o Melhor Global foi alterado (Lembrando que a verificação na inicialização acumula nesse contador): 5
Particula Inicial do melhor global:
2,801390|2,281940|1,366037|2,301104|0,040021|2,611944|0,637944|2,223710|2,243747|0,497169|1,746001|2,950193|0,917596|0,889671|1,960419|
Particula Final do melhor global:
2,243818|1,666090|1,872518|0,309844|0,371878|1,763762|0,867789|2,469734|1,164165|0,393565|2,165928|2,212544|1,692712|0,157056|2,980696|
A melhor solução desse PSO é:
13 3 4 9 6 
8 1 12 5 2 
10 11 0 7 14 
Quantidade de trocas de:13,000000
Makespan: 171,000000
