681|495|455|587|781|968|788|923|620|999|521|896|658|609|490|740|405|922|546|527|545|672|634|953|690|526|623|803|591|790|642|632|475|447|706|683|706|684|952|812|888|727|1078|773|934|866|1320|678|930|844|809|580|756|1030|898|739|460|570|571|760|672|907|491|910|978|601|808|845|764|798|741|768|627|585|593|1414|577|924|540|1113|844|745|827|698|815|988|999|745|790|676|569|841|645|680|565|800|824|1121|742|432|650|815|736|1481|765|787|851|912|510|864|507|641|525|659|754|481|719|640|957|492|1232|1092|1346|945|895|873|556|623|722|916|993|1014|715|828|891|907|966|820|495|955|1056|862|1228|739|713|982|911|1194|912|552
296|296|296|296|296|296|296|296|296|296|296|296|366|296|301|296|296|296|296|296|296|296|335|296|296|296|296|296|296|403|296|296|296|296|296|296|296|351|296|296|296|296|296|296|296|296|296|296|296|296|296|299|296|296|296|351|296|296|296|296|408|296|296|296|296|296|296|296|296|321|296|296|296|296|296|351|296|296|296|296|296|296|296|296|296|296|296|296|296|296|296|296|296|296|296|296|296|296|296|357|296|296|296|296|296|296|296|296|296|296|296|296|299|296|296|299|296|296|296|296|296|296|296|296|296|296|296|296|296|296|296|296|296|296|296|296|296|296|296|296|296|296|296|296|296|296|296|296|296|381
Iteração que foi encontrado o Melhor Global: 84
Quantas vezes o Melhor Global foi alterado (Lembrando que a verificação na inicialização acumula nesse contador): 9
Particula Inicial do melhor global:
1,726557|1,545123|1,094746|2,958993|1,891187|1,095195|1,903901|1,064545|2,673717|1,342821|1,541219|0,420480|1,116659|0,182608|2,511834|
Particula Final do melhor global:
2,432963|0,307251|0,504596|2,162922|0,263687|2,108635|1,615165|1,652570|1,298891|1,672005|0,915901|0,404523|2,156984|2,044432|2,343434|
A melhor solução desse PSO é:
4 1 11 2 10 
8 6 7 9 
13 5 12 3 14 0 
Quantidade de trocas de:4,000000
Makespan: 296,000000
