228|311|344|207|228|257|205|307|233|337|215|255|267|277|215|237|284|251|225|236|268|239|337|239|213|230|288|220|299|369|369|246|224|219|342|280|210|228|211|341|322|319|211|195|281|277|261|216|238|380|245|340|294|304|360|268|346|305|244|206|278|273|306|260|299|199|356|234|212|321|273|232|235|217|303|376|277|263|262|264|320|210|273|272|211|320|256|277|306|218|305|259|280|299|275|216|252|268|216|265|248|357|227|264|241|305|260|270|304|255|288|196|383|233|263|400|235|257|249|279|298|342|271|345|259|282|246|322|357|225|206|243|242|249|247|223|290|283|286|265|203|274|262|259|276|214|241|253|429|262
182|175|177|175|177|175|175|175|175|179|181|175|183|175|175|182|182|175|175|182|175|177|175|183|175|175|175|184|175|185|181|180|180|181|175|175|176|180|175|175|175|175|175|175|176|181|182|181|175|175|186|175|175|176|175|175|175|178|182|175|181|176|175|175|175|186|176|182|185|175|186|182|175|175|181|175|175|175|175|179|175|175|186|175|175|175|177|180|184|182|183|181|181|175|175|175|175|177|175|181|181|176|183|185|175|175|183|175|181|185|181|185|176|177|175|175|184|175|177|187|184|176|181|177|177|175|179|175|182|176|175|176|176|179|175|184|184|180|175|177|175|175|185|180|175|184|175|179|175|181
Iteração que foi encontrado o Melhor Global: 142
Quantas vezes o Melhor Global foi alterado (Lembrando que a verificação na inicialização acumula nesse contador): 8
Particula Inicial do melhor global:
0,728237|1,976693|0,884205|1,709848|1,510633|0,732943|1,659697|0,262824|0,211353|1,014412|0,827357|1,861388|0,521366|0,884626|0,159387|
Particula Final do melhor global:
2,521898|0,498076|0,037835|1,581251|1,016647|2,690501|2,410074|0,963522|0,897612|2,717225|1,191803|1,498681|2,734930|1,899812|1,698145|
A melhor solução desse PSO é:
2 1 8 7 
4 10 11 3 14 13 
6 0 5 9 12 
Quantidade de trocas de:3,000000
Makespan: 175,000000
