1220|974|969|725|1114|1136|1145|1137|850|812|983|1257|1212|877|783|868|706|1078|922|886|1087|1276|939|733|1370|804|1165|1195|780|1109|959|951|1146|769|836|927|1195|991|681|852|1147|1262|1002|1016|1097|1004|1045|831|930|857|811|1012|868|1302|1327|583|662|1010|877|1068|879|1047|809|902|1094|1273|801|970|746|920|868|1149|899|626|1517|824|872|943|1106|1137|773|862|700|924|824|1014|1039|777|893|761|878|968|896|1175|724|900|1017|848|720|787|974|1071|805|759|804|1247|817|934|576|936|1018|1077|935|788|882|994|1028|970|795|1145|933|849|884|657|1252|560|885|793|1055|834|1013|872|1064|853|784|1188|770|1246|876|700|1009|937|977|880|890|650|1030|968|914|936
473|494|478|473|494|469|473|473|531|473|473|478|501|474|478|473|474|542|478|538|474|473|474|473|507|474|474|478|520|473|474|494|478|474|549|474|473|488|508|474|473|474|478|473|474|474|478|473|474|474|474|469|474|474|469|579|507|474|473|474|474|473|478|473|478|478|478|473|528|474|478|474|471|473|473|474|501|473|473|478|474|474|474|473|478|474|474|469|473|473|478|474|474|478|473|488|478|487|473|478|474|474|512|474|478|474|478|474|506|473|546|474|494|548|473|557|494|474|494|478|474|474|474|494|478|478|473|478|537|474|473|474|478|469|500|474|473|474|474|488|490|474|473|478|525|478|506|473|473|473
Iteração que foi encontrado o Melhor Global: 717
Quantas vezes o Melhor Global foi alterado (Lembrando que a verificação na inicialização acumula nesse contador): 9
Particula Inicial do melhor global:
1,663495|1,325127|1,594608|1,466376|0,722887|0,313772|0,647421|0,613412|0,975573|0,124035|0,078485|1,216863|1,470643|0,310987|1,355375|
Particula Final do melhor global:
1,464672|0,259553|0,255939|1,211148|0,086640|1,131697|0,436115|1,140655|1,504980|0,573610|1,248269|0,164386|1,816421|0,213360|1,398618|
A melhor solução desse PSO é:
4 11 13 2 1 6 9 
5 7 3 10 14 0 8 12 
Quantidade de trocas de:7,000000
Makespan: 469,000000
