499|610|458|548|689|1202|862|547|938|565|669|701|855|742|404|445|578|809|835|620|600|456|572|739|815|494|588|568|803|537|460|722|650|494|559|982|617|705|782|686|962|831|570|616|513|1091|548|716|952|727|660|754|779|730|643|593|537|1068|855|658|534|734|907|1030|741|417|596|672|537|723|686|940|637|601|594|511|795|550|626|592|656|717|1212|813|698|581|551|653|697|699|701|615|608|512|700|811|885|513|556|572|854|832|579|703|823|539|926|518|574|551|599|516|508|809|858|656|631|484|834|973|610|570|511|662|644|735|934|739|744|498|626|587|624|749|657|678|552|549|696|665|859|542|451|664|611|693|730|923|649|525
323|323|323|323|323|323|323|323|323|323|323|323|323|323|340|323|323|340|340|323|340|323|323|323|323|323|323|323|323|340|323|323|323|340|340|323|323|323|323|323|323|340|340|323|323|340|340|323|323|323|323|323|340|323|323|323|323|323|323|323|323|323|323|323|323|323|323|340|323|323|323|323|323|323|340|323|323|323|323|323|323|323|323|323|323|323|323|323|323|340|323|323|340|323|340|323|340|323|323|323|340|340|323|323|323|340|323|323|323|323|323|340|323|323|323|323|323|323|323|323|323|340|340|323|340|323|323|323|323|323|340|323|323|323|323|323|323|323|323|323|323|340|323|323|323|340|323|340|323|323
Iteração que foi encontrado o Melhor Global: 97
Quantas vezes o Melhor Global foi alterado (Lembrando que a verificação na inicialização acumula nesse contador): 5
Particula Inicial do melhor global:
0,749930|1,249742|1,137644|0,656144|1,845634|1,619762|1,390535|1,800115|1,680576|1,019836|0,452696|1,016522|0,929788|1,475603|1,360458|
Particula Final do melhor global:
1,300671|0,387345|1,673679|0,049018|0,446343|1,609692|1,107745|1,594042|1,169103|1,199314|0,412394|1,256037|0,875938|0,122229|0,552555|
A melhor solução desse PSO é:
3 13 1 10 4 14 12 
6 8 9 11 0 7 5 2 
Quantidade de trocas de:3,000000
Makespan: 323,000000
