929|1010|660|707|1478|1370|967|687|1068|974|1102|1069|1027|821|727|741|881|922|699|1216|1189|651|804|915|1129|883|937|1063|878|890|1089|797|873|781|858|882|787|743|889|687|605|1040|1305|757|1121|989|644|1126|543|707|645|1178|911|826|1271|865|1245|795|899|939|760|713|651|1117|733|1178|888|1039|810|614|1311|760|1026|945|615|754|891|1035|719|1198|681|603|710|620|767|1043|721|803|802|628|621|720|734|965|619|758|716|1322|973|762|855|654|983|630|873|760|810|955|1138|843|523|966|726|668|1008|737|1006|711|701|886|795|1237|685|925|835|981|822|720|761|1334|757|806|1115|616|736|841|710|695|730|874|1001|752|881|583|693|952|865|1138|804|803
439|374|452|418|393|410|355|404|446|425|355|487|378|404|419|355|434|415|355|457|384|402|417|407|421|440|389|417|439|449|355|431|457|404|381|429|389|355|355|374|355|399|489|389|465|412|417|444|381|406|436|355|401|419|415|420|457|411|417|404|395|434|355|456|492|450|393|448|396|435|429|453|355|431|444|355|439|391|396|419|439|453|355|472|355|355|419|431|389|396|419|393|433|413|431|404|427|389|381|452|389|498|396|393|395|416|355|355|355|389|451|413|355|397|441|396|452|461|374|455|413|414|470|355|355|439|404|475|396|355|404|396|393|415|415|466|355|355|411|355|355|396|419|438|419|431|393|438|433|416
Iteração que foi encontrado o Melhor Global: 288
Quantas vezes o Melhor Global foi alterado (Lembrando que a verificação na inicialização acumula nesse contador): 7
Particula Inicial do melhor global:
1,174923|1,467321|0,857853|2,467671|2,736687|2,979036|0,586673|1,782204|1,198481|2,102238|0,333539|1,397978|2,054009|2,476971|1,004525|
Particula Final do melhor global:
1,424027|2,216926|0,281404|0,509944|2,304854|1,179565|2,414105|1,752457|0,802934|0,814544|2,120882|2,364215|0,153522|2,540722|1,350606|
A melhor solução desse PSO é:
12 2 3 8 9 
5 14 0 7 
10 1 4 11 6 13 
Quantidade de trocas de:10,000000
Makespan: 355,000000
