212|243|177|185|212|227|174|198|240|218|254|273|225|192|172|194|252|213|342|256|276|163|216|180|179|179|287|231|238|258|192|196|204|245|187|219|207|226|282|236|228|198|268|264|268|214|287|280|212|265|221|277|356|321|224|241|286|267|185|211|198|165|216|243|200|174|230|207|214|194|256|249|293|204|276|215|219|170|180|205|253|228|211|184|157|183|174|182|238|329|214|239|225|313|347|163|216|176|210|220|195|193|362|181|225|207|210|394|231|206|337|234|169|174|316|207|223|226|233|168|220|277|222|230|247|255|266|209|215|186|233|197|231|261|278|260|266|225|261|184|251|381|260|197|306|232|305|229|246|319
152|152|152|152|152|152|157|155|154|153|152|152|152|152|152|157|153|152|152|152|152|159|152|152|155|154|152|152|152|152|152|154|152|152|152|152|157|152|152|152|152|154|152|152|152|158|152|152|152|154|152|152|152|155|152|152|152|152|154|153|152|156|152|152|152|152|152|152|152|152|152|152|152|157|152|152|152|152|152|153|153|156|152|154|152|152|155|157|152|152|153|152|152|152|152|152|156|152|152|152|153|155|152|152|153|152|152|155|153|152|152|152|156|152|152|152|152|156|152|152|152|152|152|152|153|152|152|152|152|157|152|152|152|152|152|154|152|157|156|152|152|156|152|152|152|152|152|153|152|152
Iteração que foi encontrado o Melhor Global: 25
Quantas vezes o Melhor Global foi alterado (Lembrando que a verificação na inicialização acumula nesse contador): 5
Particula Inicial do melhor global:
2,982300|0,916620|2,184507|0,623423|2,758154|1,261894|2,750635|2,601835|2,912472|1,337015|2,150338|1,762437|0,016652|2,725832|0,644164|
Particula Final do melhor global:
0,465175|2,407806|2,722143|0,493674|1,088408|1,877530|1,156199|0,198298|1,736921|2,127127|1,355736|2,086624|0,816841|0,909364|1,681170|
A melhor solução desse PSO é:
7 0 3 12 13 
4 6 10 14 8 5 
11 9 1 2 
Quantidade de trocas de:14,000000
Makespan: 152,000000
