723|629|1420|476|769|762|721|842|971|1031|584|827|819|823|711|782|928|980|725|986|790|672|705|866|797|685|914|550|952|863|770|881|656|607|669|1080|622|562|738|813|776|861|856|514|1149|895|699|1081|666|888|934|1297|822|1086|626|1119|1012|782|651|706|833|674|542|772|706|733|878|883|1125|941|757|705|630|1045|939|1100|860|1280|686|1044|790|648|851|573|996|735|560|551|1017|1252|927|899|949|1263|1294|691|810|733|672|1036|773|647|697|775|728|858|898|923|701|945|953|859|817|610|729|620|632|1004|960|969|779|824|993|602|524|751|655|697|844|793|1024|830|786|751|673|843|661|1038|866|932|724|610|851|1134|695|672|732|568|732|792
424|367|392|419|444|419|367|435|453|459|472|367|367|445|367|419|367|421|367|424|407|424|422|367|418|407|367|402|407|424|419|367|367|457|367|424|367|394|416|367|429|435|419|367|394|367|430|367|410|367|423|394|367|484|409|453|422|466|405|367|447|367|367|367|410|437|394|413|399|367|367|444|367|422|419|429|367|367|417|444|367|394|454|422|429|367|449|367|472|399|367|367|387|394|399|448|367|424|367|427|367|412|367|367|367|373|367|426|367|429|424|394|455|435|367|407|439|367|367|367|367|437|367|367|367|367|407|424|367|399|367|367|405|367|424|407|422|405|405|448|419|392|389|367|419|479|367|436|422|367
Iteração que foi encontrado o Melhor Global: 74
Quantas vezes o Melhor Global foi alterado (Lembrando que a verificação na inicialização acumula nesse contador): 6
Particula Inicial do melhor global:
1,814946|2,186640|1,691629|0,370656|0,931678|0,310090|0,425018|2,882686|2,652941|0,399053|1,788110|2,320379|2,061914|1,156361|1,507453|
Particula Final do melhor global:
0,346845|1,836371|1,084528|2,024743|1,316102|1,802667|2,451593|0,350913|2,675102|2,473300|0,286824|1,773487|2,064206|1,951260|1,050226|
A melhor solução desse PSO é:
10 0 7 
14 2 4 11 5 1 13 
3 12 6 9 8 
Quantidade de trocas de:11,000000
Makespan: 367,000000
