187|187|200|180|328|164|157|244|186|159|244|153|257|160|220|224|203|202|280|177|232|237|227|205|201|241|201|185|202|180|169|233|172|227|208|177|217|178|235|170|236|190|198|234|202|218|263|224|177|168|198|208|177|180|241|194|291|188|223|286|207|160|193|174|247|171|206|216|163|178|191|221|172|219|207|177|252|243|179|186|203|171|229|171|232|198|171|229|192|259|239|209|214|188|159|194|259|219|178|202|227|281|249|216|175|198|179|245|195|168|156|159|155|228|184|180|234|197|183|258|290|214|210|228|306|215|258|218|202|237|220|207|219|214|283|188|153|175|182|192|231|181|179|177|198|236|312|214|170|195
142|146|143|145|144|141|146|141|143|141|141|141|141|141|144|143|146|141|144|143|143|141|146|144|141|141|141|144|144|145|143|144|145|147|143|141|141|148|145|142|144|141|141|141|141|141|144|141|141|145|144|143|141|146|144|141|143|141|145|143|143|142|144|143|141|143|144|146|141|143|143|143|145|141|142|142|141|143|141|141|141|144|141|143|143|141|145|144|141|141|141|141|144|141|143|141|141|141|144|144|144|143|145|142|142|141|143|141|142|144|144|141|143|145|143|145|142|141|142|143|141|141|141|144|144|141|141|144|145|143|141|141|141|141|143|141|141|141|148|145|145|141|142|141|145|144|141|141|141|145
Iteração que foi encontrado o Melhor Global: 94
Quantas vezes o Melhor Global foi alterado (Lembrando que a verificação na inicialização acumula nesse contador): 7
Particula Inicial do melhor global:
1,727019|1,016275|1,001260|0,917203|1,747167|2,000908|1,985867|1,893216|1,696403|1,516972|2,062421|0,592370|0,931645|0,521349|2,350824|
Particula Final do melhor global:
1,444095|0,438311|2,012944|2,667233|0,519315|0,174593|2,190641|1,524519|1,719716|2,000864|1,885339|1,911506|1,222331|2,358927|0,149402|
A melhor solução desse PSO é:
14 5 1 4 
12 0 7 8 10 11 
9 2 6 13 3 
Quantidade de trocas de:14,000000
Makespan: 141,000000
