584|792|607|706|729|735|713|689|593|764|1002|587|465|663|1098|661|506|743|482|748|789|652|810|778|748|713|570|697|787|524|944|640|938|693|830|788|1046|671|1139|797|529|534|742|484|1020|605|855|694|594|653|710|579|495|756|1084|652|872|809|774|748|876|575|730|624|652|908|948|647|919|681|925|773|557|704|811|1114|570|689|493|525|677|619|451|652|670|555|621|834|525|752|964|1046|549|714|816|713|715|1062|735|700|516|820|1281|538|481|966|852|709|1135|910|814|874|597|550|722|814|789|576|944|611|565|731|793|728|719|702|1239|897|859|555|794|647|871|700|746|739|650|929|566|656|710|491|912|717|585|547|556|835|599|530
333|333|333|333|385|333|333|333|333|333|372|333|333|423|354|346|333|333|361|361|385|333|333|333|333|333|356|359|333|333|333|333|333|333|333|333|333|333|333|333|333|333|333|333|333|333|396|333|333|363|333|333|333|333|333|367|333|333|333|333|333|333|333|333|371|333|333|336|367|333|333|333|333|351|333|333|336|333|348|340|385|333|333|344|333|333|333|333|342|333|333|333|333|333|333|372|366|333|363|377|333|386|333|333|395|333|333|333|333|333|363|333|333|333|384|333|333|333|333|371|333|333|333|333|333|333|333|333|333|333|333|333|333|333|333|356|333|333|333|333|356|333|333|333|333|367|333|333|333|333
Iteração que foi encontrado o Melhor Global: 46
Quantas vezes o Melhor Global foi alterado (Lembrando que a verificação na inicialização acumula nesse contador): 8
Particula Inicial do melhor global:
2,716901|1,455287|1,537675|2,365917|1,328141|2,346472|1,334267|2,030733|1,930639|2,741116|1,741740|0,209864|0,636589|2,811775|1,144831|
Particula Final do melhor global:
0,118761|2,192847|1,997355|2,264884|0,875861|1,561368|1,916821|0,595314|2,902864|0,442409|1,466912|2,077058|0,694947|0,206661|1,763212|
A melhor solução desse PSO é:
0 13 9 7 12 4 
10 5 14 6 2 
11 1 3 8 
Quantidade de trocas de:13,000000
Makespan: 333,000000
