164|323|243|214|384|417|289|161|270|421|335|316|199|250|203|172|420|160|328|322|343|185|160|180|176|181|185|307|187|482|308|174|221|314|380|195|564|148|191|192|172|299|387|289|195|302|305|466|189|496|163|333|281|234|200|163|176|214|213|285|333|328|486|402|403|239|187|300|270|329|302|266|359|180|179|161|248|331|432|313|280|169|242|251|202|228|370|296|220|476|313|256|463|423|310|247|231|342|188|324|275|154|400|266|258|320|246|191|184|176|301|276|186|167|375|198|283|196|165|274|275|156|194|255|461|207|391|334|228|308|282|189|199|266|431|234|304|412|323|192|181|158|278|287|156|295|213|173|295|172
142|142|142|142|142|142|142|144|144|142|143|142|144|142|143|142|145|143|142|142|148|142|144|142|142|142|142|146|146|142|142|143|142|142|144|142|142|142|142|144|143|142|144|142|144|142|142|142|142|142|142|142|142|142|142|143|142|142|142|142|142|144|142|142|144|142|142|145|142|143|143|142|142|142|143|142|145|143|142|142|142|142|142|142|143|142|142|142|142|142|142|142|143|149|142|143|142|142|142|142|142|144|144|145|144|144|142|142|142|143|142|142|143|144|143|143|142|142|142|142|144|142|143|142|142|145|142|142|142|144|142|144|142|145|142|143|142|142|142|144|143|142|142|142|144|145|143|142|142|142
Iteração que foi encontrado o Melhor Global: 30
Quantas vezes o Melhor Global foi alterado (Lembrando que a verificação na inicialização acumula nesse contador): 5
Particula Inicial do melhor global:
1,421613|0,686042|1,281170|2,425788|0,922569|0,190398|0,260191|0,841187|2,485582|1,343428|1,845482|1,540495|1,172644|2,539198|2,201518|
Particula Final do melhor global:
2,232045|2,122652|2,353662|1,636629|0,249375|1,206518|2,260947|0,028940|0,369286|1,871951|0,500526|1,906892|2,277275|1,321754|2,415201|
A melhor solução desse PSO é:
7 4 8 10 
5 13 3 9 11 
1 0 6 12 2 14 
Quantidade de trocas de:0,000000
Makespan: 142,000000
