288|238|284|222|239|291|248|263|373|272|211|229|259|294|264|285|241|266|238|238|257|223|365|270|206|271|203|369|259|210|289|342|339|301|264|273|274|364|245|254|291|312|283|256|207|466|224|264|316|233|280|304|208|223|244|378|205|358|248|253|282|344|306|338|215|229|270|279|204|361|311|290|206|441|246|263|214|286|268|294|228|350|307|260|327|237|373|200|279|244|317|315|280|325|224|277|340|267|274|194|293|251|258|275|228|242|300|285|254|221|260|296|260|269|265|269|195|292|306|263|233|203|262|314|264|330|328|240|392|350|225|259|320|389|303|454|312|239|255|240|234|272|398|348|295|239|202|223|279|277
182|182|181|181|176|173|179|179|176|173|181|181|178|173|178|178|178|181|178|179|174|179|178|179|181|182|178|174|176|183|182|181|173|181|178|180|178|176|181|178|172|178|181|181|178|181|172|178|181|178|179|172|182|177|178|178|174|174|176|172|181|174|173|178|185|176|177|178|176|183|174|181|182|176|178|173|174|174|178|178|181|178|182|173|176|178|176|173|178|178|178|181|179|182|172|180|181|172|178|178|181|176|181|184|178|186|176|181|178|181|176|181|173|178|172|178|178|178|181|178|172|176|178|172|183|176|178|179|178|176|179|180|174|172|178|176|182|178|172|181|173|176|178|176|183|181|180|184|182|174
Iteração que foi encontrado o Melhor Global: 908
Quantas vezes o Melhor Global foi alterado (Lembrando que a verificação na inicialização acumula nesse contador): 9
Particula Inicial do melhor global:
2,324183|0,809989|2,944413|1,251371|0,019279|1,088280|1,307006|0,903833|0,485590|0,905151|1,081546|1,218789|1,193825|0,440845|1,890935|
Particula Final do melhor global:
0,913586|2,680447|1,723420|0,745996|2,551741|1,245608|1,661499|2,571339|1,485516|0,908119|2,885079|2,473617|1,101543|0,634207|1,126056|
A melhor solução desse PSO é:
13 3 9 0 
12 14 5 8 6 2 
11 4 7 1 10 
Quantidade de trocas de:1,000000
Makespan: 172,000000
