276|353|192|164|175|184|338|409|253|330|191|267|479|144|331|273|230|189|402|246|237|159|189|323|371|410|477|326|275|220|437|165|158|179|147|313|277|172|197|247|187|251|416|170|297|174|290|485|408|247|241|171|246|157|188|186|261|226|177|276|162|217|226|232|181|324|452|269|315|283|596|328|245|288|197|164|218|154|166|181|261|345|183|268|387|172|377|168|172|175|358|211|221|243|210|354|253|181|271|347|273|336|237|404|226|204|321|227|347|363|325|217|169|382|151|313|427|234|168|291|244|315|384|492|404|183|184|182|444|203|455|458|365|167|309|272|370|382|165|219|194|305|177|223|162|196|281|193|244|371
145|142|142|143|143|142|142|142|143|143|142|142|143|142|143|143|143|142|143|143|142|145|142|143|142|143|143|142|142|143|142|144|144|142|143|143|142|142|144|145|142|144|142|143|147|146|142|143|143|142|142|148|142|144|142|142|142|142|143|143|142|142|142|143|142|142|143|142|142|144|143|144|142|145|142|147|142|142|143|142|144|142|142|143|142|142|142|142|142|142|142|142|142|143|142|143|142|142|143|142|143|143|143|143|142|142|142|142|142|142|145|143|142|143|142|142|142|143|142|143|142|142|142|144|142|142|142|145|142|142|143|142|143|142|142|143|143|142|142|144|143|145|142|142|142|142|142|144|142|143
Iteração que foi encontrado o Melhor Global: 99
Quantas vezes o Melhor Global foi alterado (Lembrando que a verificação na inicialização acumula nesse contador): 3
Particula Inicial do melhor global:
0,098127|0,297856|2,678628|0,274450|2,408503|0,627472|1,601230|2,826738|1,965487|1,676952|1,546835|1,160273|2,027616|2,930916|2,541070|
Particula Final do melhor global:
0,793661|0,692876|1,256735|1,831372|1,918140|2,412561|0,099855|0,832145|2,260967|0,203779|1,504602|2,401609|2,506474|2,593393|0,392447|
A melhor solução desse PSO é:
6 9 14 1 0 7 
2 10 3 4 
8 11 5 12 13 
Quantidade de trocas de:0,000000
Makespan: 142,000000
