222|262|199|224|296|189|276|205|269|190|273|309|221|229|249|194|213|222|282|317|279|191|230|226|213|221|234|218|244|217|234|231|293|262|213|256|210|216|253|223|206|297|222|308|242|279|221|216|289|253|174|214|231|232|284|214|253|220|188|297|232|243|226|307|260|171|304|290|236|263|322|332|239|366|227|250|229|184|264|225|182|237|280|208|267|183|281|215|207|265|254|223|208|199|281|211|215|259|267|225|242|206|271|176|344|254|197|335|396|287|242|221|193|258|265|197|325|229|342|204|279|287|277|339|260|189|271|277|226|246|212|250|251|224|212|191|177|198|253|199|203|215|218|222|310|228|279|230|257|282
169|170|170|169|169|169|169|169|169|169|169|169|170|169|169|170|170|169|169|169|169|169|172|170|169|169|170|169|169|169|169|169|169|169|170|169|169|169|171|169|169|169|169|169|169|169|169|169|169|169|170|169|169|169|170|170|170|169|169|169|170|169|169|169|170|171|173|169|169|170|169|170|169|169|169|172|170|169|169|170|169|170|169|171|169|170|169|169|169|169|169|170|169|172|171|169|169|169|169|169|170|169|170|169|169|169|169|169|169|169|169|171|169|169|172|172|170|169|170|169|171|169|171|169|170|169|169|169|169|169|169|169|169|171|169|170|169|169|169|172|169|171|171|169|169|169|169|169|170|169
Iteração que foi encontrado o Melhor Global: 74
Quantas vezes o Melhor Global foi alterado (Lembrando que a verificação na inicialização acumula nesse contador): 3
Particula Inicial do melhor global:
0,126680|1,889671|2,926112|1,829763|2,147584|0,478071|2,731760|2,900173|2,384234|2,831795|1,012791|1,236715|1,719600|0,557959|1,594960|
Particula Final do melhor global:
0,817088|2,201476|2,880159|0,663170|1,146158|2,173969|1,776066|1,341593|1,509626|0,975569|1,119397|2,211708|0,763283|2,893669|1,725792|
A melhor solução desse PSO é:
3 12 0 9 
10 4 7 8 14 6 
5 1 11 2 13 
Quantidade de trocas de:6,000000
Makespan: 169,000000
