731|898|645|975|858|817|822|982|1117|854|693|688|843|948|793|867|896|622|934|624|624|548|810|1053|879|700|722|740|707|564|734|697|751|988|951|517|456|720|779|509|905|668|848|507|759|820|643|716|655|675|700|776|640|1018|854|580|593|903|636|1083|873|697|557|838|684|581|1135|961|590|498|648|746|834|814|619|1174|497|894|595|644|613|1039|661|678|708|537|549|1244|643|593|772|798|664|1071|836|653|660|656|1641|520|669|835|538|592|1264|1125|868|811|705|714|753|622|589|583|501|998|640|777|505|675|578|582|634|665|594|620|722|711|719|699|468|758|446|600|743|569|695|507|1226|843|723|950|535|506|783|511|770|719|646|715
396|382|356|356|369|385|351|388|336|351|344|351|369|367|368|356|351|351|359|369|344|359|351|344|375|347|362|356|395|351|351|351|351|344|347|344|351|385|367|351|351|388|347|413|356|336|351|402|336|367|351|370|363|370|382|362|351|344|351|397|351|351|351|344|366|351|356|356|390|382|351|351|385|351|399|377|374|351|351|351|359|368|375|356|405|351|344|356|351|351|351|371|351|351|356|351|336|359|366|336|351|351|351|336|356|351|382|351|351|356|351|351|384|393|336|371|359|356|397|344|356|351|399|385|344|367|344|336|378|367|344|367|336|361|356|351|391|378|356|351|359|363|351|351|351|351|351|394|378|359
Iteração que foi encontrado o Melhor Global: 667
Quantas vezes o Melhor Global foi alterado (Lembrando que a verificação na inicialização acumula nesse contador): 7
Particula Inicial do melhor global:
2,403349|0,924873|2,390358|2,091737|2,249134|0,739350|1,059596|1,338419|0,271027|1,294633|1,240146|1,622113|0,976095|1,115332|1,086173|
Particula Final do melhor global:
0,507900|2,954826|0,386768|0,904133|1,174881|1,720882|1,255475|0,523984|2,977649|0,182390|2,555942|2,702081|1,265720|1,502129|0,358141|
A melhor solução desse PSO é:
9 14 2 0 7 3 
4 6 12 13 5 
10 11 1 8 
Quantidade de trocas de:13,000000
Makespan: 336,000000
