495|146|218|220|280|169|298|234|225|360|348|305|251|234|309|180|354|174|405|332|181|182|350|403|240|331|169|383|271|351|203|311|281|329|164|277|188|306|296|409|208|399|149|369|181|186|334|225|394|173|368|227|225|352|254|284|292|295|322|367|239|273|205|198|257|375|313|360|306|336|215|243|242|321|267|245|464|200|352|175|187|203|160|431|481|223|182|305|188|318|280|153|240|299|162|331|153|237|340|368|255|241|297|175|171|156|284|260|144|182|363|344|259|177|186|176|171|321|188|348|321|354|208|195|207|334|361|188|228|164|237|257|237|394|349|196|237|576|379|172|455|270|175|435|199|393|247|160|378|189
142|145|142|143|142|142|142|142|143|142|142|143|142|142|142|142|143|142|142|142|142|143|143|143|142|142|142|143|146|143|143|144|144|143|142|143|144|142|142|142|142|143|145|142|145|144|142|142|142|144|144|142|143|142|142|143|143|142|143|143|143|142|142|142|142|142|146|144|142|142|142|142|142|145|142|142|143|142|142|143|143|142|145|143|143|144|142|142|144|144|143|142|144|142|143|142|142|143|143|142|143|142|142|146|144|145|143|142|142|142|144|142|142|142|144|142|143|142|144|142|142|146|142|142|142|142|143|143|143|142|143|142|142|142|144|142|143|144|143|142|142|142|142|142|144|143|143|142|142|142
Iteração que foi encontrado o Melhor Global: 38
Quantas vezes o Melhor Global foi alterado (Lembrando que a verificação na inicialização acumula nesse contador): 3
Particula Inicial do melhor global:
0,436162|2,638291|1,300604|2,853784|0,084277|1,146936|0,585099|1,340154|2,167305|1,599252|2,984534|0,328485|2,957933|0,296387|2,709879|
Particula Final do melhor global:
1,974961|1,783226|2,012828|2,362957|0,967817|0,283313|0,918106|1,310505|2,844973|1,177126|2,612248|0,378873|1,041181|0,465696|2,484827|
A melhor solução desse PSO é:
5 11 13 6 4 
12 9 7 1 0 
2 3 14 10 8 
Quantidade de trocas de:0,000000
Makespan: 142,000000
