451|768|691|604|491|714|789|539|1127|493|776|447|407|829|611|736|545|665|726|563|485|594|1191|586|629|472|585|551|653|838|669|609|468|579|1032|635|715|602|740|1206|431|815|774|645|543|653|673|358|814|643|567|672|619|803|779|581|694|693|841|872|601|641|1088|648|1364|658|594|560|515|752|461|647|647|491|733|733|519|685|548|781|641|741|677|506|516|674|925|660|578|741|580|1149|687|507|536|423|699|452|472|537|506|562|466|715|508|644|498|545|550|527|396|361|503|760|682|604|575|635|499|772|1001|839|467|759|557|652|1075|590|405|459|737|551|646|761|673|737|584|760|503|556|514|1008|545|648|465|582|1207|705|619|814
252|252|252|252|252|252|252|252|252|252|252|252|252|252|252|252|252|252|252|252|252|252|252|252|252|252|252|252|252|301|252|252|252|252|252|252|252|252|252|252|252|252|252|252|252|252|252|252|252|252|252|252|252|252|252|252|252|252|252|252|252|252|252|252|252|252|252|252|252|252|252|252|252|252|252|305|252|252|276|252|252|252|252|252|252|252|252|252|252|252|280|252|252|252|252|252|252|335|252|252|252|252|252|252|252|273|252|252|252|252|252|252|252|252|252|252|252|252|252|252|252|252|254|252|252|252|252|252|252|252|315|252|252|252|252|252|252|252|252|252|312|252|252|261|252|252|252|252|252|252
Iteração que foi encontrado o Melhor Global: 10
Quantas vezes o Melhor Global foi alterado (Lembrando que a verificação na inicialização acumula nesse contador): 6
Particula Inicial do melhor global:
0,344046|2,712497|1,739546|1,447267|1,274466|1,318747|1,259310|0,237860|1,262658|1,862121|2,953179|2,365457|2,355275|2,246135|0,997577|
Particula Final do melhor global:
2,188605|1,944718|1,870067|2,601630|1,050833|2,329448|0,697749|1,937279|0,491408|0,183134|1,247896|1,298735|2,157983|2,205541|2,825932|
A melhor solução desse PSO é:
9 8 6 
4 10 11 2 7 1 
12 0 13 5 3 14 
Quantidade de trocas de:5,000000
Makespan: 252,000000
