284|490|456|486|408|624|440|505|468|375|397|520|322|389|359|435|576|930|332|344|434|433|498|545|430|835|445|600|464|413|409|748|526|539|421|522|417|440|450|780|431|507|576|282|349|743|396|459|332|302|337|562|595|488|382|540|418|433|389|285|379|325|429|589|379|391|388|573|540|386|404|614|735|619|298|341|444|338|291|563|585|399|507|777|349|502|633|417|592|392|364|576|511|332|595|331|508|432|283|427|379|682|486|657|537|492|436|646|343|775|505|662|438|481|377|331|797|430|487|385|415|432|444|469|638|458|452|425|353|444|467|394|324|531|569|709|426|310|469|400|371|262|340|604|643|423|821|671|815|427
171|172|173|171|171|163|163|171|163|163|163|163|171|185|163|171|171|163|163|163|171|171|180|171|171|163|171|163|181|171|169|169|171|163|163|171|178|171|171|163|171|163|163|163|171|163|163|163|214|169|171|171|171|163|171|171|171|163|163|167|163|171|171|163|163|171|171|163|171|163|173|171|163|163|184|171|194|163|185|171|163|171|171|169|171|163|184|171|163|171|171|171|171|173|171|163|169|191|163|163|171|171|163|163|171|163|163|163|163|163|163|171|175|184|163|171|163|191|163|171|163|163|163|171|172|171|171|171|171|163|193|163|171|171|163|171|171|185|171|171|171|163|171|171|171|163|171|163|210|171
Iteração que foi encontrado o Melhor Global: 360
Quantas vezes o Melhor Global foi alterado (Lembrando que a verificação na inicialização acumula nesse contador): 9
Particula Inicial do melhor global:
0,175222|2,859953|2,493295|2,316183|2,032511|1,846739|2,204557|0,640750|2,180415|0,148323|2,769459|0,631606|2,463022|2,256588|0,601625|
Particula Final do melhor global:
0,374059|0,498737|2,503730|1,115389|0,520377|0,582113|2,485836|1,061810|0,134023|2,003290|0,791360|2,489352|1,802203|1,394930|0,805778|
A melhor solução desse PSO é:
8 0 1 4 5 10 14 
7 3 13 12 
9 6 11 2 
Quantidade de trocas de:0,000000
Makespan: 163,000000
