1333|1370|1104|1071|1397|1061|1158|1355|1263|1761|1397|1269|1089|1427|1176|1100|1762|2120|1216|1550|1428|1350|1553|1313|1583|1862|1692|1680|1580|1612|1184|1109|1370|2027|1506|1619|1120|1435|1227|1440|1479|1512|1192|1475|1194|1088|1157|1252|2015|1502|1324|1272|1429|1308|1195|1359|1164|1239|1727|1389|1478|1014|1520|1784|1609|1251|1403|1387|1068|1676|1400|1191|1206|1375|1177|1272|1467|1642|1754|1552|1144|1155|1410|1273|1687|1274|1261|1254|1154|1210|1315|1747|1361|1191|1373|1523|1418|1383|1602|1600|1036|1519|1279|1608|1559|1567|1431|1459|1386|1272|1057|2346|1241|1514|1652|1554|1401|1095|1108|1031|1629|1059|1379|1289|1619|1120|1302|1388|1164|1746|1302|1193|1655|1520|1527|1194|1821|1350|1044|1039|1177|1708|952|1325|1201|1109|1244|2083|1652|1799
818|742|748|894|779|718|718|718|819|718|768|754|833|818|718|820|718|754|883|718|784|833|718|754|778|718|718|845|814|853|784|718|842|754|810|718|718|759|784|784|718|718|718|718|718|718|918|851|718|718|718|718|718|742|718|845|718|837|718|783|718|860|718|718|791|820|718|718|748|718|718|778|754|784|718|718|752|818|825|783|783|888|718|718|718|754|718|754|798|742|852|718|718|718|784|718|754|754|802|718|718|856|718|718|754|752|718|836|869|754|778|718|718|748|818|850|814|742|718|778|800|718|718|718|754|718|718|800|759|718|754|784|845|791|742|752|718|718|718|778|784|748|814|752|871|718|754|718|718|718
Iteração que foi encontrado o Melhor Global: 133
Quantas vezes o Melhor Global foi alterado (Lembrando que a verificação na inicialização acumula nesse contador): 7
Particula Inicial do melhor global:
1,912277|1,253568|1,274775|1,982859|0,257008|1,022948|0,102778|1,697039|1,305413|1,394271|1,206191|1,095176|1,618558|1,158022|0,849210|
Particula Final do melhor global:
1,571617|1,166780|1,545735|0,212615|1,196413|1,386581|1,150163|0,016326|1,221351|0,609548|0,768476|1,232704|0,900372|0,740030|0,122426|
A melhor solução desse PSO é:
7 14 3 9 13 10 12 
6 1 4 8 11 5 2 0 
Quantidade de trocas de:14,000000
Makespan: 718,000000
