733|547|489|834|800|502|729|653|535|567|616|627|642|490|744|690|599|722|886|669|522|636|494|565|579|838|573|1129|588|655|873|490|716|579|786|615|576|484|469|674|904|649|695|615|552|870|693|806|435|587|892|639|795|753|928|569|536|632|565|670|553|628|901|732|978|561|581|761|1248|720|577|723|983|507|598|822|959|536|784|521|508|528|667|688|662|798|847|848|641|628|555|675|525|733|833|816|762|483|444|783|605|814|508|550|537|601|704|936|521|744|633|642|829|472|702|724|872|870|615|587|523|543|537|925|490|661|461|571|685|823|694|427|792|565|532|710|816|800|577|626|765|498|633|574|493|640|583|886|702|758
323|323|323|323|323|323|323|323|323|323|323|323|323|323|323|323|323|323|323|323|323|323|323|323|323|323|323|323|323|323|323|323|323|323|323|323|323|323|323|323|323|323|323|323|323|323|323|323|323|323|323|323|323|323|323|323|323|323|323|323|323|323|323|323|323|323|323|323|323|323|323|323|323|323|323|323|323|323|323|323|323|323|323|323|323|323|323|323|323|323|323|323|323|323|323|323|323|323|323|323|323|323|323|323|323|323|323|323|323|323|323|323|323|323|323|323|323|323|323|323|323|323|323|323|323|323|323|323|323|323|323|323|323|323|323|323|323|323|323|323|323|323|323|323|323|323|323|323|323|323
Iteração que foi encontrado o Melhor Global: 13
Quantas vezes o Melhor Global foi alterado (Lembrando que a verificação na inicialização acumula nesse contador): 7
Particula Inicial do melhor global:
1,600378|0,006380|0,746118|0,027428|1,861307|1,931849|1,950289|0,722917|0,581181|1,159499|1,933648|1,345569|0,015848|0,656815|1,423671|
Particula Final do melhor global:
1,495209|0,447278|1,383275|0,389301|0,618494|0,322957|1,257178|0,757682|1,488123|1,805896|0,625809|1,665520|0,489697|0,433660|1,637872|
A melhor solução desse PSO é:
5 3 13 1 12 4 10 7 
6 2 8 0 14 11 9 
Quantidade de trocas de:3,000000
Makespan: 323,000000
