806|550|628|582|621|625|539|617|612|616|571|773|664|931|429|506|665|587|829|696|915|585|460|830|606|559|650|1042|608|733|690|430|623|913|944|662|666|433|656|720|869|781|450|507|770|571|457|437|580|660|563|537|882|704|617|446|755|546|497|807|772|728|705|658|690|980|568|803|633|668|734|563|545|496|826|777|472|840|724|565|541|795|495|722|595|455|604|758|499|628|667|699|1151|445|1220|592|478|489|766|735|556|763|729|685|628|544|711|506|612|592|579|586|560|452|713|589|844|741|573|940|409|675|608|872|597|839|501|649|472|686|705|650|718|671|515|453|463|638|728|638|611|733|535|993|625|948|771|762|813|825
286|286|286|374|311|320|286|286|371|286|340|333|311|286|286|286|286|340|286|286|286|286|286|327|311|286|286|311|311|286|321|286|286|286|322|286|355|286|322|286|286|286|328|286|286|319|286|286|286|286|286|292|286|286|286|286|286|286|361|286|286|286|327|286|307|311|297|286|286|395|317|286|286|286|365|286|356|327|286|286|345|340|286|320|297|286|286|297|332|356|286|286|286|286|286|286|356|321|347|292|286|286|318|330|286|311|286|321|286|354|340|286|286|286|286|357|286|286|286|286|286|286|286|286|286|335|328|321|340|311|286|286|286|312|347|322|286|286|332|286|286|286|297|286|286|311|286|340|311|292
Iteração que foi encontrado o Melhor Global: 123
Quantas vezes o Melhor Global foi alterado (Lembrando que a verificação na inicialização acumula nesse contador): 8
Particula Inicial do melhor global:
0,361186|0,100203|2,485973|0,923430|1,216081|1,221407|2,516993|2,642378|1,533549|1,370008|0,439364|2,066762|2,133472|1,700399|0,623261|
Particula Final do melhor global:
0,212002|2,386719|2,588573|0,800813|0,157706|1,555121|2,447625|0,651476|1,624635|1,538015|2,435461|1,019976|0,548228|1,600780|2,159010|
A melhor solução desse PSO é:
4 0 12 7 3 
11 9 5 13 8 
14 1 10 6 2 
Quantidade de trocas de:13,000000
Makespan: 286,000000
