287|317|296|327|255|302|391|320|266|368|295|287|283|380|339|361|293|314|314|333|333|349|505|269|303|431|286|275|285|250|318|286|383|387|267|312|277|282|266|348|301|262|256|266|292|318|303|260|258|322|357|357|281|256|445|304|341|339|427|273|347|304|282|273|295|427|296|249|268|263|284|337|305|321|287|318|275|303|265|323|335|293|378|349|296|360|261|316|316|274|275|251|268|314|348|331|290|265|356|278|307|282|251|395|268|312|254|419|364|315|293|411|357|283|304|259|390|312|393|393|276|323|256|426|274|263|254|267|323|340|275|255|260|299|351|260|424|303|288|290|287|373|254|303|329|354|377|304|296|316
233|234|234|230|234|230|234|234|233|230|234|230|235|230|233|230|234|234|239|230|235|234|233|234|237|234|230|235|234|230|230|236|233|238|235|234|233|233|234|233|230|234|230|234|234|234|234|234|234|234|234|234|234|234|237|233|233|234|230|234|234|230|230|234|234|234|230|233|234|233|234|234|233|234|234|233|233|234|234|233|234|234|234|234|234|234|236|230|234|230|234|234|233|234|230|230|234|230|230|234|234|234|233|230|234|234|230|236|230|233|234|241|234|234|230|234|234|234|234|233|235|234|234|234|234|234|232|234|233|234|234|234|233|230|234|234|230|230|230|230|234|233|234|232|234|234|233|234|233|230
Iteração que foi encontrado o Melhor Global: 207
Quantas vezes o Melhor Global foi alterado (Lembrando que a verificação na inicialização acumula nesse contador): 8
Particula Inicial do melhor global:
1,404684|0,040760|0,514238|1,745957|1,072292|1,396382|1,527918|0,725355|0,425392|0,953779|0,822722|0,323450|1,900663|0,724203|1,790888|
Particula Final do melhor global:
0,906558|0,851864|1,253386|0,539860|1,198539|1,591208|1,010845|0,814578|0,774702|0,480747|1,623179|1,520807|1,387678|1,652726|0,626890|
A melhor solução desse PSO é:
9 3 14 8 7 1 0 
6 4 2 12 11 5 10 13 
Quantidade de trocas de:15,000000
Makespan: 230,000000
