374|283|265|286|251|245|272|240|273|245|313|283|219|231|241|220|330|247|299|315|321|288|264|234|318|208|236|414|277|401|367|251|332|241|253|330|250|415|365|245|332|270|301|293|260|281|331|269|252|310|299|370|347|352|349|218|299|302|318|251|336|253|267|254|305|257|257|333|364|307|253|303|316|226|318|299|289|310|230|300|281|274|288|241|412|399|374|266|302|271|392|320|287|273|253|304|262|282|319|321|223|325|304|215|274|222|228|272|270|326|278|214|265|292|233|295|364|399|303|280|243|271|386|267|340|242|242|258|390|296|311|231|310|350|288|438|255|279|451|333|329|267|269|243|283|311|242|327|311|266
199|198|199|198|198|206|198|198|203|198|199|199|201|199|201|198|201|199|201|198|198|201|204|198|199|202|207|201|199|201|204|198|199|199|199|198|201|204|203|198|198|201|203|198|199|200|199|199|202|199|200|198|199|198|201|199|199|203|199|203|204|199|199|205|203|199|203|203|199|201|210|201|207|198|198|203|203|204|199|198|198|207|204|198|198|199|199|199|198|203|201|206|198|199|198|199|198|201|206|199|201|204|204|200|199|198|205|201|199|205|202|203|199|209|205|208|198|203|201|198|201|201|201|198|199|199|198|199|198|198|198|203|199|203|198|198|198|202|202|198|203|199|204|201|198|199|205|203|205|199
Iteração que foi encontrado o Melhor Global: 240
Quantas vezes o Melhor Global foi alterado (Lembrando que a verificação na inicialização acumula nesse contador): 6
Particula Inicial do melhor global:
1,877675|2,554010|0,729261|0,025973|1,992130|1,282757|2,280863|1,425825|2,335078|1,647762|0,939861|1,158932|2,307034|0,819037|1,371270|
Particula Final do melhor global:
2,590614|0,623883|0,097193|1,370164|2,443259|2,299021|2,297276|2,680844|1,917142|1,301435|0,967652|0,470675|1,697183|1,776118|0,686039|
A melhor solução desse PSO é:
2 11 1 14 10 
9 3 12 13 8 
6 5 4 0 7 
Quantidade de trocas de:13,000000
Makespan: 198,000000
