562|592|982|655|578|626|940|503|1156|736|663|554|454|404|556|465|716|627|433|986|662|619|658|591|861|523|609|711|511|677|479|454|879|603|680|995|579|593|547|450|686|638|522|584|763|881|631|561|646|600|741|480|672|572|831|641|527|591|1031|466|566|684|591|406|420|603|872|527|832|535|1014|516|437|707|735|816|779|421|427|603|823|444|692|587|774|474|461|502|634|1145|633|734|763|599|461|463|824|624|533|462|679|590|444|811|588|578|967|469|817|609|783|610|610|744|491|618|477|704|847|611|764|698|655|536|637|593|660|564|607|597|503|370|433|620|423|449|594|685|679|579|730|335|449|634|514|531|856|838|739|872
252|252|250|252|252|252|252|250|250|250|252|259|254|252|252|252|254|302|254|250|252|266|252|250|250|252|252|252|252|254|304|252|250|250|257|254|252|252|252|250|252|250|252|250|252|271|252|250|250|263|250|250|250|252|252|254|257|250|259|250|288|259|250|259|250|252|259|250|250|250|250|250|252|252|252|250|250|252|250|252|250|252|250|252|252|250|250|259|254|250|250|250|250|252|250|252|252|257|250|257|257|252|250|252|250|252|250|250|254|254|250|250|252|254|252|252|261|252|250|252|257|252|252|252|250|254|250|250|252|252|254|252|250|250|250|252|252|252|250|252|252|250|252|256|252|250|252|252|250|257
Iteração que foi encontrado o Melhor Global: 344
Quantas vezes o Melhor Global foi alterado (Lembrando que a verificação na inicialização acumula nesse contador): 13
Particula Inicial do melhor global:
0,912528|1,249198|0,062126|1,940584|2,576983|0,376836|1,526683|1,291659|1,184490|0,038443|1,435796|0,792566|2,071745|2,011758|0,868965|
Particula Final do melhor global:
0,707680|1,866326|1,988523|0,714831|2,385236|0,962821|1,821110|2,719888|2,262987|1,652174|0,783782|2,334293|0,660336|0,663286|1,163054|
A melhor solução desse PSO é:
12 13 0 3 10 5 
14 9 6 1 2 
8 11 4 7 
Quantidade de trocas de:5,000000
Makespan: 250,000000
