673|622|638|920|650|785|711|731|1132|557|660|654|668|617|605|641|680|728|660|996|535|599|688|825|1299|659|1163|948|531|591|777|892|678|836|789|1026|675|824|518|741|1125|738|698|514|571|926|746|652|608|1306|905|1037|822|841|981|904|684|1001|735|635|616|757|552|580|500|1116|688|790|648|729|541|649|874|512|930|910|477|703|923|521|633|637|602|829|516|1176|495|722|656|626|996|890|849|849|485|850|785|613|1030|497|1316|801|975|1000|1066|702|716|549|672|790|643|588|702|850|542|628|733|758|1140|656|854|553|1017|652|659|796|596|848|558|704|602|694|735|551|906|794|562|991|614|528|915|627|527|581|778|840|837|699|1166|650
296|354|296|296|296|296|296|296|371|299|299|296|325|321|371|325|328|296|356|296|325|296|296|296|296|296|325|296|310|296|296|301|296|296|296|296|296|296|296|296|296|325|325|296|325|296|296|296|366|296|389|334|371|296|328|296|325|328|325|299|296|296|355|325|296|296|296|358|296|296|296|296|325|296|296|328|296|296|296|325|296|296|296|296|296|296|296|371|296|325|296|321|296|296|296|296|296|299|296|325|296|296|296|296|299|296|296|349|325|325|296|299|325|296|296|296|296|296|296|296|296|408|296|296|296|296|296|296|347|296|296|325|296|296|296|296|296|299|296|296|296|296|325|296|296|321|325|296|371|296
Iteração que foi encontrado o Melhor Global: 321
Quantas vezes o Melhor Global foi alterado (Lembrando que a verificação na inicialização acumula nesse contador): 11
Particula Inicial do melhor global:
1,153913|2,522778|2,802093|0,584000|2,560141|2,383222|2,372203|0,680140|2,991031|2,531460|1,425599|0,636103|2,122315|0,480324|1,052418|
Particula Final do melhor global:
0,757947|2,287288|2,613405|0,680156|2,480944|0,730248|1,745658|1,940676|1,942713|1,867357|2,590263|2,261380|0,791020|0,687857|0,353063|
A melhor solução desse PSO é:
14 3 13 5 0 12 
6 9 7 8 
11 1 4 10 2 
Quantidade de trocas de:4,000000
Makespan: 296,000000
