772|540|771|537|1037|507|723|490|471|849|536|548|636|638|484|508|530|871|578|570|562|582|1063|658|485|402|607|460|753|600|490|649|906|493|586|895|700|503|646|686|614|570|643|545|484|598|570|567|478|895|643|632|981|1034|733|771|921|854|613|598|600|568|585|622|605|542|661|601|590|860|876|748|508|488|651|673|495|641|685|748|933|987|789|503|565|989|698|555|742|701|553|508|502|785|537|682|906|665|614|800|511|523|517|422|602|534|722|618|684|478|912|862|570|587|443|816|608|563|887|444|503|498|536|595|524|513|591|806|604|501|803|919|649|538|660|664|694|724|802|468|724|528|832|767|509|795|656|883|780|541
323|323|323|323|323|323|323|323|323|323|323|323|323|323|323|323|323|323|323|323|323|323|323|323|323|323|323|340|323|323|323|323|323|323|323|323|323|323|323|323|323|323|323|323|323|323|323|323|323|323|323|323|323|323|323|323|323|323|323|323|323|323|323|323|323|323|323|323|323|323|323|323|323|323|323|323|323|323|323|323|323|323|323|323|323|323|323|323|323|323|323|323|323|323|323|323|323|323|323|323|323|323|323|323|323|323|323|323|323|323|323|323|323|323|323|323|323|323|323|323|323|323|323|323|323|323|323|323|323|323|323|323|323|323|323|323|323|323|323|323|323|323|323|323|323|323|323|323|323|323
Iteração que foi encontrado o Melhor Global: 14
Quantas vezes o Melhor Global foi alterado (Lembrando que a verificação na inicialização acumula nesse contador): 5
Particula Inicial do melhor global:
0,117863|0,910199|0,797489|1,169895|1,379641|1,205896|0,056991|1,006688|1,070384|0,150380|1,323264|0,438204|1,877131|1,448676|1,251157|
Particula Final do melhor global:
1,213468|0,532918|1,095505|0,182692|0,804825|1,636120|1,339842|1,027742|1,137563|1,376404|0,980323|1,267853|0,873309|0,052796|0,209149|
A melhor solução desse PSO é:
13 3 14 1 4 12 10 
7 2 8 0 11 6 9 5 
Quantidade de trocas de:3,000000
Makespan: 323,000000
