1553|975|1161|1601|2002|1028|1479|1455|1360|1145|1367|1015|1519|1141|1654|1430|1324|1391|1357|1055|1318|1133|1727|1143|1444|1371|1540|1175|1212|1456|1332|1827|1137|1406|1182|1305|1485|1636|1460|1525|1447|1983|1831|1181|1197|1238|1457|1196|1679|1452|1550|1462|2162|1340|1278|1177|1529|1432|1144|1411|1174|1116|1369|1587|1300|1023|1689|1144|1354|1392|1270|1314|1706|1166|1281|1249|1835|1622|1609|1394|1098|1254|1858|1522|1303|1250|1481|1287|1164|1539|1473|1210|1527|1913|1099|1379|1217|1526|1264|1389|1872|1118|1294|1013|1364|1317|1274|1326|1188|1335|1682|1505|1663|1177|1222|1346|1230|1189|1254|1662|974|1334|1291|2020|1370|1192|972|1192|1457|1300|1094|1626|1303|1672|1271|1529|1278|1540|1367|1575|1420|1420|1129|1605|2280|1149|1060|1129|1226|1552
705|705|705|725|705|725|725|725|771|725|771|725|725|779|725|725|705|705|705|725|725|725|705|813|725|705|771|705|705|705|725|725|705|705|725|725|760|705|725|705|725|705|725|771|771|705|705|705|771|705|771|725|791|725|771|764|781|725|725|725|705|725|705|771|822|822|725|760|705|705|725|760|815|705|755|725|705|705|760|705|705|705|705|725|725|725|725|725|705|725|705|705|725|770|725|725|771|725|705|748|725|725|791|725|705|791|725|771|725|705|705|705|725|725|705|705|705|705|725|760|771|771|837|705|725|705|771|705|705|837|705|725|770|725|725|725|771|705|725|771|705|705|725|705|779|836|705|705|771|725
Iteração que foi encontrado o Melhor Global: 367
Quantas vezes o Melhor Global foi alterado (Lembrando que a verificação na inicialização acumula nesse contador): 8
Particula Inicial do melhor global:
0,693697|1,308755|0,580129|1,305243|0,472110|0,643699|0,635955|1,662107|0,398297|0,634074|1,540826|0,719884|0,915844|1,668959|1,607796|
Particula Final do melhor global:
0,492510|1,466254|1,143716|0,383924|1,946072|1,073091|1,894368|0,572064|0,863035|0,250565|1,691118|1,109017|1,849164|0,458561|0,260774|
A melhor solução desse PSO é:
9 14 3 13 0 7 8 
5 11 2 1 10 12 6 4 
Quantidade de trocas de:13,000000
Makespan: 705,000000
