203|323|226|213|234|252|301|253|363|342|245|238|310|225|243|211|283|206|254|211|187|243|336|385|208|278|218|236|208|251|280|192|360|309|237|273|280|319|309|237|264|315|222|362|249|247|270|222|331|235|324|270|279|316|256|237|346|204|251|250|248|243|227|250|297|235|283|267|272|345|312|263|289|271|219|285|366|290|231|246|260|306|213|377|262|276|203|296|276|277|337|277|276|267|251|267|283|273|210|238|263|271|214|231|205|241|249|287|204|325|376|191|267|212|235|382|311|474|238|232|242|221|240|277|208|274|219|270|250|290|286|330|271|262|303|357|256|225|221|245|226|312|341|231|316|194|257|276|241|345
182|177|181|177|179|177|177|177|177|177|177|182|184|177|183|182|182|177|177|182|177|177|177|177|177|177|177|177|177|177|179|186|180|185|177|177|179|177|177|182|177|177|177|179|182|177|181|177|184|177|177|177|177|177|177|179|177|182|177|177|182|177|177|177|182|177|179|188|177|177|177|177|179|177|183|177|177|181|177|183|180|177|177|177|177|177|177|179|177|182|177|177|177|177|177|179|177|179|179|183|177|179|177|179|177|177|177|177|177|177|177|183|177|177|177|177|177|184|177|179|177|177|177|177|177|177|182|177|178|179|181|177|177|177|177|181|179|177|177|177|177|178|177|177|179|177|177|188|179|177
Iteração que foi encontrado o Melhor Global: 24
Quantas vezes o Melhor Global foi alterado (Lembrando que a verificação na inicialização acumula nesse contador): 6
Particula Inicial do melhor global:
0,059672|2,337325|0,415414|0,678087|1,344219|2,418876|2,058730|1,971850|1,962365|2,137187|2,840844|2,618182|1,303668|1,243410|1,606802|
Particula Final do melhor global:
2,647996|0,756057|1,991320|1,434490|0,631712|2,812766|2,748088|1,372022|2,449464|1,441404|1,468592|0,795456|0,054687|0,472486|0,018669|
A melhor solução desse PSO é:
14 12 13 4 1 11 
7 3 9 10 2 
8 0 6 5 
Quantidade de trocas de:4,000000
Makespan: 177,000000
