624|522|1250|740|801|648|1204|650|803|754|1236|796|831|736|617|1105|865|748|1085|662|540|635|511|1159|627|799|602|740|720|1008|780|623|1287|674|789|569|624|618|721|1016|1009|707|821|1027|859|580|784|877|664|646|690|727|898|903|860|780|1041|701|628|797|991|764|806|593|708|846|637|1122|726|1112|534|762|807|831|694|517|736|931|542|1070|853|583|825|546|681|690|541|796|687|678|696|614|949|735|992|577|738|681|976|1070|579|743|943|859|536|597|916|712|576|966|1186|659|962|718|703|891|538|580|717|658|521|1128|895|949|572|932|1198|857|718|713|620|865|961|828|640|541|548|561|481|765|727|795|628|617|636|932|671|742|722|999
296|356|299|296|296|389|296|296|296|296|296|296|296|296|301|296|296|296|296|299|296|296|296|296|296|296|296|299|296|296|296|303|296|296|299|299|296|296|296|370|296|296|296|296|296|296|296|296|296|296|296|296|296|299|296|296|296|296|296|299|296|296|296|296|296|296|299|296|296|359|296|296|296|296|296|296|299|296|296|296|296|296|296|296|299|299|296|296|296|301|296|296|296|323|296|299|296|299|296|296|407|296|296|296|296|296|296|296|296|296|326|296|296|296|296|296|296|296|296|296|316|299|296|296|301|296|296|296|296|296|296|296|296|296|296|296|296|296|296|296|296|296|296|296|296|299|296|296|296|296
Iteração que foi encontrado o Melhor Global: 68
Quantas vezes o Melhor Global foi alterado (Lembrando que a verificação na inicialização acumula nesse contador): 9
Particula Inicial do melhor global:
1,090431|1,396147|2,167851|1,311822|0,437238|1,307805|2,803021|0,912607|1,673137|0,373207|0,014143|1,303307|1,212626|0,744064|2,977528|
Particula Final do melhor global:
1,733988|0,825233|0,779469|1,995373|0,622834|1,850987|2,820372|2,971208|2,077538|2,645442|0,532747|0,726750|1,519994|1,563228|1,692879|
A melhor solução desse PSO é:
10 4 11 2 1 
12 13 14 0 5 3 
8 9 6 7 
Quantidade de trocas de:4,000000
Makespan: 296,000000
