323|165|546|227|323|255|286|213|459|325|209|333|292|175|185|396|369|257|262|201|275|223|361|195|211|180|193|163|255|237|275|219|233|330|417|331|260|318|446|193|165|307|353|307|158|562|249|243|185|342|163|485|566|357|301|399|446|222|257|206|203|251|362|195|230|175|197|283|343|212|386|406|517|275|482|262|353|188|247|173|328|312|146|382|295|334|202|174|203|200|201|284|422|202|202|211|257|286|479|287|466|357|200|455|425|190|232|194|323|306|199|190|221|195|424|202|270|335|302|283|224|170|488|348|244|318|176|179|317|233|412|331|216|518|160|200|303|185|312|251|219|328|220|379|220|278|384|290|220|218
142|142|142|142|143|142|142|142|142|142|142|142|142|143|143|142|144|142|142|142|142|142|144|142|142|143|142|142|142|142|142|142|142|142|142|142|142|143|142|143|145|142|142|142|142|142|145|142|142|142|142|142|142|142|142|145|142|142|142|142|142|143|142|142|142|145|142|142|142|142|142|142|142|142|142|142|142|142|142|145|143|142|142|143|142|142|142|142|142|142|142|142|142|142|142|142|142|142|142|144|142|142|142|144|142|142|142|142|142|142|142|142|142|142|142|142|142|142|142|142|142|142|142|144|142|142|142|142|142|142|142|142|142|142|142|142|142|142|142|142|142|142|142|142|142|142|142|143|142|142
Iteração que foi encontrado o Melhor Global: 5
Quantas vezes o Melhor Global foi alterado (Lembrando que a verificação na inicialização acumula nesse contador): 4
Particula Inicial do melhor global:
0,909614|1,569091|0,903299|1,863029|1,506350|0,955162|1,665415|2,249984|0,011679|1,537648|1,113371|1,659953|2,919412|1,650332|0,158882|
Particula Final do melhor global:
0,940746|1,599081|1,719614|0,910563|2,420334|2,131747|2,435845|2,496240|1,767492|1,544072|0,423610|1,540891|0,613058|1,205389|0,587674|
A melhor solução desse PSO é:
10 14 12 3 0 
13 11 9 1 2 8 
5 4 6 7 
Quantidade de trocas de:0,000000
Makespan: 142,000000
