234|332|244|301|252|223|302|261|232|249|265|289|227|250|319|275|218|268|278|249|288|289|244|322|269|224|282|283|257|201|215|214|264|319|284|246|246|275|237|255|230|222|203|235|279|378|330|259|323|219|336|306|214|230|300|213|253|326|264|240|347|211|231|308|262|345|257|309|241|266|253|254|222|219|266|225|255|377|256|258|326|252|299|381|255|292|302|273|328|295|275|267|317|329|298|204|255|340|326|298|315|410|204|285|268|388|346|227|194|282|312|235|307|233|253|190|226|216|272|287|241|337|276|299|232|268|201|266|285|265|235|261|195|335|232|223|249|226|230|333|299|314|260|279|327|302|208|273|306|293
177|177|177|181|177|177|177|183|185|177|180|177|182|177|177|177|179|177|179|177|177|177|177|177|177|184|179|179|177|177|177|177|177|180|177|177|177|187|186|182|177|172|184|177|187|185|179|177|177|184|177|177|177|177|177|177|177|177|177|177|182|180|180|182|179|177|177|177|179|177|179|177|172|177|183|179|182|182|177|177|177|182|178|177|184|177|177|184|177|177|177|177|177|177|177|177|180|177|177|183|177|177|177|177|177|177|177|177|177|177|183|177|177|181|177|177|177|177|179|182|177|177|177|177|179|177|178|179|180|177|177|177|177|184|177|177|177|179|179|177|177|179|179|177|177|182|177|172|172|177
Iteração que foi encontrado o Melhor Global: 814
Quantas vezes o Melhor Global foi alterado (Lembrando que a verificação na inicialização acumula nesse contador): 6
Particula Inicial do melhor global:
0,410029|2,168144|1,980019|0,830999|1,395469|0,442716|1,614006|2,132133|2,843036|0,322166|1,592531|2,335645|2,444313|2,065796|0,110145|
Particula Final do melhor global:
0,716688|1,036919|2,407680|0,759155|1,598215|2,255663|2,469612|1,094817|2,764629|0,472469|1,978170|1,440594|2,058919|0,784267|2,370745|
A melhor solução desse PSO é:
9 0 3 13 
1 7 11 4 10 
12 5 14 2 6 8 
Quantidade de trocas de:1,000000
Makespan: 172,000000
