641|648|348|778|410|615|717|808|665|596|656|551|421|790|562|697|1033|613|555|778|907|437|718|669|521|581|620|930|620|529|609|743|595|412|507|589|448|501|686|646|437|671|834|467|697|400|586|622|607|606|582|692|444|818|929|657|482|899|795|584|808|548|546|965|446|515|451|459|480|628|656|741|636|497|424|651|516|525|760|545|739|478|550|693|487|452|643|574|717|685|511|546|655|440|595|1092|466|583|536|824|471|646|477|676|386|396|825|845|611|627|827|508|709|575|694|827|459|670|493|581|554|932|631|407|1034|586|638|595|812|541|393|499|557|598|420|501|538|526|694|581|581|765|649|702|676|476|417|560|688|708
252|252|252|252|252|252|252|252|252|252|252|252|252|252|252|252|252|252|252|252|252|252|252|252|252|252|252|252|252|252|252|288|252|252|252|252|252|252|252|252|252|306|252|252|252|252|252|252|252|252|252|252|252|252|252|252|252|252|252|252|252|252|252|252|252|252|252|252|252|252|252|252|252|252|252|252|252|252|252|252|252|252|252|252|252|252|252|252|252|252|252|252|252|302|252|252|252|252|252|252|334|252|252|252|252|252|252|252|252|252|252|252|252|252|252|252|252|252|252|252|252|252|252|252|252|252|252|252|252|252|252|252|252|252|252|252|252|252|252|252|252|252|252|252|252|252|252|252|252|252
Iteração que foi encontrado o Melhor Global: 16
Quantas vezes o Melhor Global foi alterado (Lembrando que a verificação na inicialização acumula nesse contador): 5
Particula Inicial do melhor global:
0,892877|2,228687|1,458329|1,933557|0,749300|0,192000|0,054560|1,575847|1,640949|1,167033|2,072618|1,939300|1,062103|0,358888|0,520827|
Particula Final do melhor global:
1,710219|2,184205|2,362839|1,263850|2,302196|1,368373|0,457905|2,234232|0,209484|0,699408|2,393103|2,421208|1,794452|1,883598|1,224342|
A melhor solução desse PSO é:
8 6 9 
14 3 5 0 12 13 
1 7 4 2 10 11 
Quantidade de trocas de:4,000000
Makespan: 252,000000
