661|768|559|525|617|882|641|707|741|715|938|748|647|501|668|402|531|826|629|678|877|814|712|594|753|709|717|620|971|612|650|528|713|595|774|500|850|699|683|778|472|848|804|738|388|462|677|685|493|679|558|480|800|552|781|505|670|828|986|636|657|595|898|631|557|693|775|972|759|729|497|437|757|551|606|434|611|719|407|944|791|438|451|566|562|707|832|457|730|497|479|623|674|600|605|827|469|580|591|696|824|678|595|502|454|494|538|455|612|776|575|542|501|736|799|585|717|709|850|758|570|573|637|591|821|598|629|496|564|834|597|460|536|569|552|1039|689|547|623|694|505|540|660|745|735|1018|876|603|688|792
323|323|323|323|323|323|323|323|323|323|323|323|323|323|323|323|323|323|323|323|323|323|323|323|323|323|323|323|323|323|323|323|323|323|323|323|323|323|323|323|323|323|323|323|323|323|323|323|323|323|323|323|323|323|323|323|323|323|323|323|323|323|323|323|323|323|323|323|323|323|323|323|323|323|323|323|323|323|323|323|323|323|323|323|323|323|323|323|323|323|323|323|323|323|323|323|323|323|323|323|323|323|323|323|340|323|323|323|323|323|323|323|323|323|323|323|323|323|323|323|323|323|323|323|323|323|323|323|323|323|323|323|323|323|323|323|323|323|323|323|323|323|323|323|323|323|323|323|323|323
Iteração que foi encontrado o Melhor Global: 2
Quantas vezes o Melhor Global foi alterado (Lembrando que a verificação na inicialização acumula nesse contador): 2
Particula Inicial do melhor global:
0,716083|1,735479|1,155876|0,828020|1,681713|1,853678|0,617461|1,620836|1,401028|1,841315|1,104941|1,548422|0,919216|0,360459|1,589297|
Particula Final do melhor global:
1,164287|0,035507|1,629081|0,880777|0,337899|1,818748|1,905872|1,148869|1,470742|1,882313|0,021303|1,750778|0,164493|0,594115|0,337572|
A melhor solução desse PSO é:
10 1 12 14 4 13 3 
7 0 8 2 11 5 9 6 
Quantidade de trocas de:3,000000
Makespan: 323,000000
