504|686|747|646|538|579|508|710|675|577|996|624|992|638|715|616|856|611|628|599|738|696|813|858|705|713|670|821|606|1233|749|642|1082|599|702|510|857|763|608|608|955|563|717|1005|586|715|532|1039|892|776|544|786|579|757|677|907|675|1004|656|569|691|589|769|1082|734|595|710|705|800|799|677|521|701|809|645|625|589|761|659|703|835|463|716|972|758|850|758|653|627|905|1005|667|919|555|963|667|727|554|989|652|589|537|812|701|659|767|839|729|558|859|641|701|1189|934|855|774|512|562|785|796|502|969|630|811|630|845|555|679|600|919|915|643|814|655|725|886|640|594|668|664|671|744|648|690|604|618|856|730|901|691
362|362|362|362|362|362|362|362|362|362|362|362|411|389|362|376|362|408|383|362|362|362|362|408|362|376|362|362|362|393|376|362|394|362|362|362|362|362|383|362|362|362|362|362|362|362|362|362|390|362|390|362|364|362|362|362|362|362|362|362|362|362|362|362|362|362|402|376|362|362|362|362|362|381|383|362|390|362|362|362|362|362|385|362|362|362|362|362|391|362|362|362|362|376|362|401|362|362|391|368|427|362|362|362|362|362|389|362|362|362|362|376|362|362|362|362|362|392|362|402|362|362|362|362|362|362|362|397|362|362|383|362|362|362|380|362|362|375|398|362|386|362|385|362|362|368|362|362|368|362
Iteração que foi encontrado o Melhor Global: 17
Quantas vezes o Melhor Global foi alterado (Lembrando que a verificação na inicialização acumula nesse contador): 4
Particula Inicial do melhor global:
0,335633|1,004251|2,062426|2,490518|2,211879|1,464955|1,421463|0,545795|0,958295|2,166711|1,663615|1,754115|2,130677|2,780763|2,586483|
Particula Final do melhor global:
2,494025|0,739271|1,912844|2,277001|1,255858|1,770011|0,687571|2,486697|1,771552|2,623491|0,382259|1,183687|1,028201|0,191393|2,694371|
A melhor solução desse PSO é:
13 10 6 1 
12 11 4 5 8 2 
3 7 0 9 14 
Quantidade de trocas de:13,000000
Makespan: 362,000000
