1686|1692|1642|1440|1514|1394|1340|1557|1584|1397|1340|1622|1361|1076|1403|1514|1445|1762|1408|1492|1451|1182|1510|1963|1048|1551|1696|1697|1663|1444|1343|1714|1325|1529|1669|1907|1351|1401|1537|1518|1304|1547|1710|1408|1267|1423|1424|1599|1315|1518|1295|1373|2334|1722|1464|1712|1425|1673|1639|1372|1830|1715|1474|1755|1511|1230|1356|1500|1140|1711|1879|1288|1198|1582|1438|1351|1622|1443|1763|1774|1146|1238|1743|1256|1316|1786|1338|2195|1692|1152|1296|1839|1350|1365|1596|1275|1727|2238|1343|1460|1431|1559|1894|1454|1715|1483|1526|1420|1800|1666|1356|1482|1370|1410|1203|1713|1553|1735|1030|1826|1436|1526|1219|2118|2175|1114|1556|1751|1471|1355|1405|1612|2407|1415|1904|1465|1125|1760|1319|1445|1637|1385|1443|1230|1667|1284|1577|1461|1445|2073
844|777|837|777|777|777|837|777|777|777|777|777|777|777|835|777|777|777|777|822|777|777|777|777|777|822|777|777|777|777|777|777|777|777|777|898|777|777|777|777|835|777|777|777|777|844|777|838|777|777|777|836|777|822|777|777|777|777|777|777|777|777|837|777|777|777|777|820|777|822|777|777|777|777|777|777|777|777|777|777|777|887|777|777|777|777|777|777|902|904|777|777|777|777|777|777|777|777|822|777|777|777|777|777|777|844|777|777|777|777|777|876|777|777|777|777|777|777|777|777|777|777|777|777|808|777|777|777|777|777|777|777|822|777|777|777|837|777|777|777|777|777|777|777|822|777|777|777|822|887
Iteração que foi encontrado o Melhor Global: 8
Quantas vezes o Melhor Global foi alterado (Lembrando que a verificação na inicialização acumula nesse contador): 7
Particula Inicial do melhor global:
0,981930|1,234085|1,523246|1,281759|0,539271|0,247394|1,882915|0,339351|0,027293|1,107823|0,085490|0,569552|0,497410|1,505536|1,061521|
Particula Final do melhor global:
1,805883|1,073344|1,831688|1,529994|1,617086|0,638764|0,916387|1,611136|0,950363|0,662447|1,136477|0,898200|0,366561|0,922716|0,964915|
A melhor solução desse PSO é:
12 5 9 11 6 13 8 14 
1 10 3 7 4 0 2 
Quantidade de trocas de:16,000000
Makespan: 777,000000
