176|208|188|199|160|225|191|175|233|283|216|248|175|170|179|209|193|161|190|278|224|225|193|258|196|173|227|231|173|180|235|256|232|171|209|207|165|367|198|194|180|155|312|189|230|213|204|235|264|175|172|177|194|175|273|281|197|172|183|154|262|196|197|248|224|191|210|264|175|167|217|227|172|232|224|288|210|211|301|240|238|231|380|196|225|215|259|156|248|195|192|168|263|221|175|154|270|218|185|213|237|179|208|181|217|174|215|222|339|196|202|189|197|212|218|210|174|184|183|233|217|231|160|228|224|248|205|266|243|217|198|225|186|226|187|203|197|176|205|237|188|153|180|165|222|211|186|257|177|242
147|147|146|142|146|143|141|141|145|146|141|143|142|142|144|145|145|145|142|141|142|141|144|142|146|142|146|146|144|144|144|142|143|142|142|141|141|142|142|143|143|141|143|141|142|145|143|144|141|143|141|146|146|142|146|141|145|143|142|142|142|147|142|142|145|142|145|142|142|142|142|143|141|143|144|142|143|143|141|142|147|142|143|143|147|142|142|143|147|142|142|142|142|141|143|144|144|142|144|142|142|142|142|142|141|141|147|142|141|142|141|144|146|144|144|147|144|142|142|142|143|145|144|144|141|145|145|141|145|143|144|143|143|145|144|145|144|141|145|144|146|146|142|141|144|143|142|142|145|143
Iteração que foi encontrado o Melhor Global: 172
Quantas vezes o Melhor Global foi alterado (Lembrando que a verificação na inicialização acumula nesse contador): 6
Particula Inicial do melhor global:
1,533098|2,370237|1,067350|0,530487|1,923115|0,836528|1,858635|0,502609|2,246333|2,444284|1,972972|1,758254|2,091786|2,877652|0,627804|
Particula Final do melhor global:
2,358428|0,192667|1,269839|0,893484|0,750015|1,441257|2,137810|0,674412|2,982668|1,286740|0,033932|2,838720|0,687427|2,324773|1,318108|
A melhor solução desse PSO é:
10 1 7 12 4 3 
2 9 14 5 
6 13 0 11 8 
Quantidade de trocas de:15,000000
Makespan: 141,000000
