189|264|245|175|192|241|212|316|250|227|251|171|268|247|197|156|237|286|200|206|248|224|155|271|231|255|186|290|178|213|257|232|267|293|215|214|222|205|200|312|208|189|218|211|200|229|264|178|188|181|218|282|287|198|192|292|183|239|295|293|254|175|229|274|327|201|214|260|256|253|222|202|219|236|236|220|339|194|241|201|278|293|176|188|236|186|295|331|263|183|202|256|203|324|167|188|216|201|301|277|270|166|209|240|184|191|223|239|256|174|210|198|244|270|307|215|208|282|184|256|203|255|225|200|271|260|307|169|235|190|223|204|227|201|175|202|203|189|287|225|242|201|245|238|187|287|228|217|258|224
152|155|152|154|155|152|152|156|154|154|152|155|157|152|156|155|152|152|155|156|156|153|154|153|152|154|155|152|152|152|154|152|152|152|152|152|152|152|157|153|154|152|152|154|154|152|152|152|155|152|152|152|154|152|152|157|152|152|153|152|153|152|153|153|152|152|152|153|154|155|152|152|152|152|152|152|152|155|152|152|152|152|154|152|152|152|153|152|152|154|153|155|154|152|152|152|152|153|153|152|152|152|152|154|152|153|152|152|153|152|152|152|152|154|152|153|154|154|152|156|153|152|152|152|154|154|153|156|152|159|154|152|152|152|153|152|156|152|157|154|152|152|154|152|152|152|154|152|154|152
Iteração que foi encontrado o Melhor Global: 12
Quantas vezes o Melhor Global foi alterado (Lembrando que a verificação na inicialização acumula nesse contador): 3
Particula Inicial do melhor global:
2,957642|2,736802|2,000789|0,928142|2,812332|2,027440|1,047380|0,779320|2,241555|1,415287|2,801763|2,214294|1,738620|0,926598|2,652912|
Particula Final do melhor global:
0,274934|1,863407|2,071174|0,691856|0,579078|2,798672|1,656788|0,480401|1,241545|1,575431|1,909488|2,815776|1,636035|1,516799|2,687939|
A melhor solução desse PSO é:
0 7 4 3 
8 13 9 12 6 1 10 
2 14 5 11 
Quantidade de trocas de:14,000000
Makespan: 152,000000
