202|252|176|173|154|294|217|285|222|216|190|244|174|175|186|181|233|210|234|234|217|218|223|298|174|163|195|198|207|164|237|245|309|236|219|206|185|215|210|229|276|218|202|215|166|216|301|265|192|253|196|206|226|325|249|205|227|159|277|174|243|210|187|255|189|161|202|198|190|258|256|195|195|214|220|190|299|239|174|177|363|177|173|255|199|239|209|176|192|205|245|244|175|288|241|235|167|231|346|199|203|313|205|219|238|289|196|225|215|239|305|205|229|172|209|239|223|247|212|309|220|183|175|201|290|162|165|191|224|258|315|271|210|233|164|276|233|219|182|280|210|249|179|192|215|189|195|177|186|172
149|149|148|149|147|146|148|148|149|149|148|151|148|149|147|150|150|151|147|148|148|149|149|151|150|152|149|150|149|147|146|150|148|151|148|149|149|151|148|149|147|146|149|148|152|148|149|147|152|148|150|149|151|148|149|150|151|150|149|150|146|150|150|150|146|150|151|152|147|149|149|147|154|148|148|152|148|150|151|148|148|147|147|153|151|148|148|148|150|148|149|150|148|149|150|149|146|151|148|147|151|152|149|150|151|151|149|152|148|149|151|151|148|148|151|149|150|148|152|152|149|150|150|153|147|150|150|151|150|149|149|150|146|146|151|152|150|148|146|149|149|151|147|151|150|150|147|152|149|152
Iteração que foi encontrado o Melhor Global: 251
Quantas vezes o Melhor Global foi alterado (Lembrando que a verificação na inicialização acumula nesse contador): 6
Particula Inicial do melhor global:
2,254672|1,438450|1,676819|1,947984|0,831501|0,131726|1,148818|1,354200|2,219957|1,855811|0,258609|2,683194|2,400476|1,011471|2,403110|
Particula Final do melhor global:
2,791330|2,172537|2,028920|1,217318|1,621650|0,328674|0,144723|1,504817|0,416703|1,809045|1,217273|1,124071|0,570087|0,191527|2,127671|
A melhor solução desse PSO é:
6 13 5 8 12 
11 10 3 7 4 9 
2 14 1 0 
Quantidade de trocas de:17,000000
Makespan: 146,000000
