1539|1300|1895|1509|1326|1668|1420|973|1714|1229|1110|1214|1521|1242|2016|1478|994|1113|1305|1618|1965|1289|1354|1190|1075|1153|1097|1263|1397|1350|1497|1489|1395|1099|1212|1583|1244|1549|1244|1379|1689|952|1401|1485|1135|1611|1016|1089|1202|1258|1593|1285|1409|1709|1909|1350|993|1413|1403|1277|1308|1022|1058|1437|1511|1647|1213|1713|1331|880|1112|1085|1351|1102|1250|1075|1223|1588|1210|1239|1756|1331|1505|1529|2050|1284|1745|1354|1137|1465|1271|1268|1300|1760|1090|1124|1303|1656|1553|1872|1156|1933|1091|1086|1063|1510|1476|1334|1261|1041|2024|1025|1539|1031|1003|1241|1200|1269|1446|1259|1380|1325|1312|1323|1423|1476|1886|1362|1143|1049|1248|1131|1237|1233|1221|1872|1068|1391|1272|1011|1103|1291|1111|1183|1223|1409|1149|1232|1431|1112
818|792|658|658|800|658|854|856|813|816|701|745|847|658|658|658|658|658|763|723|765|658|756|658|658|658|658|730|658|723|725|658|784|792|658|723|658|800|658|658|725|658|723|730|658|723|723|723|723|809|658|843|658|790|828|731|814|658|658|723|723|723|723|658|723|701|658|658|723|658|701|826|723|658|778|748|723|723|658|849|658|701|784|716|759|814|765|701|805|747|745|853|768|787|658|658|735|800|658|787|760|754|819|658|805|658|808|678|723|725|658|658|723|761|795|658|701|782|816|658|792|658|658|723|658|725|791|786|780|658|800|658|781|757|723|791|723|797|658|723|658|723|723|658|658|723|793|658|768|658
Iteração que foi encontrado o Melhor Global: 352
Quantas vezes o Melhor Global foi alterado (Lembrando que a verificação na inicialização acumula nesse contador): 10
Particula Inicial do melhor global:
1,074708|0,024849|1,740973|1,649824|1,700848|0,378994|0,011122|1,838512|1,000835|0,241576|1,233714|1,575640|1,262810|1,444067|1,592088|
Particula Final do melhor global:
0,237707|1,450828|1,512364|0,725568|1,454337|1,418138|0,444960|0,058717|0,946660|0,566053|1,189044|1,964021|0,843078|1,253416|1,582112|
A melhor solução desse PSO é:
7 0 6 9 3 12 8 
10 13 5 1 4 2 14 11 
Quantidade de trocas de:12,000000
Makespan: 658,000000
