677|975|786|772|560|647|577|786|560|595|583|490|808|655|461|702|729|739|1168|861|844|677|682|650|665|909|581|643|601|527|466|710|502|806|773|834|1048|692|741|715|540|852|787|623|613|786|800|632|494|567|957|716|626|567|551|662|745|581|640|704|454|679|599|525|804|478|958|609|517|664|934|749|794|496|651|751|825|527|1007|892|537|894|620|705|650|458|646|471|975|408|708|799|523|643|624|570|691|533|1036|503|838|557|776|604|616|592|591|605|557|1036|885|759|681|532|573|734|662|421|913|960|878|646|532|684|595|708|724|807|570|765|815|583|526|495|635|668|676|518|627|587|471|483|565|587|574|652|520|788|686|552
323|323|323|323|323|323|323|323|323|323|323|323|323|323|323|323|323|323|323|323|323|323|323|323|323|323|323|323|323|323|323|323|323|323|323|323|323|323|323|323|323|323|323|323|323|323|323|323|323|323|323|323|323|323|323|323|323|323|323|323|323|323|323|323|323|323|323|323|323|323|323|323|323|323|323|323|323|323|323|323|323|323|323|323|323|323|323|323|323|323|323|323|323|323|323|323|323|323|323|323|323|323|323|323|323|323|323|323|323|323|323|323|323|323|323|323|323|323|323|323|323|323|323|323|323|323|323|323|323|323|323|323|323|323|323|323|323|323|323|323|323|323|323|323|323|323|323|323|323|323
Iteração que foi encontrado o Melhor Global: 6
Quantas vezes o Melhor Global foi alterado (Lembrando que a verificação na inicialização acumula nesse contador): 4
Particula Inicial do melhor global:
0,266502|0,022881|0,186656|0,156138|0,652983|0,513101|0,418281|0,317318|0,424798|0,969183|0,006649|1,944972|0,306876|1,045650|1,276130|
Particula Final do melhor global:
1,330774|0,905990|1,531869|0,161428|0,410812|1,183359|1,555782|1,635618|1,070361|1,608410|0,840262|1,720983|0,768867|0,506703|0,107100|
A melhor solução desse PSO é:
14 3 4 13 12 10 1 
8 5 0 2 6 9 7 11 
Quantidade de trocas de:3,000000
Makespan: 323,000000
