210|315|216|258|216|164|326|337|225|309|208|178|220|214|185|200|179|210|173|274|162|209|289|223|268|218|169|228|202|222|330|254|180|321|174|169|186|210|186|285|192|264|195|177|270|230|269|220|232|185|249|236|306|248|212|214|230|176|153|253|248|186|150|190|205|193|259|233|175|293|268|215|270|234|237|175|250|210|169|189|209|171|270|184|182|190|276|275|191|175|191|242|189|252|207|208|231|230|225|197|209|242|222|169|201|166|196|218|251|194|210|187|235|204|163|171|219|239|203|227|198|223|174|346|217|291|229|221|240|204|201|169|195|217|247|291|190|225|215|163|259|230|219|189|213|241|274|253|220|186
152|147|146|149|147|147|146|146|146|147|150|149|148|150|149|150|148|150|150|149|148|146|146|150|147|151|150|148|146|148|150|147|149|146|146|148|151|148|153|150|146|148|150|149|149|147|150|147|150|151|150|150|149|149|146|148|152|149|149|147|149|147|150|149|149|148|148|149|151|146|149|147|148|148|148|146|148|146|152|148|150|148|149|149|150|146|150|149|151|150|147|150|148|146|148|146|148|150|150|148|146|147|151|151|149|149|150|149|149|149|147|147|148|150|146|146|150|148|151|147|147|148|149|149|147|148|148|149|150|150|150|149|146|150|148|150|146|146|150|146|148|147|147|147|149|146|149|150|149|147
Iteração que foi encontrado o Melhor Global: 257
Quantas vezes o Melhor Global foi alterado (Lembrando que a verificação na inicialização acumula nesse contador): 5
Particula Inicial do melhor global:
0,158639|2,880213|0,911380|1,549112|0,146067|2,521492|2,978589|0,004204|1,198699|0,290219|2,469591|0,596752|0,019905|1,355526|2,803049|
Particula Final do melhor global:
2,397097|0,789886|1,500284|0,829578|1,478937|0,285224|2,315953|0,881408|2,745453|2,186039|1,247414|0,305270|2,585644|2,824815|1,902917|
A melhor solução desse PSO é:
5 11 1 3 7 
10 4 2 14 
9 6 0 12 8 13 
Quantidade de trocas de:16,000000
Makespan: 146,000000
