639|883|760|496|938|957|766|627|600|697|544|735|713|702|475|1031|1007|850|705|724|701|748|619|538|549|707|704|630|1039|531|681|762|702|624|663|687|679|808|891|789|998|624|618|885|498|584|818|957|867|1091|645|657|1025|532|765|871|749|903|842|706|726|615|1091|762|922|473|857|488|740|692|680|540|534|765|628|643|532|849|574|540|902|575|688|558|761|605|619|702|682|641|666|771|656|562|633|715|710|609|761|481|705|813|571|680|714|681|522|703|743|612|617|648|669|582|749|663|1092|789|674|767|547|612|627|788|749|664|705|542|850|652|662|772|851|639|713|984|1109|684|582|502|732|591|754|819|752|815|760|722|580|469
414|406|386|345|444|345|345|359|436|410|411|345|345|416|402|386|345|443|407|345|359|359|345|380|345|425|379|407|361|402|379|385|407|345|345|445|404|377|405|386|345|440|359|417|407|410|345|400|390|401|345|380|345|361|345|345|415|359|345|415|345|415|375|432|408|393|414|345|395|375|413|345|410|345|401|407|345|375|359|345|362|345|399|372|410|379|375|384|345|434|412|433|409|393|389|397|375|345|403|373|402|414|424|418|380|359|359|359|387|421|383|429|373|345|397|345|375|383|345|345|417|345|345|385|345|384|385|423|445|427|402|373|417|417|393|407|379|373|401|345|379|361|384|402|373|419|414|403|345|399
Iteração que foi encontrado o Melhor Global: 530
Quantas vezes o Melhor Global foi alterado (Lembrando que a verificação na inicialização acumula nesse contador): 7
Particula Inicial do melhor global:
2,571581|1,171277|2,859472|1,161268|2,084743|1,980973|1,005136|0,189536|2,974721|0,972995|0,297865|0,357568|1,349657|1,426138|0,719513|
Particula Final do melhor global:
2,223053|1,733172|0,596770|2,135678|0,366757|1,264258|0,888321|0,545869|0,655160|2,580783|1,105387|1,912832|1,076974|2,119519|2,378368|
A melhor solução desse PSO é:
4 7 2 8 6 
12 10 5 1 11 
13 3 0 14 9 
Quantidade de trocas de:11,000000
Makespan: 345,000000
