245|194|267|176|294|187|262|293|229|240|180|231|219|218|205|215|166|220|237|196|237|300|272|219|189|245|205|211|285|292|170|200|196|185|175|229|174|201|231|167|258|189|166|219|202|254|203|351|218|170|225|177|255|152|191|180|211|262|198|199|184|199|235|272|197|218|185|236|217|247|212|203|219|194|167|297|243|244|328|222|285|233|261|186|231|170|194|290|183|184|205|345|316|318|241|179|302|199|181|202|233|210|215|250|202|172|193|250|221|188|188|198|170|238|202|235|187|182|220|208|178|194|270|221|206|212|205|214|241|251|179|280|218|185|202|179|207|230|175|201|180|223|213|205|196|272|207|212|286|312
146|146|146|149|146|148|146|148|148|149|151|151|147|150|149|148|147|146|151|151|151|146|146|148|149|146|146|152|151|146|146|146|151|148|151|150|148|146|148|150|146|150|146|151|148|146|148|146|147|149|153|146|151|148|146|149|147|146|146|148|147|151|149|152|150|146|152|147|148|150|149|151|151|147|149|146|147|150|151|150|146|147|150|146|146|148|150|153|146|146|147|147|148|146|146|147|146|151|149|147|147|149|151|146|151|146|146|152|151|150|147|152|147|150|151|152|149|149|149|147|149|147|151|148|150|152|146|146|151|149|151|149|152|149|146|146|148|148|149|146|146|146|149|146|150|149|151|146|147|147
Iteração que foi encontrado o Melhor Global: 158
Quantas vezes o Melhor Global foi alterado (Lembrando que a verificação na inicialização acumula nesse contador): 6
Particula Inicial do melhor global:
0,582822|1,896394|2,024858|0,024420|2,746774|1,428186|2,839576|2,575902|2,770883|2,415509|0,099897|0,767170|0,514409|0,080569|2,761794|
Particula Final do melhor global:
1,526607|1,762313|0,538831|0,894223|2,809090|1,078466|2,598459|1,310058|2,255449|2,684864|0,052088|0,935919|2,219320|1,360703|0,123231|
A melhor solução desse PSO é:
10 14 2 3 11 
5 7 13 0 1 
12 8 6 9 4 
Quantidade de trocas de:17,000000
Makespan: 146,000000
