1422|1617|1277|1173|1130|1238|1349|1634|1359|1473|1327|1324|1375|1820|1157|1361|1412|1627|1268|1224|1635|1144|984|1278|1261|1562|1976|1298|1451|1235|1163|1224|1899|1113|1114|1308|1110|1181|1342|1191|1157|1754|1214|1337|1539|1242|1571|1288|1184|1185|1536|1173|1811|1153|1566|1226|1496|1173|1136|1245|1153|1087|1019|1573|1507|1641|1403|1328|1584|1320|1515|1625|1867|1399|1252|1402|1889|1492|1223|1125|1276|1423|1176|1100|955|1604|1437|1264|1229|1328|1261|1114|1285|1744|1372|1049|1202|1653|1152|1206|1325|1273|1253|1828|1185|1132|1544|1194|1289|1109|1312|1095|1524|1179|1098|1034|1677|1542|1503|1439|1660|1317|1777|1515|1624|1439|1515|1392|1550|1590|1740|1194|1436|1505|1392|1419|1316|1001|1741|1140|1361|2064|1082|1072|1493|1592|1552|1888|1847|1554
767|767|767|767|767|767|767|767|767|767|767|767|775|767|767|767|767|767|767|833|767|767|785|795|767|767|767|859|767|767|767|767|791|767|767|767|767|767|767|767|798|767|767|767|767|767|767|767|767|767|767|767|791|767|767|767|767|767|767|767|795|767|767|798|767|782|767|767|767|830|795|767|798|775|767|767|767|767|767|767|767|767|767|767|833|767|795|798|767|767|837|767|767|767|767|767|767|795|767|767|767|767|767|767|795|767|767|771|767|767|798|767|767|767|767|767|767|897|795|767|775|795|767|841|767|767|767|767|767|767|798|767|767|775|767|767|791|767|767|767|795|795|767|771|767|767|787|767|767|767
Iteração que foi encontrado o Melhor Global: 16
Quantas vezes o Melhor Global foi alterado (Lembrando que a verificação na inicialização acumula nesse contador): 5
Particula Inicial do melhor global:
1,429957|0,875714|1,629476|1,925555|1,843288|1,472777|0,369360|1,717377|1,293145|1,731687|0,540095|0,585363|1,983442|0,116953|0,592700|
Particula Final do melhor global:
1,923152|0,607355|1,353777|1,346057|0,878975|0,048247|0,611494|1,199352|1,643551|1,031212|0,917039|0,550181|0,563814|0,885167|1,211929|
A melhor solução desse PSO é:
5 11 12 1 6 4 13 10 
9 7 14 3 2 8 0 
Quantidade de trocas de:15,000000
Makespan: 767,000000
