713|760|1039|837|617|822|793|988|695|597|574|856|559|556|965|619|716|913|654|610|558|621|572|538|638|565|950|641|991|625|607|700|1075|884|739|670|717|561|714|630|674|658|571|531|734|556|859|762|763|505|716|988|1097|631|606|874|478|621|777|614|526|654|1011|626|599|791|779|640|969|691|485|528|670|783|1058|738|685|1277|639|596|796|536|760|734|527|783|651|1096|756|686|753|853|1003|683|648|748|737|725|1127|711|1059|552|633|921|531|1047|497|825|820|773|712|824|651|581|697|1142|956|977|671|684|520|942|716|643|634|809|532|526|640|541|880|628|499|1091|581|644|748|699|591|581|580|961|645|600|613|713|543|840|956|931
381|410|410|410|421|381|387|387|424|415|414|383|359|418|412|445|421|411|407|381|359|437|411|393|414|396|381|417|399|403|361|434|418|392|359|385|427|427|426|417|417|415|379|405|430|385|405|368|425|410|371|387|387|385|400|407|411|359|383|399|430|403|394|390|359|386|411|407|390|392|374|387|407|361|383|439|362|414|415|385|359|359|372|383|385|407|383|361|387|404|383|361|393|407|399|359|383|447|371|427|379|383|419|359|385|410|371|438|414|387|397|410|414|396|402|394|421|383|379|394|416|415|402|424|403|414|359|359|396|402|402|439|359|402|361|416|383|405|390|387|379|462|417|419|385|359|436|405|387|375
Iteração que foi encontrado o Melhor Global: 158
Quantas vezes o Melhor Global foi alterado (Lembrando que a verificação na inicialização acumula nesse contador): 11
Particula Inicial do melhor global:
2,336924|1,241534|0,128141|0,112619|1,371088|1,210293|0,418745|1,179945|1,409518|2,168246|2,436100|1,139729|1,450287|1,532084|0,866459|
Particula Final do melhor global:
2,995408|1,960844|2,302638|0,817372|0,958722|2,648436|1,943060|2,903388|2,006840|0,220612|1,573568|2,697141|1,621022|0,600117|0,624316|
A melhor solução desse PSO é:
9 13 14 3 4 
10 12 6 1 
8 2 5 11 7 0 
Quantidade de trocas de:12,000000
Makespan: 359,000000
