166|198|217|205|190|225|173|275|218|213|206|175|232|171|273|161|258|173|249|283|218|151|178|150|238|196|222|202|156|225|150|179|245|198|185|169|172|220|174|161|231|163|236|193|250|264|193|230|200|273|234|261|187|252|304|161|280|195|192|178|151|165|175|197|152|229|249|214|220|192|206|217|263|298|225|234|203|197|185|198|211|171|200|248|171|251|341|212|195|175|154|182|222|235|231|148|195|170|242|191|182|163|197|237|269|243|168|173|202|202|186|158|188|216|203|231|187|185|270|207|224|200|175|275|260|195|251|211|223|207|229|157|208|204|197|164|268|174|202|168|205|274|182|154|253|208|225|199|218|202
141|141|141|141|142|141|141|141|141|142|141|141|145|145|141|142|141|144|141|141|141|141|145|145|141|141|144|142|144|141|143|141|141|141|141|144|141|141|141|145|141|141|141|141|142|141|141|141|141|141|141|141|143|141|141|141|143|146|143|141|143|142|144|144|143|141|141|143|141|141|141|141|141|141|145|142|141|141|141|141|141|141|144|141|146|141|141|143|141|144|143|144|141|143|141|143|141|143|146|141|141|141|141|143|146|141|145|141|145|141|141|141|141|141|141|141|143|143|143|143|142|141|146|141|141|143|141|141|145|141|141|141|144|142|141|141|143|141|143|141|141|142|141|142|141|141|141|142|144|145
Iteração que foi encontrado o Melhor Global: 16
Quantas vezes o Melhor Global foi alterado (Lembrando que a verificação na inicialização acumula nesse contador): 4
Particula Inicial do melhor global:
0,262284|2,355905|0,601229|0,546298|0,625123|2,077853|2,707320|0,078156|2,952837|0,492521|0,076601|0,923643|2,457572|0,651038|2,029521|
Particula Final do melhor global:
2,103827|0,923487|0,930935|1,833602|0,597249|2,386246|1,465562|1,311638|1,985155|1,745625|2,679888|0,853073|0,915898|2,558853|2,204865|
A melhor solução desse PSO é:
4 11 12 1 2 
7 6 9 3 8 
0 14 5 13 10 
Quantidade de trocas de:15,000000
Makespan: 141,000000
