231|225|214|202|213|203|202|208|204|217|233|214|250|200|291|189|176|242|201|216|215|225|163|271|279|229|225|206|199|230|241|207|190|262|197|173|244|197|218|194|245|236|166|194|218|273|274|166|252|197|170|203|197|186|281|189|299|200|233|197|224|302|168|187|300|174|207|280|188|196|287|207|243|182|198|169|222|190|220|328|217|265|258|222|207|207|322|234|228|232|195|211|161|233|197|300|167|238|157|196|182|207|213|209|255|324|195|294|178|166|207|216|176|256|319|232|268|204|194|220|181|219|202|227|155|206|183|178|244|255|194|182|267|167|182|201|184|272|208|200|192|326|169|170|217|196|261|151|211|187
150|146|146|146|146|146|146|146|146|149|151|148|151|146|146|146|149|146|149|149|146|146|152|147|149|148|146|148|146|147|146|147|146|149|150|148|146|147|146|146|146|146|151|146|146|146|146|146|146|150|146|150|146|150|146|148|146|146|146|146|146|150|149|146|146|150|146|148|150|146|146|146|146|148|146|146|148|146|146|147|152|148|146|146|151|147|146|148|148|148|149|146|147|146|146|146|148|146|151|150|148|146|146|146|146|149|150|147|146|146|146|147|146|150|149|146|146|146|146|148|148|146|146|146|148|146|146|152|146|152|146|146|146|151|146|151|146|148|149|146|151|146|151|146|151|146|146|146|151|146
Iteração que foi encontrado o Melhor Global: 42
Quantas vezes o Melhor Global foi alterado (Lembrando que a verificação na inicialização acumula nesse contador): 4
Particula Inicial do melhor global:
1,522221|2,097959|2,600427|1,975047|2,133507|0,923346|1,433533|2,401137|1,121662|2,675581|0,006559|1,269204|1,457414|0,039008|0,717888|
Particula Final do melhor global:
1,110594|2,405611|2,201550|1,896622|0,821368|1,055946|1,969679|2,193581|0,484065|0,636926|0,629711|0,513843|1,300588|1,597621|0,061037|
A melhor solução desse PSO é:
14 8 11 10 9 4 
5 0 12 13 3 6 
7 2 1 
Quantidade de trocas de:16,000000
Makespan: 146,000000
