416|523|361|514|396|779|507|441|440|385|560|769|668|651|383|439|301|293|537|475|498|320|376|362|383|347|603|511|546|400|797|636|360|429|366|799|518|446|536|524|471|472|279|363|388|352|494|610|571|478|398|771|231|365|447|734|579|726|616|620|396|641|402|519|404|764|571|301|566|490|400|465|383|679|430|667|655|448|513|273|510|639|381|354|430|606|508|343|329|556|472|456|472|458|372|299|373|452|306|671|474|347|360|271|395|367|539|679|307|638|303|566|364|417|222|636|507|453|371|455|337|898|563|368|418|412|386|442|524|470|414|676|447|582|456|298|298|698|701|674|431|706|800|510|528|824|616|556|512|520
147|147|147|147|147|147|147|147|147|147|147|147|147|147|147|147|147|147|147|147|147|147|147|147|147|155|147|147|147|147|147|147|147|147|147|147|147|147|147|147|147|147|147|147|147|147|147|147|147|147|147|147|147|147|147|147|147|147|147|147|147|147|147|147|147|147|147|147|172|147|147|147|147|147|147|147|147|147|147|147|147|147|147|153|158|147|147|147|147|147|147|147|147|147|147|147|147|147|147|147|147|147|147|147|147|147|147|147|147|147|147|147|147|147|147|147|147|147|147|147|147|147|147|147|147|147|147|147|147|147|147|147|148|147|147|147|147|147|147|147|147|147|147|164|147|147|147|147|147|147
Iteração que foi encontrado o Melhor Global: 30
Quantas vezes o Melhor Global foi alterado (Lembrando que a verificação na inicialização acumula nesse contador): 6
Particula Inicial do melhor global:
1,030717|0,377054|1,615644|1,385768|2,139385|2,582985|0,219837|0,339973|0,817531|0,568398|2,527823|2,680943|2,602565|0,977377|2,815434|
Particula Final do melhor global:
0,891054|2,819498|1,338212|0,561337|2,567986|1,980243|1,274876|0,562686|1,248219|1,717356|2,238666|2,600355|0,669292|2,523060|2,543283|
A melhor solução desse PSO é:
3 7 12 0 
8 6 2 9 5 
10 13 14 4 11 1 
Quantidade de trocas de:0,000000
Makespan: 147,000000
