1117|1370|1270|1202|1257|1911|1264|1209|1045|1221|1655|1912|1118|1048|1217|1615|937|1095|1172|1255|1177|1589|1922|1490|1479|1498|1250|1095|1196|1527|1491|1616|1400|1832|1563|1018|1504|1366|1867|1722|1339|1257|2079|1170|1750|1560|1266|1511|1276|1187|1316|1369|1161|1165|1235|1453|1320|1599|1362|1628|1879|1517|1100|1105|1150|1215|1166|1437|1335|1609|1000|1310|1368|1424|1450|1002|1530|1189|1629|1441|1236|1132|1953|1903|1289|1347|1275|1069|1347|1537|1411|1609|1409|1319|1270|1588|1147|1414|1068|1221|1238|1560|1185|1295|1477|1022|1294|1347|1189|1126|1406|1160|1825|1788|1574|1310|1588|1263|1907|1159|1383|1837|1076|1643|1708|1119|1104|1647|1231|1148|1822|1115|1106|1454|1473|1383|1546|1563|1414|1436|1907|1981|1296|1500|1092|1266|1621|1281|1383|1384
745|795|698|732|764|698|698|745|755|698|763|763|800|830|811|775|698|698|698|698|698|698|732|837|698|751|771|787|775|698|751|698|807|725|697|817|802|775|698|698|763|697|698|698|745|783|698|751|698|751|807|705|698|829|775|732|698|786|791|837|885|841|698|787|698|698|795|757|775|775|751|698|762|698|698|779|698|698|817|745|705|774|751|698|698|795|767|734|698|732|734|841|779|698|771|868|852|801|751|732|745|822|810|823|698|771|698|698|764|818|762|751|751|791|732|732|732|725|775|698|732|775|698|751|732|745|751|698|698|751|807|771|817|787|698|705|698|841|767|698|698|764|734|745|732|698|698|823|698|734
Iteração que foi encontrado o Melhor Global: 863
Quantas vezes o Melhor Global foi alterado (Lembrando que a verificação na inicialização acumula nesse contador): 14
Particula Inicial do melhor global:
1,870378|0,038309|0,897113|0,913552|1,644496|1,197224|0,944025|0,105844|1,732794|0,451531|1,591241|0,713964|0,631455|1,756480|0,284486|
Particula Final do melhor global:
1,738051|0,158474|1,780528|1,221270|0,645071|1,740284|0,566102|1,380108|0,752702|1,122413|0,071329|0,507490|0,550544|1,657811|1,202209|
A melhor solução desse PSO é:
10 1 11 12 6 4 8 
9 14 3 7 13 0 5 2 
Quantidade de trocas de:13,000000
Makespan: 697,000000
