992|518|692|776|722|774|923|584|512|695|853|958|647|602|796|876|764|1000|820|541|763|934|773|706|515|1125|810|579|880|1055|802|779|931|904|769|784|845|1512|749|523|726|1031|575|615|628|736|627|654|542|659|548|1001|953|1155|857|526|674|596|633|831|789|835|1040|710|618|909|723|600|777|817|620|823|650|1080|865|645|974|701|860|621|1185|600|681|548|880|652|631|444|711|758|822|601|528|625|765|785|655|736|952|962|552|872|592|647|541|914|719|728|860|1213|538|563|759|571|587|565|557|744|970|633|653|675|865|767|784|592|604|689|534|753|556|744|499|652|428|849|539|762|872|676|570|1225|578|619|836|719|553|671|689|668
340|340|340|358|340|340|398|340|340|395|340|340|340|340|340|340|340|340|340|340|374|340|370|356|340|340|340|340|340|356|340|340|340|384|372|340|340|340|340|340|340|340|340|384|340|340|405|362|367|382|340|387|340|340|340|340|340|340|340|359|340|340|340|417|340|351|340|340|409|340|363|340|340|340|372|340|356|340|340|357|340|340|356|340|340|385|340|340|340|340|340|340|340|378|391|340|361|367|340|340|340|340|356|340|356|340|377|340|340|340|363|340|357|340|362|340|340|359|340|340|340|383|340|340|340|340|340|340|340|372|340|340|356|340|428|340|384|340|340|340|340|340|392|403|340|340|340|386|356|340
Iteração que foi encontrado o Melhor Global: 62
Quantas vezes o Melhor Global foi alterado (Lembrando que a verificação na inicialização acumula nesse contador): 7
Particula Inicial do melhor global:
0,077831|0,845526|2,554870|1,147150|2,913790|2,201170|0,615336|1,266267|2,507157|0,692396|2,890602|0,046718|2,739956|0,672343|2,397347|
Particula Final do melhor global:
1,728681|1,195019|2,648647|1,917080|2,108561|0,421512|0,304833|2,254832|1,131744|2,723945|0,172872|0,598342|2,650076|1,262741|0,482737|
A melhor solução desse PSO é:
10 6 5 14 11 
8 1 13 0 3 
4 7 2 12 9 
Quantidade de trocas de:13,000000
Makespan: 340,000000
