813|1056|837|861|858|877|851|1436|658|839|803|1056|1003|1289|906|929|1097|1056|891|846|746|857|932|938|1137|1029|764|890|953|967|794|1031|989|874|906|897|1140|812|973|988|1132|1107|1051|985|923|974|872|742|1091|774|787|798|937|1265|836|941|1116|838|1150|983|831|1013|1183|815|837|645|900|866|974|833|1523|1178|818|1121|873|1068|1025|974|1126|900|804|912|931|1233|1021|961|972|812|967|843|929|873|995|965|782|891|719|980|1021|951|820|1222|1151|825|1270|945|1120|928|831|678|928|1277|790|864|808|1025|781|750|1105|688|983|992|922|864|1043|931|1225|900|886|1135|977|1020|1287|761|890|1001|1191|1112|900|784|820|921|1411|919|986|961|934|624|779|797
472|473|483|488|499|472|483|499|560|483|472|483|521|478|472|523|490|511|488|483|511|494|483|508|474|473|473|478|483|499|472|508|549|490|474|531|483|529|472|500|474|472|492|473|483|478|472|483|483|488|539|494|473|499|483|546|529|508|472|472|483|473|511|504|483|580|483|472|472|474|500|499|474|483|473|555|474|483|473|478|520|494|473|499|499|483|472|504|483|472|473|478|504|483|483|472|483|472|472|500|478|472|505|472|499|472|472|478|490|472|472|489|473|483|472|472|473|518|483|483|483|483|487|478|522|473|488|472|478|483|472|473|483|508|483|483|539|483|483|521|483|498|483|488|474|472|472|472|532|472
Iteração que foi encontrado o Melhor Global: 702
Quantas vezes o Melhor Global foi alterado (Lembrando que a verificação na inicialização acumula nesse contador): 10
Particula Inicial do melhor global:
1,310475|1,158344|0,330453|0,371582|0,835373|0,561479|0,108888|1,970516|1,176836|0,451727|0,969730|0,927160|0,878363|0,349363|1,518717|
Particula Final do melhor global:
1,065514|0,623414|0,172608|1,641743|0,709549|1,204858|0,109583|1,005671|0,230993|0,672872|1,550893|1,271156|0,493013|1,943523|0,296974|
A melhor solução desse PSO é:
6 2 8 14 12 1 9 4 
7 0 5 11 10 3 13 
Quantidade de trocas de:7,000000
Makespan: 472,000000
