1431|1184|1528|1347|1345|1282|1609|1345|1857|1129|1680|1162|1362|1348|1288|1226|1093|1461|1238|1140|1279|1434|1703|1140|1299|1799|1056|1154|1439|1388|1548|1373|1164|953|1169|1548|1607|1419|1418|1169|1176|1646|1584|1330|1424|1303|1489|1309|1292|1180|1212|1265|1138|1648|1157|1564|1584|1103|1123|1477|1251|1201|1251|1195|1477|1309|1287|1637|1615|1110|1957|1363|1700|1277|1201|1636|1173|1863|1181|1418|1300|1224|1149|1340|1385|1115|1554|1360|1492|1507|1529|1153|1762|1252|1515|1819|1119|1410|1306|1475|1179|1371|1093|1127|1191|1293|1197|1502|1420|1532|1823|1344|1158|1435|1573|1280|1572|1565|1327|2175|1280|1034|1387|1469|1198|1139|1390|1240|1691|1678|1171|988|1473|1185|1039|1201|1835|1584|1295|1776|1530|1108|1622|1253|1233|1341|926|1476|1283|1084
725|767|767|725|725|725|725|771|725|725|725|725|725|725|725|767|791|791|725|725|725|767|725|725|725|725|725|725|725|725|725|725|725|817|791|725|725|725|818|725|725|767|767|725|725|767|725|725|725|767|767|725|771|725|725|725|767|767|767|767|767|725|725|767|767|725|767|798|771|725|725|725|725|725|725|725|791|725|725|725|725|771|725|767|767|725|795|725|767|725|725|725|725|725|771|725|779|725|725|771|725|825|725|767|767|725|767|725|725|725|725|810|725|767|767|767|725|725|827|767|725|725|725|725|767|725|725|767|771|725|771|791|767|725|725|767|725|725|725|767|725|833|791|771|791|725|725|767|725|767
Iteração que foi encontrado o Melhor Global: 347
Quantas vezes o Melhor Global foi alterado (Lembrando que a verificação na inicialização acumula nesse contador): 6
Particula Inicial do melhor global:
1,061520|1,580964|0,785738|0,740126|0,216970|0,411311|0,099925|0,217771|1,670687|1,479844|1,823584|0,846128|1,071826|0,644428|1,813830|
Particula Final do melhor global:
0,653442|1,103848|1,480673|0,322699|1,317528|1,211421|1,023455|0,555307|0,515813|0,857971|1,662157|0,404508|1,541062|1,012420|0,939036|
A melhor solução desse PSO é:
3 11 8 7 0 9 14 
13 6 1 5 4 2 12 10 
Quantidade de trocas de:14,000000
Makespan: 725,000000
