699|758|698|774|1080|1353|848|759|1019|1074|743|945|1014|942|848|1166|942|1004|692|917|831|944|816|565|1019|921|887|960|979|806|705|714|779|824|855|830|654|848|1209|795|583|974|1118|834|855|772|671|667|795|646|734|934|841|741|542|1013|669|795|681|801|697|864|1195|749|655|577|664|673|750|686|850|1258|970|727|625|587|526|975|676|1289|628|1112|1425|540|874|951|1027|689|1047|769|742|969|710|1121|637|661|1195|745|742|1004|753|676|890|555|777|625|710|763|843|787|883|1055|755|1050|1019|1081|919|833|1208|825|798|1084|953|1088|809|829|851|853|549|1007|1406|754|590|866|695|1102|1347|840|847|639|778|584|691|882|912|875|715|842|742|769
392|389|413|425|429|388|463|440|463|388|381|414|433|388|437|388|388|424|404|441|476|381|461|381|446|443|404|389|431|404|413|436|388|381|439|381|417|388|442|407|404|436|388|381|439|463|381|435|433|388|404|469|406|419|376|417|439|389|404|381|388|388|381|388|432|446|385|448|389|411|376|436|399|388|404|463|389|448|430|388|455|381|410|427|388|381|381|415|388|381|388|410|404|424|381|388|385|448|381|404|381|381|434|381|381|423|381|448|417|388|454|450|388|388|392|425|389|463|467|431|381|417|452|449|410|388|453|392|432|441|419|437|404|381|389|424|381|381|439|448|388|381|411|417|381|441|444|392|388|446
Iteração que foi encontrado o Melhor Global: 648
Quantas vezes o Melhor Global foi alterado (Lembrando que a verificação na inicialização acumula nesse contador): 9
Particula Inicial do melhor global:
0,327266|0,089858|2,894153|2,794212|2,752724|2,030876|1,023035|0,750485|1,110041|1,550315|0,547172|2,572765|1,774446|2,597400|0,612883|
Particula Final do melhor global:
2,246509|1,014439|1,393299|1,147694|1,414995|0,437098|1,114481|2,574360|1,443486|0,158792|0,616047|1,407263|2,376701|2,130651|2,336904|
A melhor solução desse PSO é:
9 5 10 
1 6 3 2 11 4 8 
13 0 14 12 7 
Quantidade de trocas de:11,000000
Makespan: 376,000000
