207|236|209|190|288|225|194|270|179|225|180|214|244|219|223|175|320|212|222|193|307|298|282|155|233|205|260|251|211|247|206|180|259|155|183|218|168|255|171|164|204|223|245|278|186|179|250|257|299|221|216|227|235|166|198|254|164|194|258|357|197|194|215|203|172|238|221|256|234|351|265|199|212|196|179|194|209|248|211|172|200|180|303|228|189|244|171|222|179|242|199|211|235|204|318|167|185|188|183|178|268|196|245|241|204|225|165|237|200|203|168|211|252|190|204|295|296|221|200|171|189|220|286|192|286|160|308|176|177|185|188|214|175|211|182|180|181|162|178|205|204|220|264|197|256|206|352|268|281|207
148|148|146|147|147|148|146|147|150|148|149|148|147|149|148|144|146|146|148|150|148|147|148|148|144|148|151|148|148|153|144|144|148|149|148|148|150|150|150|151|148|148|149|148|144|144|152|148|148|144|148|149|144|149|147|147|147|147|146|147|148|147|144|146|152|147|149|144|148|148|147|149|144|147|148|144|148|148|146|148|146|144|147|147|148|148|148|150|150|144|148|146|146|148|152|150|144|149|146|150|147|147|151|151|151|150|150|151|149|148|151|147|151|148|144|148|150|152|147|147|148|147|148|150|151|144|147|148|148|149|148|144|150|150|147|144|148|148|149|148|151|147|144|146|149|144|148|148|147|150
Iteração que foi encontrado o Melhor Global: 441
Quantas vezes o Melhor Global foi alterado (Lembrando que a verificação na inicialização acumula nesse contador): 7
Particula Inicial do melhor global:
0,958852|1,341925|1,076169|2,909771|0,506938|0,361004|2,633082|1,637617|1,305827|0,428682|0,398428|2,926058|0,301129|0,049486|2,076159|
Particula Final do melhor global:
2,372952|2,688228|1,245298|2,605834|0,397817|2,363225|0,648605|0,868039|2,026644|1,634219|1,227211|1,829617|0,588125|2,249423|1,353372|
A melhor solução desse PSO é:
4 12 6 7 
10 2 14 9 11 
8 13 5 0 3 1 
Quantidade de trocas de:14,000000
Makespan: 144,000000
