469|455|660|323|415|629|353|593|348|441|372|512|259|634|457|358|626|234|712|691|868|415|437|384|481|375|370|370|390|372|420|528|467|412|570|612|445|479|379|415|601|534|376|304|407|373|440|418|586|383|393|456|481|376|258|431|456|573|246|676|540|387|588|463|379|471|502|473|430|414|650|395|458|511|700|295|413|338|432|498|421|742|288|407|457|417|554|609|479|426|475|483|437|430|379|460|471|701|536|366|432|325|369|401|421|396|660|445|248|436|826|487|479|604|487|293|329|248|430|383|445|448|376|464|696|442|354|559|287|393|636|381|337|656|435|441|452|300|486|331|431|421|648|467|503|352|437|247|386|658
163|163|172|163|163|163|163|163|163|169|163|163|163|163|163|163|163|163|163|163|163|175|163|163|163|163|163|172|163|163|167|167|163|163|163|163|163|163|163|163|163|167|163|163|163|163|163|163|167|163|163|163|163|163|163|163|174|163|163|163|163|163|163|163|163|163|163|163|163|163|163|163|163|163|163|163|163|163|163|163|163|163|163|163|163|163|163|163|165|163|163|163|163|163|163|163|163|163|163|163|163|174|163|163|163|163|163|163|163|163|163|179|163|163|163|163|163|180|169|163|163|163|163|163|163|163|163|163|163|163|172|163|163|163|163|163|163|163|163|163|163|163|172|163|174|163|163|163|163|163
Iteração que foi encontrado o Melhor Global: 67
Quantas vezes o Melhor Global foi alterado (Lembrando que a verificação na inicialização acumula nesse contador): 6
Particula Inicial do melhor global:
0,408464|1,346946|0,111428|2,915440|1,301666|1,942230|2,580666|0,684230|2,460329|1,518478|1,445068|1,887895|2,979297|1,798390|0,852288|
Particula Final do melhor global:
0,947517|0,516369|2,371530|1,174662|0,788144|0,982708|2,302402|1,337102|0,163536|2,263363|0,492817|2,750445|1,246003|1,319474|0,662701|
A melhor solução desse PSO é:
8 10 1 14 4 0 5 
3 12 13 7 
9 6 2 11 
Quantidade de trocas de:0,000000
Makespan: 163,000000
