262|203|191|211|264|340|291|308|249|220|225|221|259|193|239|255|306|215|236|220|243|202|334|405|313|303|257|321|208|224|267|224|329|320|191|196|202|280|189|202|192|369|295|221|229|262|289|267|183|219|199|224|189|252|243|245|351|307|205|269|201|205|236|239|196|287|244|242|254|233|207|202|294|260|232|196|249|208|188|215|186|288|194|268|223|274|278|205|252|268|213|208|353|270|234|207|213|232|288|215|235|216|286|224|203|287|229|243|202|239|185|212|231|364|244|241|261|244|178|192|237|264|190|195|304|252|226|284|179|322|184|261|269|266|260|238|213|329|199|277|308|223|205|201|194|240|244|231|218|235
168|170|170|169|170|170|168|170|171|168|171|170|168|168|168|170|168|168|168|168|168|170|168|168|169|168|168|169|171|168|169|170|170|168|168|171|168|169|168|168|170|170|168|168|168|170|168|168|168|170|169|170|170|168|170|170|170|168|170|168|168|168|169|169|171|169|168|168|170|168|168|168|168|170|170|168|168|168|168|170|168|168|168|168|168|168|170|168|171|170|170|171|170|168|168|168|169|170|169|168|168|169|170|168|168|168|168|171|170|168|168|168|169|168|168|169|171|168|168|168|168|171|168|168|170|168|168|168|168|168|168|169|170|168|168|168|168|168|169|169|169|171|168|170|170|168|168|170|170|170
Iteração que foi encontrado o Melhor Global: 60
Quantas vezes o Melhor Global foi alterado (Lembrando que a verificação na inicialização acumula nesse contador): 7
Particula Inicial do melhor global:
0,635963|1,854736|2,107466|0,835973|0,335306|2,290431|2,805600|0,584368|0,337060|0,234855|1,211438|0,678661|0,463721|2,197885|0,595252|
Particula Final do melhor global:
0,588008|1,862816|1,819829|2,027339|1,946156|0,237641|1,819418|1,790249|2,581662|0,824292|1,254143|0,433072|2,679492|0,902901|2,704679|
A melhor solução desse PSO é:
5 11 0 9 13 
10 7 6 2 1 4 
3 8 12 14 
Quantidade de trocas de:3,000000
Makespan: 168,000000
