742|931|668|756|685|600|551|868|752|683|539|525|623|616|526|743|563|723|870|656|706|473|616|786|771|853|495|593|597|632|588|674|445|427|836|543|562|505|588|680|572|707|588|565|526|912|652|593|516|801|515|781|538|697|756|961|684|776|590|827|625|563|538|796|584|560|627|632|704|771|566|750|575|556|541|730|624|657|1235|654|783|604|802|840|562|546|707|618|673|643|605|708|627|615|588|718|571|645|673|513|621|848|664|516|984|762|485|827|637|458|463|830|806|533|558|623|659|519|556|881|655|685|514|690|487|602|919|662|1240|458|513|427|672|706|825|688|535|628|555|475|726|436|577|666|664|852|659|664|833|586
295|295|328|343|295|295|392|295|376|369|295|295|295|333|383|295|389|342|295|385|354|342|295|376|368|295|365|332|390|384|295|295|316|334|316|343|295|353|330|307|295|316|388|330|316|295|351|314|340|377|350|361|382|295|375|359|295|363|295|369|316|355|295|295|361|361|295|326|322|295|295|295|316|295|347|351|316|381|295|295|357|362|384|295|361|340|295|326|393|345|295|371|330|316|295|332|351|385|344|295|347|345|333|295|330|295|350|295|316|356|330|357|370|367|360|363|295|316|334|295|295|316|369|343|348|351|295|302|295|295|350|366|330|295|295|295|362|365|368|322|295|349|351|295|314|295|316|295|295|295
Iteração que foi encontrado o Melhor Global: 249
Quantas vezes o Melhor Global foi alterado (Lembrando que a verificação na inicialização acumula nesse contador): 11
Particula Inicial do melhor global:
0,076014|0,598560|0,929810|0,533206|0,011207|1,751861|0,483185|0,660799|1,860562|0,856685|1,790506|0,532020|2,615492|0,017721|1,140914|
Particula Final do melhor global:
1,227742|0,132451|1,308096|1,749451|1,737598|0,393233|2,250070|1,483743|0,941666|2,476279|1,135155|0,798142|2,798830|2,252095|0,237095|
A melhor solução desse PSO é:
1 14 5 11 8 
10 0 2 7 4 3 
6 13 9 12 
Quantidade de trocas de:14,000000
Makespan: 295,000000
