598|562|633|532|619|1077|620|764|565|484|668|1074|917|511|549|498|529|1043|1027|672|685|722|520|661|557|918|883|640|995|605|1003|778|655|627|822|637|770|857|479|974|814|466|822|581|716|520|738|572|726|562|1197|603|648|550|905|876|491|835|661|745|861|1030|617|538|708|1082|834|829|670|627|476|606|748|498|565|719|674|977|677|823|595|843|1078|660|549|565|646|568|642|525|837|831|653|949|859|981|519|573|788|995|637|709|981|853|561|902|679|682|657|646|720|486|608|589|762|991|814|643|756|853|1080|499|571|563|514|715|570|619|903|1124|859|575|817|965|643|793|1100|699|631|748|694|552|927|663|581|972|515|929|710|755
344|359|344|351|333|356|333|354|344|344|365|356|355|355|344|356|401|344|333|356|333|355|358|383|401|333|356|358|371|333|344|333|333|344|333|344|333|344|333|387|357|380|365|356|367|371|371|411|359|373|354|356|344|333|344|344|333|359|344|333|355|377|344|375|344|388|369|355|380|355|371|333|333|377|333|377|355|372|344|344|333|385|344|333|355|356|390|380|344|344|382|387|363|344|333|344|366|367|333|344|333|344|391|356|355|356|344|395|333|367|333|344|354|344|356|355|333|351|344|355|344|344|380|356|397|344|333|406|333|370|344|355|397|355|356|356|356|333|351|336|333|375|333|333|333|356|355|354|356|333
Iteração que foi encontrado o Melhor Global: 451
Quantas vezes o Melhor Global foi alterado (Lembrando que a verificação na inicialização acumula nesse contador): 13
Particula Inicial do melhor global:
1,221971|1,815784|2,682836|0,682827|2,040634|2,255441|1,868431|0,571067|1,637056|1,825006|2,763369|1,729062|2,144121|1,784720|0,433558|
Particula Final do melhor global:
2,268874|1,043716|1,678171|0,959921|2,540001|0,807062|1,850829|2,925110|1,937652|2,022393|0,450742|0,488261|2,460227|2,432285|0,284258|
A melhor solução desse PSO é:
14 10 11 5 3 
1 2 6 8 
9 0 13 12 4 7 
Quantidade de trocas de:13,000000
Makespan: 333,000000
