239|255|207|249|210|182|230|203|195|224|237|322|298|174|248|262|246|375|191|235|353|241|278|242|255|295|322|251|282|236|228|193|222|264|200|222|234|217|257|226|284|198|234|224|263|192|219|212|203|255|276|200|297|234|230|294|309|323|184|350|356|262|207|283|292|274|191|244|279|224|194|270|242|219|189|200|249|186|249|236|212|178|312|167|196|301|291|368|176|257|193|328|242|172|259|256|302|254|232|170|255|274|216|176|237|251|278|222|283|201|286|228|166|312|221|230|307|216|205|219|249|219|227|263|211|238|207|293|288|180|204|191|219|201|262|186|330|200|380|239|188|202|216|324|179|273|181|180|267|171
163|163|163|164|163|163|163|163|166|163|163|163|164|165|163|163|163|163|163|163|163|164|163|163|164|166|165|166|164|165|164|163|164|164|163|164|163|163|163|163|164|164|163|164|163|164|165|166|163|164|163|164|164|165|166|166|164|163|166|163|163|163|163|163|163|163|165|165|163|163|163|167|165|166|163|164|163|165|163|163|165|163|163|165|164|165|163|165|163|163|163|165|163|166|163|166|163|163|165|164|164|164|164|164|163|164|163|165|166|163|163|164|165|166|163|166|163|169|163|167|163|163|163|165|164|166|165|166|164|167|164|163|163|163|163|164|163|164|163|166|163|163|163|163|166|164|163|163|163|163
Iteração que foi encontrado o Melhor Global: 19
Quantas vezes o Melhor Global foi alterado (Lembrando que a verificação na inicialização acumula nesse contador): 3
Particula Inicial do melhor global:
1,188579|0,713108|1,367233|1,563419|0,873376|0,925172|0,934555|0,990055|0,995267|0,129909|0,587681|0,095656|1,718455|2,501394|2,525860|
Particula Final do melhor global:
2,498320|0,967426|0,659215|1,194399|0,974996|2,894970|2,734543|2,020731|2,440587|1,396725|1,389279|1,113429|0,689310|2,051778|0,367992|
A melhor solução desse PSO é:
14 2 12 1 4 
11 3 10 9 
7 13 8 0 6 5 
Quantidade de trocas de:0,000000
Makespan: 163,000000
