385|497|524|712|427|450|313|674|554|652|413|295|641|428|401|534|973|427|308|668|380|315|424|493|407|432|427|572|481|384|443|428|589|720|507|297|391|509|487|520|421|383|713|482|285|304|387|782|324|393|287|313|473|483|212|655|390|579|460|387|579|389|755|487|493|378|545|420|418|551|400|441|470|592|380|618|605|376|538|456|465|296|427|370|418|451|415|299|647|450|471|521|448|572|645|754|497|439|407|507|308|422|711|416|348|493|595|385|533|420|348|303|332|386|237|443|415|506|431|509|317|570|705|862|504|381|814|390|311|338|538|702|307|329|276|374|742|654|474|442|702|486|352|305|340|279|623|506|349|461
147|147|147|147|147|147|147|147|147|147|147|147|147|147|147|147|147|147|147|147|147|147|147|147|147|152|147|147|147|147|147|148|147|147|147|147|147|147|147|147|148|147|209|147|147|147|147|156|147|147|147|147|147|147|147|147|147|147|147|147|147|148|147|147|147|152|147|147|147|147|147|147|147|147|147|147|147|147|147|147|147|154|147|147|154|147|147|147|147|147|147|147|147|147|147|147|147|147|147|147|149|147|147|147|147|147|147|147|147|147|147|147|147|147|147|147|147|188|147|148|147|147|147|147|147|147|147|147|147|147|147|147|147|147|147|147|147|147|152|147|147|147|147|147|155|147|147|147|147|152
Iteração que foi encontrado o Melhor Global: 59
Quantas vezes o Melhor Global foi alterado (Lembrando que a verificação na inicialização acumula nesse contador): 12
Particula Inicial do melhor global:
1,646254|0,697480|1,506808|2,658397|2,044507|0,894099|2,048748|1,292658|1,118092|1,423718|1,623213|0,018730|1,609713|2,727509|1,288116|
Particula Final do melhor global:
0,970264|1,367067|2,364327|0,959898|1,756542|2,535265|2,098366|0,676797|1,916900|2,783442|1,189191|2,509718|0,672675|1,697724|1,297521|
A melhor solução desse PSO é:
12 7 3 0 
10 14 1 13 4 8 
6 2 11 5 9 
Quantidade de trocas de:0,000000
Makespan: 147,000000
