190|303|228|182|240|226|184|209|228|248|202|208|178|267|201|248|183|248|283|191|229|243|228|174|194|251|245|210|220|198|195|238|219|204|176|213|169|192|229|166|230|252|353|264|249|280|226|234|177|255|227|159|262|254|322|246|294|196|228|179|218|273|268|209|331|175|208|222|182|206|210|177|265|209|184|275|184|170|214|261|180|264|223|215|181|266|230|265|237|235|181|315|251|323|259|214|290|236|193|193|173|193|190|185|268|214|205|202|253|218|199|176|350|281|256|182|271|193|244|259|310|229|310|197|193|226|219|206|246|268|244|178|202|235|212|273|268|242|232|162|201|221|246|240|322|232|242|202|213|214
155|156|154|156|156|155|157|155|155|156|152|152|155|152|156|155|157|153|156|152|156|156|152|154|154|157|152|153|155|153|156|156|156|154|155|153|152|152|157|152|156|154|153|155|155|154|159|154|155|156|155|153|154|152|152|156|156|158|155|159|156|154|152|155|153|152|154|152|158|155|154|159|157|155|156|158|158|157|152|155|156|152|154|152|155|156|152|155|152|154|156|155|158|152|152|154|155|154|152|152|156|153|154|156|155|152|158|152|154|155|158|156|153|152|155|156|154|152|156|155|155|156|157|158|154|152|155|156|152|152|159|155|153|154|152|153|152|154|153|152|157|154|154|154|155|154|152|153|156|157
Iteração que foi encontrado o Melhor Global: 323
Quantas vezes o Melhor Global foi alterado (Lembrando que a verificação na inicialização acumula nesse contador): 6
Particula Inicial do melhor global:
1,237446|0,661876|1,778618|1,394418|0,548669|0,527614|2,282724|1,992683|1,461807|2,280141|1,025208|2,484650|2,571904|0,159682|1,585949|
Particula Final do melhor global:
2,966103|0,458370|0,518891|1,320459|2,366630|1,770879|1,637931|2,990271|2,776651|1,189605|1,813749|1,749900|2,227645|0,344033|0,546760|
A melhor solução desse PSO é:
13 1 2 14 
9 3 6 11 5 10 
12 4 8 0 7 
Quantidade de trocas de:14,000000
Makespan: 152,000000
