833|1225|906|876|983|826|968|876|1324|902|684|996|1005|798|739|917|1090|928|746|1039|989|759|777|534|963|843|954|1016|874|894|1349|986|724|1310|826|1408|1340|785|839|742|931|904|979|780|834|1032|980|891|846|1433|847|819|779|901|875|773|774|1049|1243|911|1001|793|1415|812|1200|1238|877|682|902|1221|706|917|876|912|670|1253|963|832|840|1210|1009|901|901|795|1079|941|980|843|1069|776|1024|1162|750|928|1007|1359|951|848|904|778|741|761|722|884|713|1087|870|852|1311|766|1112|1199|690|831|1192|938|930|784|1017|922|1068|1053|1213|1296|945|795|905|1464|980|791|958|894|1000|1049|760|1023|1082|672|1320|1023|992|962|858|816|768|863|723|930|722|1171
499|478|534|478|494|472|472|472|472|472|542|478|473|478|472|498|472|472|472|494|539|562|512|501|521|498|508|480|518|478|534|478|478|472|478|472|472|530|529|478|478|547|472|478|528|472|478|512|478|512|547|542|472|518|506|493|501|478|534|472|478|472|529|518|478|472|478|478|472|472|478|478|498|472|472|472|512|478|508|478|472|478|472|533|478|478|478|472|498|508|536|500|516|478|542|537|478|508|516|498|472|472|478|535|508|493|516|472|490|478|494|516|531|472|520|512|480|478|512|478|478|478|472|508|478|478|478|478|533|493|490|478|478|521|472|478|542|480|472|478|506|472|478|508|472|534|478|478|472|472
Iteração que foi encontrado o Melhor Global: 233
Quantas vezes o Melhor Global foi alterado (Lembrando que a verificação na inicialização acumula nesse contador): 5
Particula Inicial do melhor global:
1,223670|0,601853|1,646175|0,719455|1,276925|1,941315|1,617312|0,430917|0,850358|1,175771|1,957711|0,305864|1,531688|0,601257|0,774959|
Particula Final do melhor global:
0,847914|1,996683|1,149002|0,468217|1,907311|0,650976|1,076118|0,853559|1,522445|1,555423|0,447064|0,612424|1,823004|0,112710|1,620353|
A melhor solução desse PSO é:
13 10 3 11 5 0 7 
6 2 8 9 14 12 4 1 
Quantidade de trocas de:7,000000
Makespan: 472,000000
