735|835|759|878|884|858|739|855|1005|925|893|1152|662|1182|821|825|979|763|736|677|828|691|740|928|619|919|767|832|673|654|692|616|784|766|900|923|1096|1140|814|965|1079|650|1060|700|666|1315|1084|810|760|727|928|886|925|744|715|1081|1053|857|734|1120|811|1038|881|880|1119|1103|1035|1126|564|1118|850|899|1050|972|996|670|573|741|982|708|688|868|740|673|764|797|844|1271|851|665|612|952|821|1023|898|1100|1001|972|1060|812|648|937|791|1278|570|705|721|855|824|697|565|997|1133|930|1032|697|954|898|509|1066|1211|853|691|833|861|643|662|734|738|749|955|920|690|736|596|855|778|1010|899|1049|1247|850|821|694|900|703|941|904|646|770
459|459|459|459|459|459|459|459|459|459|459|459|459|459|459|459|459|459|459|459|459|459|459|459|459|459|459|459|459|459|459|459|499|459|459|499|459|459|459|459|459|459|459|459|459|459|459|459|459|459|459|459|459|486|459|459|459|459|459|459|459|459|459|459|459|459|459|459|459|459|459|459|459|459|459|459|459|459|459|459|459|459|459|459|459|499|459|459|459|459|459|459|459|459|459|459|459|459|459|459|459|459|459|459|459|459|459|459|459|459|459|459|459|459|459|459|459|459|459|459|459|459|459|459|459|459|459|459|459|459|459|499|459|459|459|459|459|459|459|459|459|459|459|459|459|459|459|459|459|459
Iteração que foi encontrado o Melhor Global: 34
Quantas vezes o Melhor Global foi alterado (Lembrando que a verificação na inicialização acumula nesse contador): 6
Particula Inicial do melhor global:
0,151588|0,763125|0,165645|1,431528|0,415458|1,268070|0,257603|0,621957|1,333934|1,248870|0,897743|0,308082|0,122984|0,098900|0,787276|
Particula Final do melhor global:
0,343422|1,376505|1,197631|0,053234|1,642693|0,367428|0,905309|1,796623|0,643535|0,528202|1,546116|1,588181|0,686072|1,264744|0,972260|
A melhor solução desse PSO é:
3 0 5 9 8 12 6 14 
2 13 1 10 11 4 7 
Quantidade de trocas de:6,000000
Makespan: 459,000000
