510|441|290|560|390|432|229|511|360|406|571|357|432|369|387|607|279|493|650|399|544|584|681|542|366|531|470|852|582|425|312|376|629|533|488|534|470|362|408|314|358|422|636|394|505|328|374|657|237|513|409|262|335|748|422|557|326|379|506|659|326|418|307|520|576|264|558|396|631|445|354|730|422|518|647|274|264|247|343|338|456|348|392|455|347|373|435|612|490|480|299|597|463|402|264|407|643|301|438|331|588|388|395|383|425|401|296|343|391|310|540|324|300|350|473|359|318|411|410|499|361|413|345|611|473|471|314|500|763|392|424|349|422|389|368|365|682|424|515|480|344|474|256|485|851|342|335|644|504|607
163|163|163|163|163|163|163|163|167|163|163|163|163|163|163|163|163|163|163|163|163|163|169|163|163|163|163|163|163|163|163|163|169|163|163|163|163|163|163|163|163|163|163|163|163|163|163|163|169|163|163|163|163|163|163|163|163|169|163|163|163|182|163|163|163|163|163|163|163|163|163|163|163|163|163|163|163|163|163|163|163|163|163|169|163|163|163|163|163|163|163|163|163|163|163|173|163|163|163|163|169|163|163|163|163|163|163|163|163|163|163|163|163|163|163|163|163|163|163|163|163|163|163|163|163|163|163|163|163|163|167|163|163|163|163|163|163|163|163|163|163|163|163|163|163|163|163|163|163|163
Iteração que foi encontrado o Melhor Global: 155
Quantas vezes o Melhor Global foi alterado (Lembrando que a verificação na inicialização acumula nesse contador): 11
Particula Inicial do melhor global:
2,536926|0,277069|2,939441|0,260516|0,181273|1,110461|1,658927|2,110003|1,156705|0,846748|0,779992|0,731322|0,045392|0,034679|2,313414|
Particula Final do melhor global:
0,736451|0,759069|1,664010|2,342237|0,921161|0,674334|1,750719|2,214905|0,394020|1,175588|0,142787|1,809044|2,720902|2,091638|0,722282|
A melhor solução desse PSO é:
10 8 5 14 0 1 4 
9 2 6 11 
13 7 3 12 
Quantidade de trocas de:0,000000
Makespan: 163,000000
