577|744|1055|703|697|507|491|691|487|613|819|828|468|714|710|553|559|458|538|886|523|680|754|1092|483|512|405|581|663|607|568|418|441|939|631|707|553|446|476|656|506|480|851|1104|445|430|854|659|493|532|569|994|697|828|998|681|494|502|922|907|636|672|559|472|505|699|434|635|910|620|724|591|385|644|705|881|646|806|570|519|391|495|348|403|849|851|423|924|542|623|612|765|542|502|436|748|822|725|560|628|620|673|627|571|519|515|531|570|484|862|496|764|737|582|626|471|518|533|405|677|551|975|441|948|515|651|387|609|765|758|502|428|425|730|660|858|762|355|640|588|471|461|889|649|563|691|1074|649|703|684
261|256|257|273|256|259|257|256|256|280|298|257|257|256|262|276|268|261|256|310|268|256|257|257|256|256|318|256|257|276|259|315|256|256|278|257|259|256|261|257|256|299|277|259|256|257|256|256|262|268|257|257|272|256|256|257|276|257|265|257|257|276|256|326|257|256|306|268|262|273|256|257|259|303|256|256|256|294|256|256|256|256|304|259|256|298|276|257|257|257|276|256|256|268|257|257|276|256|273|257|256|256|256|297|336|256|256|256|285|257|257|268|257|257|279|268|257|329|256|276|266|292|256|256|259|256|328|276|256|276|256|278|256|256|280|257|298|349|256|256|257|262|309|257|262|256|256|257|256|257
Iteração que foi encontrado o Melhor Global: 432
Quantas vezes o Melhor Global foi alterado (Lembrando que a verificação na inicialização acumula nesse contador): 10
Particula Inicial do melhor global:
0,804408|0,742235|0,246226|0,746945|1,758071|2,141973|0,390129|2,458467|2,652002|2,074399|2,849954|2,993026|2,167252|1,076659|0,108494|
Particula Final do melhor global:
1,658546|2,133927|2,839186|1,148629|2,820002|1,266910|0,573106|1,285233|2,548663|0,773332|1,173522|0,393606|0,473832|1,897565|1,591028|
A melhor solução desse PSO é:
11 12 6 9 
3 10 5 7 14 0 13 
1 8 4 2 
Quantidade de trocas de:6,000000
Makespan: 256,000000
