866|1197|948|1002|700|793|946|1044|778|785|1172|885|682|883|696|864|645|761|734|585|788|867|1099|1191|1280|723|709|656|767|1089|705|717|782|747|678|621|779|663|629|749|724|699|771|599|990|745|950|953|687|692|870|806|834|1311|1134|727|1188|817|1001|1072|994|747|818|822|899|1102|646|1163|658|797|657|699|843|1209|1054|939|740|755|1171|712|943|730|1154|666|1325|813|1073|895|796|681|774|568|1066|610|860|812|685|731|630|873|933|1236|701|951|602|1349|863|748|984|1049|710|574|704|823|976|619|976|815|887|961|652|1020|672|617|1019|772|753|681|679|992|822|827|835|747|797|684|679|873|720|761|764|926|660|814|836|1057|820|927|729|663
459|459|459|459|459|459|459|459|459|459|459|459|459|459|459|459|459|459|459|459|459|459|459|459|459|459|459|459|459|459|459|459|459|459|459|459|459|459|459|459|459|459|459|459|459|459|459|459|459|459|459|459|459|459|459|459|459|459|459|459|459|459|459|459|459|459|459|459|459|459|459|459|459|459|459|459|459|459|459|459|459|459|459|459|459|459|459|459|459|459|459|459|459|459|459|459|459|459|459|459|459|459|459|459|459|504|459|459|459|459|459|459|459|459|459|459|459|459|459|459|459|459|459|459|459|459|459|459|459|459|459|459|459|459|459|459|459|459|459|459|459|459|459|459|459|459|459|459|459|459
Iteração que foi encontrado o Melhor Global: 4
Quantas vezes o Melhor Global foi alterado (Lembrando que a verificação na inicialização acumula nesse contador): 4
Particula Inicial do melhor global:
0,442106|1,946054|0,972857|0,329151|1,238107|0,109928|0,562853|0,109630|0,222502|1,069290|0,488728|1,211579|0,785248|1,877685|1,137676|
Particula Final do melhor global:
0,812349|1,603711|1,149004|0,795913|1,685154|0,778481|0,247664|1,380599|0,740106|0,045077|1,077170|1,522974|0,514074|1,839414|0,604782|
A melhor solução desse PSO é:
9 6 12 14 8 5 3 0 
10 2 7 11 1 4 13 
Quantidade de trocas de:6,000000
Makespan: 459,000000
