238|256|300|297|355|339|244|369|308|355|421|354|252|274|247|271|283|256|244|344|366|274|291|383|259|326|300|336|276|325|297|305|345|288|288|245|313|365|316|318|375|393|355|364|227|271|253|256|320|276|222|294|242|324|268|420|288|393|340|249|246|265|331|305|369|282|244|275|284|272|329|222|454|282|237|442|314|384|240|356|373|269|353|272|326|255|225|289|454|367|270|271|229|319|327|351|290|290|337|282|242|264|232|348|300|328|285|296|290|452|243|227|344|280|272|345|262|283|284|275|240|267|221|233|351|287|284|324|261|250|278|230|359|226|283|255|314|303|256|285|256|230|244|370|282|286|257|392|359|393
201|195|195|199|207|201|203|203|202|199|207|203|204|198|203|200|198|195|208|205|201|199|201|207|203|207|199|198|195|206|206|198|203|203|200|198|195|203|198|199|208|200|195|205|199|198|200|199|204|195|198|200|208|199|200|201|201|199|195|199|199|204|196|200|200|201|199|203|198|200|205|198|200|199|203|198|204|203|200|198|195|198|201|199|202|199|199|207|201|205|198|200|195|204|198|208|206|205|198|199|195|198|198|199|199|195|199|195|198|201|205|199|195|200|204|198|195|203|198|201|203|195|200|199|199|198|195|205|197|203|195|196|201|201|207|199|198|199|204|195|203|201|199|199|198|199|199|203|200|203
Iteração que foi encontrado o Melhor Global: 313
Quantas vezes o Melhor Global foi alterado (Lembrando que a verificação na inicialização acumula nesse contador): 7
Particula Inicial do melhor global:
1,475199|1,344052|2,985172|2,561640|2,881788|1,219773|0,417192|2,840573|1,398887|2,060591|1,342586|0,913530|2,251917|1,723756|1,533318|
Particula Final do melhor global:
1,391898|0,697789|0,785248|0,808625|2,449880|1,880067|2,573644|1,028791|1,109601|0,903824|2,069970|0,800779|1,061972|2,795259|2,399904|
A melhor solução desse PSO é:
1 2 11 3 9 
7 12 8 0 5 
10 14 4 6 13 
Quantidade de trocas de:12,000000
Makespan: 195,000000
