284|287|301|417|330|285|305|290|224|245|339|195|374|212|246|300|217|221|277|270|272|304|268|254|305|223|221|228|352|215|267|332|227|283|308|284|186|248|350|284|354|278|242|205|199|257|250|270|207|293|267|239|338|349|237|192|206|288|268|348|261|304|358|373|286|325|392|232|237|238|372|323|296|217|243|269|211|195|340|277|198|277|385|295|378|248|222|285|259|240|303|319|243|250|236|353|304|218|362|315|204|332|216|213|264|258|330|251|288|373|360|246|345|186|252|327|322|226|299|267|297|361|302|317|376|286|382|311|219|226|215|241|282|351|286|348|303|227|297|276|221|301|216|242|271|349|234|299|204|281
172|182|172|179|175|172|179|172|185|179|182|184|183|179|179|179|182|184|185|177|184|177|179|182|185|184|182|172|183|179|172|182|179|176|179|179|172|186|172|179|180|179|175|172|182|182|181|172|184|183|181|183|184|172|185|179|175|179|182|183|182|177|172|177|180|178|179|179|172|172|179|182|179|186|172|175|176|182|181|172|183|182|172|183|182|176|184|186|172|177|179|180|182|182|177|184|179|172|184|179|178|182|172|172|176|172|172|178|183|185|179|179|177|186|182|177|183|185|184|182|179|182|179|184|184|172|179|172|172|179|181|182|186|182|184|182|172|182|179|175|186|172|172|183|172|176|179|184|181|179
Iteração que foi encontrado o Melhor Global: 715
Quantas vezes o Melhor Global foi alterado (Lembrando que a verificação na inicialização acumula nesse contador): 9
Particula Inicial do melhor global:
1,693236|2,186221|2,609736|2,992297|1,101744|0,044016|0,823065|0,121839|1,973147|2,183567|1,917738|1,961729|1,485684|1,963229|1,423944|
Particula Final do melhor global:
0,973025|1,463635|2,742364|0,149967|1,681144|2,744044|2,649580|1,463549|2,382770|0,802935|1,056175|1,276223|2,735026|0,754204|2,597456|
A melhor solução desse PSO é:
3 13 9 0 
10 11 7 1 4 
8 14 6 12 2 5 
Quantidade de trocas de:1,000000
Makespan: 172,000000
