1539|1487|1393|1824|1756|1600|1690|1365|1718|1519|1248|1502|1182|1450|1783|1366|1514|1507|1248|1401|2229|1464|1434|1222|1316|1825|1490|1512|2134|1606|1650|1807|1546|1178|1707|1567|1362|1619|1368|1465|1232|1347|1584|1419|1325|1570|1290|1617|2028|1382|1578|1242|1348|1662|1598|1496|1853|1497|1418|1612|1383|1483|1230|1598|1646|1366|1295|1836|1743|1821|1496|1249|1688|1262|1562|1707|1446|1837|1535|1928|1354|2175|1711|1402|1988|1482|1560|1259|1654|1739|1915|1811|1823|1277|1580|1787|1184|1278|1238|1269|1419|1880|2060|1705|1762|1401|1527|1386|1435|1693|2021|1248|1531|1579|1437|1268|2002|1404|1630|1721|1292|1375|1300|1311|1460|1412|1303|1851|1422|1471|1458|1146|1372|1988|1311|1244|1349|1615|1485|2133|1248|1439|1335|1426|1523|1507|1471|1383|1292|1411
768|764|764|764|846|764|764|764|768|764|846|846|764|764|887|764|764|954|764|764|764|764|764|764|764|764|764|764|764|764|764|768|764|764|764|764|768|846|764|764|764|764|831|764|768|764|768|764|831|821|764|764|846|846|846|764|831|764|768|764|835|764|764|764|764|764|764|764|846|764|846|764|764|764|764|764|768|831|764|764|764|823|768|764|898|764|764|764|835|831|764|764|831|831|764|764|764|816|764|764|764|764|764|764|831|764|764|764|846|764|764|764|764|764|764|764|764|768|764|768|831|843|764|843|764|764|835|764|768|764|835|764|764|764|835|764|764|835|764|831|764|764|764|764|831|764|831|768|764|831
Iteração que foi encontrado o Melhor Global: 116
Quantas vezes o Melhor Global foi alterado (Lembrando que a verificação na inicialização acumula nesse contador): 8
Particula Inicial do melhor global:
1,885381|1,524059|0,833867|0,717484|1,940584|0,189317|0,282308|1,219605|0,662279|1,463425|0,886261|1,766794|0,667997|1,193216|0,775233|
Particula Final do melhor global:
1,814067|0,679765|1,733641|1,053478|1,234880|0,643677|1,557740|1,299346|0,291855|0,480728|1,347035|0,440482|0,158586|0,057467|0,650033|
A melhor solução desse PSO é:
13 12 8 11 9 5 14 1 
3 4 7 10 6 2 0 
Quantidade de trocas de:15,000000
Makespan: 764,000000
