228|211|287|249|289|208|293|199|251|211|288|195|246|196|311|254|274|254|291|210|313|206|287|274|349|197|235|184|284|220|217|213|210|198|282|387|388|273|310|220|197|269|302|306|247|271|258|247|331|190|260|276|246|199|184|248|261|219|189|218|263|244|221|376|189|198|205|256|200|334|348|249|298|192|225|235|191|256|360|184|191|237|186|360|340|218|250|241|300|246|201|201|354|240|192|198|286|283|284|328|297|262|353|220|204|208|195|199|175|199|226|173|223|236|205|314|330|294|249|302|260|261|188|277|216|251|194|318|197|246|240|261|246|259|234|195|251|296|276|286|298|215|206|183|237|233|281|183|280|251
163|163|163|163|163|166|163|163|166|163|163|163|163|167|163|165|163|163|163|165|163|164|163|163|164|164|165|163|164|163|163|163|163|164|163|163|163|163|163|163|163|165|164|163|163|165|163|163|167|163|163|163|164|167|163|163|163|163|167|166|163|163|163|163|166|163|163|163|164|163|163|163|163|163|163|163|167|163|163|166|163|163|163|163|165|165|163|163|163|163|167|164|163|163|163|163|163|163|163|163|163|163|163|165|163|163|163|165|163|165|166|166|164|163|164|163|163|163|166|165|164|163|163|164|163|163|163|163|163|163|163|165|163|164|163|163|163|163|167|164|163|165|163|166|163|163|165|163|163|163
Iteração que foi encontrado o Melhor Global: 50
Quantas vezes o Melhor Global foi alterado (Lembrando que a verificação na inicialização acumula nesse contador): 5
Particula Inicial do melhor global:
1,540330|2,183124|0,639839|1,331054|0,684243|1,909773|1,294926|2,658229|1,200704|2,861068|1,017287|2,112701|2,763815|1,405806|0,739094|
Particula Final do melhor global:
2,117370|1,828804|1,177403|1,796196|2,157418|2,824763|2,503373|0,086023|0,615933|0,553825|1,547883|1,519655|2,395139|0,914761|0,793468|
A melhor solução desse PSO é:
7 9 8 14 13 
2 11 10 3 1 
0 4 12 6 5 
Quantidade de trocas de:0,000000
Makespan: 163,000000
