391|358|274|313|372|316|317|305|254|319|343|320|343|260|273|318|338|345|396|283|320|363|360|262|346|290|255|253|408|361|288|289|339|329|290|254|294|259|259|288|282|287|383|328|258|299|272|270|310|294|286|278|268|259|277|272|315|294|271|336|289|289|278|321|372|286|256|273|359|273|280|357|327|292|350|343|311|326|322|316|253|285|336|295|369|417|323|273|272|255|300|271|247|311|329|292|314|320|272|315|294|269|324|327|297|319|344|354|320|314|265|414|269|324|400|368|353|265|252|340|301|253|320|262|274|414|261|394|373|381|308|267|327|259|257|336|391|263|292|293|285|310|278|281|296|324|309|342|366|295
230|233|233|233|230|230|230|230|233|230|243|230|230|230|239|230|230|230|230|230|230|240|230|230|233|230|230|233|241|230|230|230|230|236|230|233|237|230|230|235|237|230|234|230|234|235|233|230|233|230|230|230|234|230|233|230|233|230|230|233|230|230|230|233|230|230|230|242|234|230|230|230|233|239|237|236|230|230|230|230|230|230|236|233|230|230|230|230|230|230|239|230|240|230|233|230|230|234|233|230|230|230|230|233|241|230|233|230|237|230|230|233|230|233|233|230|230|230|230|230|230|230|230|238|230|238|230|230|233|230|230|240|230|234|233|230|230|230|230|235|230|230|230|230|237|230|240|230|233|230
Iteração que foi encontrado o Melhor Global: 17
Quantas vezes o Melhor Global foi alterado (Lembrando que a verificação na inicialização acumula nesse contador): 9
Particula Inicial do melhor global:
0,016018|0,347764|1,182465|0,104459|0,437807|1,837337|0,653719|0,630566|0,240271|0,875350|0,321637|1,945995|1,367858|0,430361|0,863055|
Particula Final do melhor global:
1,857574|1,258005|1,366379|0,922378|0,148403|1,682235|0,152975|1,197215|1,719655|0,892654|0,422627|1,712045|0,325534|0,846800|0,904996|
A melhor solução desse PSO é:
4 6 12 10 13 9 14 3 
7 1 2 5 11 8 0 
Quantidade de trocas de:15,000000
Makespan: 230,000000
