1460|1914|1421|1352|1454|1532|1880|1859|1208|2204|1190|1524|1514|1786|1424|1250|2148|1603|1756|1632|1710|1293|1334|1513|1797|1439|1494|1354|1242|2243|1258|1385|1784|1601|1252|1652|1270|1528|1475|1318|1628|2504|1202|1734|1888|1524|1394|1966|2387|1606|1525|1402|1576|1803|1607|1668|1155|2048|1151|2218|1230|1453|1532|1620|1329|1858|1494|1307|1276|1574|1320|1224|1396|2136|1816|1615|1857|1645|1476|1397|1421|1344|1301|1317|1130|1385|1469|1642|1520|1167|1357|1193|1406|1370|1834|1930|1688|1969|1666|1371|1156|1981|1493|1229|1387|1911|1346|1326|2069|1463|1174|1317|1758|1435|1780|1265|1441|1166|1339|1552|1541|1517|2300|1747|1681|1686|1409|1164|1549|1198|1514|1415|1674|1773|1328|2006|1288|1679|1366|1769|1669|1599|1894|1597|1552|1499|1692|1341|1513|1544
846|846|753|753|753|753|820|753|753|913|921|846|753|900|779|753|753|753|753|753|753|776|887|753|753|753|816|775|753|753|843|753|753|753|753|779|753|753|753|753|753|753|753|779|753|802|753|753|753|753|820|823|753|753|753|753|776|753|753|753|779|753|753|846|753|753|753|753|753|820|753|779|753|900|753|753|753|753|753|779|753|882|753|779|753|753|779|820|753|753|753|753|753|753|846|930|779|753|753|753|753|921|753|753|768|753|753|753|753|841|753|779|820|779|779|954|753|820|753|753|779|887|768|753|753|779|753|776|753|753|775|753|846|753|753|753|753|753|779|753|846|910|753|753|753|824|779|845|753|753
Iteração que foi encontrado o Melhor Global: 89
Quantas vezes o Melhor Global foi alterado (Lembrando que a verificação na inicialização acumula nesse contador): 9
Particula Inicial do melhor global:
1,545909|0,791933|1,767172|1,486816|1,136358|1,049295|0,802386|1,638009|1,460326|1,344741|1,713574|0,980152|1,764319|1,204897|1,563626|
Particula Final do melhor global:
0,274496|1,057784|0,156933|0,641341|0,517705|1,292053|0,211970|0,622529|1,326059|1,477819|1,254064|1,907929|0,765617|1,731948|1,271977|
A melhor solução desse PSO é:
2 6 0 4 7 3 12 
1 10 14 5 8 9 13 11 
Quantidade de trocas de:15,000000
Makespan: 753,000000
