266|241|247|187|265|234|188|274|231|235|251|267|226|301|278|285|260|302|189|192|267|243|196|199|262|251|221|181|282|283|213|230|208|263|261|393|188|209|295|281|250|248|247|227|261|202|189|285|181|177|374|191|280|324|236|214|227|217|234|228|246|186|232|263|199|188|265|208|220|314|256|223|221|261|234|217|427|216|230|222|223|232|240|251|252|298|188|189|253|256|208|236|211|207|207|215|339|225|216|254|243|259|214|259|275|237|259|194|280|208|186|256|211|202|239|232|209|191|230|256|188|311|229|219|287|308|174|212|263|191|337|328|184|200|226|223|199|276|213|199|223|250|248|266|207|289|284|313|293|234
169|169|169|168|170|168|170|169|169|169|170|168|169|168|168|169|168|172|169|168|169|169|170|170|169|169|169|168|168|169|168|168|168|171|169|169|169|169|169|169|171|171|168|171|171|173|169|169|169|170|170|168|169|168|168|168|168|171|169|171|169|169|169|168|169|168|169|169|169|168|169|168|172|168|169|168|171|169|169|168|169|169|171|168|171|169|169|172|171|168|168|168|169|170|170|168|169|169|169|169|169|169|170|169|168|169|169|168|169|168|169|169|169|171|169|168|173|171|169|170|169|170|170|168|169|169|168|168|170|169|169|169|169|169|169|169|168|169|169|170|168|168|169|168|168|169|169|169|172|169
Iteração que foi encontrado o Melhor Global: 421
Quantas vezes o Melhor Global foi alterado (Lembrando que a verificação na inicialização acumula nesse contador): 5
Particula Inicial do melhor global:
2,287956|0,605869|0,036072|2,477592|2,708818|1,351898|1,263753|1,749217|0,351851|0,201138|2,099244|1,468760|0,636855|2,864192|2,658671|
Particula Final do melhor global:
1,324125|0,918099|1,211398|2,680909|0,734492|1,489153|0,802367|1,175203|2,520255|1,088193|0,210921|0,699036|2,253766|1,412493|2,239243|
A melhor solução desse PSO é:
10 11 4 6 1 
9 7 2 0 13 5 
14 12 8 3 
Quantidade de trocas de:5,000000
Makespan: 168,000000
