223|183|244|303|282|273|223|235|262|247|222|216|222|201|255|200|233|262|240|333|218|254|213|215|192|250|219|253|280|223|212|227|216|302|209|241|279|192|248|243|310|321|228|255|266|358|246|298|178|344|250|211|237|323|245|269|288|192|200|221|186|240|251|227|199|230|260|387|233|229|209|228|356|203|346|205|236|190|201|320|218|241|179|288|233|287|214|215|260|244|229|278|257|279|210|286|214|240|261|264|212|214|236|198|250|249|207|231|214|215|230|243|264|204|298|296|199|236|256|192|278|335|263|318|221|225|248|230|226|225|241|281|278|231|184|268|177|359|226|222|232|248|359|221|270|340|207|309|277|246
172|169|170|169|170|170|169|169|170|169|169|169|169|169|169|170|169|171|169|169|169|172|171|169|169|169|169|169|170|169|169|172|171|169|169|169|170|169|171|169|169|169|169|169|171|171|169|170|170|169|170|169|169|170|169|169|169|169|170|171|170|169|169|168|169|170|168|169|172|169|174|169|169|169|172|171|170|169|169|169|169|170|171|169|170|170|169|169|171|170|169|169|169|170|168|170|169|169|169|170|170|169|171|171|169|169|171|169|168|171|169|169|169|169|170|169|169|169|171|171|169|169|170|169|169|171|169|171|170|169|169|169|170|169|169|170|169|171|173|169|169|172|170|169|171|171|169|170|172|169
Iteração que foi encontrado o Melhor Global: 832
Quantas vezes o Melhor Global foi alterado (Lembrando que a verificação na inicialização acumula nesse contador): 5
Particula Inicial do melhor global:
1,023508|2,855828|2,622241|1,661862|0,363522|0,957473|2,789583|0,256802|2,677405|0,551130|0,144029|1,764596|0,341019|0,867022|1,615317|
Particula Final do melhor global:
2,226665|1,303126|2,776996|0,743599|1,142138|0,963812|1,089303|2,708015|0,777170|2,665210|1,461996|1,351344|2,140861|0,465216|0,237156|
A melhor solução desse PSO é:
14 13 3 8 5 
6 4 1 11 10 
12 0 9 7 2 
Quantidade de trocas de:4,000000
Makespan: 168,000000
