199|270|223|165|255|159|164|195|197|159|243|201|217|209|212|291|160|175|287|156|251|197|186|185|253|189|207|182|187|199|226|174|182|171|184|252|274|229|208|171|204|296|258|180|212|190|172|197|205|177|181|149|168|156|260|213|179|229|148|239|200|213|224|208|195|269|232|271|222|200|252|166|178|280|293|237|180|270|233|281|165|221|266|204|218|171|199|217|225|194|178|182|192|317|247|217|245|150|220|174|181|189|182|178|266|194|243|203|275|184|200|210|153|192|225|239|161|242|276|183|260|207|194|234|261|245|260|187|216|229|283|190|163|221|162|198|161|217|266|217|262|228|174|193|188|239|236|275|266|216
141|141|141|143|141|144|142|144|142|141|142|143|142|142|141|141|142|141|141|141|141|142|143|146|141|141|142|141|141|145|141|145|142|142|141|145|144|144|141|141|142|146|141|141|145|142|142|141|141|143|141|145|143|143|142|141|142|142|141|141|141|143|144|141|141|141|143|141|142|141|141|141|143|142|141|142|145|142|141|141|141|141|141|141|141|142|141|141|141|141|143|142|141|144|141|141|142|143|141|144|141|145|141|143|145|141|145|142|142|141|146|141|145|145|141|142|142|141|141|142|144|144|141|142|145|141|141|141|141|142|141|142|143|141|141|142|142|141|142|146|141|142|141|142|142|141|141|142|142|142
Iteração que foi encontrado o Melhor Global: 506
Quantas vezes o Melhor Global foi alterado (Lembrando que a verificação na inicialização acumula nesse contador): 7
Particula Inicial do melhor global:
2,285912|0,070234|1,719580|1,964852|2,601665|1,905357|0,862584|0,580701|2,389272|0,356625|2,214787|2,068933|1,334367|1,202655|1,788257|
Particula Final do melhor global:
0,396561|1,347642|1,880553|2,324390|0,359666|1,918784|2,066777|0,618372|1,718272|1,687069|0,736836|2,697213|0,548518|0,755293|0,652419|
A melhor solução desse PSO é:
4 0 12 7 14 10 13 
1 9 8 2 5 
6 3 11 
Quantidade de trocas de:13,000000
Makespan: 141,000000
