1116|996|1593|1609|1648|1156|1271|1108|1592|1217|1262|1152|1133|1493|1258|1477|1080|1452|1086|1372|1561|1626|1558|1500|1373|1202|1349|1208|1321|1046|1493|1343|1307|1250|1193|1113|1205|1172|1388|1452|1493|1184|1068|1032|1003|1691|1382|1182|1453|1572|1468|1471|1460|1510|1189|1311|1247|1333|1422|1329|1218|1793|1259|991|1053|1866|982|1160|1214|1403|1550|937|1801|1241|1024|1796|1204|1491|1693|1499|1317|1438|1378|1392|1162|1143|1159|1469|1503|1467|1530|1550|1160|1423|997|1487|1410|1328|950|1260|1363|1460|1324|1554|1478|1037|1232|1234|1130|1524|1635|1528|1051|1346|1918|1084|2064|1535|1000|1804|1956|1365|991|1303|1262|1255|1013|1222|1366|1342|1264|1464|1252|1531|1151|1598|1296|1062|1780|1120|1589|1320|1280|1298|1198|1626|1029|1537|1695|1442
694|694|762|694|794|694|792|694|694|694|694|778|694|694|694|749|694|694|694|788|694|694|694|694|770|694|694|790|694|694|694|694|799|694|694|817|694|804|694|723|694|694|723|694|694|694|694|694|694|694|830|750|694|694|714|815|694|723|799|777|694|798|715|817|694|694|714|732|694|694|797|694|694|694|694|694|694|781|694|694|749|790|810|786|782|694|694|810|694|694|694|747|694|723|749|694|764|779|723|694|755|749|694|822|750|781|694|694|785|723|794|714|694|694|714|694|749|714|694|723|761|776|694|694|694|694|694|694|714|694|694|758|814|764|694|807|694|694|714|750|755|715|694|723|715|781|694|694|694|715
Iteração que foi encontrado o Melhor Global: 136
Quantas vezes o Melhor Global foi alterado (Lembrando que a verificação na inicialização acumula nesse contador): 12
Particula Inicial do melhor global:
0,826739|1,257113|0,046418|0,969453|1,589516|1,304319|1,677348|0,982336|1,761333|0,294239|1,969838|1,137432|1,871740|0,606549|0,392708|
Particula Final do melhor global:
1,718454|0,779972|0,683283|0,255711|1,178599|0,084260|1,138750|1,517295|0,113113|0,275096|1,095791|0,782043|1,422171|0,463797|0,848358|
A melhor solução desse PSO é:
5 8 3 9 13 2 1 11 14 
10 6 4 12 7 0 
Quantidade de trocas de:13,000000
Makespan: 694,000000
