233|192|212|228|243|220|341|180|292|207|271|294|365|221|193|226|285|211|186|253|228|253|231|306|193|295|220|192|313|337|197|177|199|310|232|284|262|222|284|283|193|207|316|210|229|196|249|231|248|210|243|195|225|223|241|229|374|197|185|184|187|276|276|281|243|224|295|204|266|197|227|206|269|274|219|178|269|218|237|178|233|203|264|221|184|252|292|189|186|217|176|206|322|235|191|188|202|229|247|236|263|262|315|237|272|238|172|205|204|288|212|229|230|296|191|230|288|197|203|298|336|198|254|345|173|239|201|280|194|258|269|202|243|221|185|175|333|222|207|276|173|253|211|309|320|192|223|276|277|274
163|163|163|163|163|164|163|163|165|163|163|163|164|163|163|163|163|163|163|163|163|163|167|163|163|163|163|163|163|163|163|164|164|163|163|165|163|163|163|163|163|163|164|163|163|163|163|163|163|163|163|163|164|163|163|163|163|163|163|163|163|163|163|163|165|163|163|163|163|163|163|163|163|163|163|166|167|163|163|165|163|164|163|165|163|163|163|163|163|163|163|164|165|163|163|163|163|163|163|163|163|163|163|163|163|163|163|163|163|163|163|163|163|163|164|163|163|165|163|164|163|163|163|163|164|163|163|164|163|163|163|167|163|163|164|164|163|163|163|163|163|163|163|163|163|163|163|163|164|163
Iteração que foi encontrado o Melhor Global: 6
Quantas vezes o Melhor Global foi alterado (Lembrando que a verificação na inicialização acumula nesse contador): 3
Particula Inicial do melhor global:
1,241540|1,501739|0,284616|2,923815|0,876016|2,087167|1,567675|1,381503|2,155843|2,572321|2,735735|2,224328|1,787728|0,155852|1,459388|
Particula Final do melhor global:
0,174713|1,787943|1,370898|2,669317|1,095233|2,408799|1,557734|2,282229|0,546236|1,360346|2,548312|1,940863|0,548913|0,668050|2,361586|
A melhor solução desse PSO é:
0 8 12 13 
4 9 2 6 1 11 
7 14 5 10 3 
Quantidade de trocas de:0,000000
Makespan: 163,000000
