324|247|254|221|247|237|255|251|282|223|235|191|250|204|246|354|292|311|220|256|264|205|366|235|278|282|376|216|346|286|282|226|271|244|271|264|308|315|281|225|381|318|312|280|369|227|215|355|400|230|262|363|296|260|203|353|247|347|249|240|232|260|262|241|205|227|377|324|344|333|223|245|274|233|282|241|324|257|362|292|322|275|259|251|303|279|304|267|230|238|244|215|264|214|309|258|288|358|195|245|288|313|334|265|326|275|431|219|302|238|224|228|254|300|264|268|303|321|238|223|227|282|228|219|312|264|331|306|364|276|232|259|217|222|304|292|201|235|280|235|271|250|278|315|317|240|225|303|242|227
182|172|172|172|172|172|192|172|172|172|178|184|185|172|172|172|172|172|184|184|172|172|182|179|172|172|172|172|172|172|172|172|172|172|172|184|172|172|172|172|179|182|172|172|172|172|172|172|172|172|172|183|172|172|172|172|172|172|172|172|172|172|172|172|172|172|172|172|172|172|172|172|172|179|172|172|172|172|172|172|172|172|172|172|172|172|172|172|172|172|176|172|172|172|172|172|178|172|187|172|172|172|172|172|172|172|172|185|172|172|172|184|172|179|172|172|172|172|174|179|172|172|172|172|181|172|172|172|172|172|172|172|172|175|182|172|182|172|172|172|181|172|172|172|172|172|172|172|172|172
Iteração que foi encontrado o Melhor Global: 55
Quantas vezes o Melhor Global foi alterado (Lembrando que a verificação na inicialização acumula nesse contador): 5
Particula Inicial do melhor global:
1,444680|0,939523|1,482486|0,190415|1,483901|0,402837|2,177821|1,016526|0,956217|0,681038|2,122598|1,859928|1,354847|0,099491|2,115866|
Particula Final do melhor global:
2,434840|0,828055|1,893739|2,061263|0,966536|1,034660|1,327277|0,791925|1,213526|2,640111|0,658779|0,653203|1,273405|2,287677|1,705854|
A melhor solução desse PSO é:
11 10 7 1 4 
5 8 12 6 14 2 
3 13 0 9 
Quantidade de trocas de:1,000000
Makespan: 172,000000
