411|300|215|273|327|258|318|234|328|413|247|331|407|267|284|365|304|301|326|344|242|299|377|297|344|363|349|293|223|305|349|265|262|280|351|285|318|293|243|237|340|255|277|340|260|389|324|270|220|342|312|259|310|314|347|246|242|287|435|314|326|253|247|276|346|295|364|340|274|357|342|256|291|281|310|285|274|312|400|452|245|253|248|247|367|341|241|267|271|354|284|285|224|400|323|331|261|253|252|244|254|383|360|340|223|344|278|285|437|249|270|221|321|369|248|247|227|358|262|328|249|272|302|323|275|226|256|266|354|248|370|289|290|220|278|243|297|342|250|360|267|277|371|394|379|321|271|269|358|270
201|197|202|203|202|203|205|197|204|197|197|198|204|197|204|197|201|204|201|198|199|197|204|203|203|197|197|201|205|205|204|204|203|203|198|197|197|197|207|197|204|197|205|203|205|203|202|197|208|203|201|197|206|199|203|201|197|201|207|207|206|205|206|197|203|197|205|199|201|201|206|206|202|202|197|199|207|204|203|203|204|205|199|203|197|203|202|197|197|210|210|203|205|199|209|206|206|201|208|197|208|210|198|204|204|197|206|197|208|201|206|202|207|206|203|205|206|197|203|197|207|200|197|197|197|197|198|203|197|203|204|202|204|203|204|206|207|197|198|199|201|197|197|197|204|197|197|199|206|197
Iteração que foi encontrado o Melhor Global: 166
Quantas vezes o Melhor Global foi alterado (Lembrando que a verificação na inicialização acumula nesse contador): 6
Particula Inicial do melhor global:
2,565630|0,166476|1,126566|0,474213|0,662186|1,795291|0,746204|0,871266|0,250994|1,013912|0,280717|2,415739|0,896122|1,937745|2,233661|
Particula Final do melhor global:
0,566028|2,458526|2,309011|2,384597|0,900029|1,357294|2,461910|0,400705|0,644123|1,525270|1,134440|1,172839|1,449295|2,527068|2,822758|
A melhor solução desse PSO é:
7 0 8 4 
10 11 5 12 9 
2 3 1 6 13 14 
Quantidade de trocas de:12,000000
Makespan: 197,000000
