239|194|279|206|197|255|256|184|181|226|180|188|178|248|273|246|169|257|214|250|264|249|239|180|273|218|212|276|270|199|245|181|180|257|180|262|192|213|234|285|166|216|307|195|227|187|256|180|191|241|284|197|248|236|249|204|183|227|177|193|198|291|217|204|280|206|291|177|197|255|188|224|310|202|220|209|303|216|240|277|177|306|244|231|260|339|179|235|266|242|251|229|189|183|200|215|194|188|269|222|274|193|247|242|219|256|200|205|200|383|198|221|260|257|224|223|255|228|198|191|194|183|191|266|291|219|311|234|227|338|186|200|255|249|264|210|181|242|224|179|248|200|209|272|238|183|245|243|232|190
157|158|155|157|155|153|152|156|158|156|156|156|151|157|155|154|158|155|154|157|157|155|154|155|151|155|154|151|155|157|154|154|156|156|156|153|156|157|155|156|152|156|157|153|154|155|156|152|154|155|152|157|156|158|155|157|157|155|155|158|155|154|157|158|156|154|153|153|154|154|154|152|154|152|153|158|155|158|157|153|158|153|159|155|156|156|155|154|155|153|155|155|152|156|155|153|153|158|155|153|155|157|154|153|152|153|154|158|158|156|153|154|157|154|155|157|156|156|153|155|154|157|151|155|155|156|153|156|157|155|156|155|157|152|151|154|153|153|155|151|160|153|158|153|155|159|154|151|154|156
Iteração que foi encontrado o Melhor Global: 579
Quantas vezes o Melhor Global foi alterado (Lembrando que a verificação na inicialização acumula nesse contador): 8
Particula Inicial do melhor global:
2,684195|1,318972|0,888415|2,766733|1,716360|1,384558|0,297255|1,557950|2,761251|0,773821|1,880801|1,919641|2,162288|2,591406|1,884734|
Particula Final do melhor global:
2,406039|0,056284|0,428959|2,567637|0,181601|1,478270|2,729210|1,236779|1,550949|0,293540|1,749231|2,625736|1,431330|1,520729|2,008783|
A melhor solução desse PSO é:
1 4 9 2 
7 12 5 13 8 10 
14 0 3 11 6 
Quantidade de trocas de:13,000000
Makespan: 151,000000
