569|291|596|676|385|487|447|595|532|526|324|368|397|276|434|410|460|347|439|518|447|385|685|439|530|540|456|442|345|352|398|530|504|361|295|300|408|316|432|597|465|609|625|450|514|424|382|365|287|371|311|521|339|393|634|402|665|244|527|370|588|402|350|348|526|692|376|647|530|542|300|272|509|457|664|496|301|539|406|305|557|596|576|339|604|546|253|696|396|299|588|314|610|353|697|371|409|332|233|376|450|582|277|304|417|374|502|408|432|809|352|382|273|582|445|597|508|582|547|515|408|697|672|673|404|458|463|538|441|357|642|462|421|386|423|278|304|294|507|470|378|549|730|506|407|326|323|454|316|483
153|147|152|147|147|147|173|152|147|147|147|148|147|147|147|147|147|147|156|148|147|147|147|147|147|147|147|147|147|147|147|147|147|147|154|147|147|147|147|147|147|147|147|147|147|147|156|152|147|147|147|147|147|147|147|147|147|147|147|147|147|147|147|147|157|152|157|147|148|156|147|147|159|147|147|147|147|147|147|147|152|148|147|147|147|147|147|152|147|147|147|154|147|147|147|147|147|147|147|147|152|147|147|154|147|147|147|152|147|147|147|147|147|147|147|147|147|147|147|147|152|147|152|147|148|147|147|147|147|147|147|154|147|147|157|147|147|147|147|147|147|147|147|188|147|147|152|147|149|147
Iteração que foi encontrado o Melhor Global: 127
Quantas vezes o Melhor Global foi alterado (Lembrando que a verificação na inicialização acumula nesse contador): 8
Particula Inicial do melhor global:
1,578334|0,605280|2,149143|2,410734|0,138855|1,132716|0,742413|2,960680|0,688710|0,178725|0,774040|1,061535|2,834728|1,091866|1,514072|
Particula Final do melhor global:
0,946364|1,721974|2,739090|0,830753|1,292684|2,246118|2,054509|0,945092|1,549774|2,421564|1,269155|2,972347|0,978466|1,667706|1,260812|
A melhor solução desse PSO é:
3 7 0 12 
14 10 4 8 13 1 
6 5 9 2 11 
Quantidade de trocas de:0,000000
Makespan: 147,000000
