281|255|268|313|331|391|296|348|443|280|216|311|311|222|344|234|312|341|338|304|289|228|352|284|275|285|362|399|251|277|228|349|231|234|273|420|337|323|370|296|387|410|296|280|238|247|335|263|323|261|244|294|267|390|268|322|235|238|326|244|304|242|289|353|287|332|217|424|395|287|396|328|271|278|287|260|252|247|357|289|232|276|280|282|383|225|260|339|352|273|316|222|297|292|280|349|484|243|368|335|306|241|422|279|341|302|319|257|306|348|330|269|365|264|313|277|315|318|362|248|282|277|251|281|298|249|294|315|315|328|298|294|215|251|305|393|288|281|272|243|292|287|257|352|360|346|258|269|357|300
198|201|202|197|199|199|201|197|201|199|204|201|199|199|205|202|204|201|198|197|204|204|203|205|204|200|197|206|208|204|202|206|197|204|198|204|197|198|201|202|202|204|202|201|200|197|203|197|203|208|200|197|204|205|199|197|198|206|198|204|201|201|197|205|201|206|198|204|207|201|198|198|200|204|200|198|197|207|202|204|198|203|198|204|204|207|198|199|201|199|207|204|207|205|203|200|198|197|198|205|197|198|197|199|199|208|197|199|202|198|203|202|205|207|198|197|208|200|206|202|201|201|199|203|199|204|201|198|197|201|206|201|199|197|203|198|200|204|205|202|204|206|199|198|197|200|199|206|199|197
Iteração que foi encontrado o Melhor Global: 498
Quantas vezes o Melhor Global foi alterado (Lembrando que a verificação na inicialização acumula nesse contador): 6
Particula Inicial do melhor global:
2,738311|2,595724|1,628563|1,921151|1,264002|2,343412|2,281322|2,601547|0,777243|1,334794|1,448637|2,466325|1,010456|0,775532|0,343138|
Particula Final do melhor global:
1,679513|0,454042|2,706487|2,667601|2,582523|0,477651|1,626907|0,983215|0,590800|2,571615|1,789465|1,712723|1,652251|2,203859|0,521287|
A melhor solução desse PSO é:
1 5 14 8 7 
6 12 0 11 10 
13 9 4 3 2 
Quantidade de trocas de:13,000000
Makespan: 197,000000
