766|733|788|734|739|807|694|721|741|1201|848|727|1328|652|768|735|669|979|770|1094|1267|650|647|1163|1105|736|1002|836|717|964|725|1192|687|782|716|1102|959|1071|816|1014|903|869|874|838|761|556|674|983|618|835|1003|559|1192|638|790|934|1108|834|646|1110|627|603|801|829|913|580|879|1084|1127|1078|881|698|865|843|939|727|907|772|583|1222|706|979|647|834|947|932|748|972|836|1182|798|929|830|834|822|871|713|1083|681|666|726|1227|919|788|1125|863|1056|904|963|759|814|791|874|811|858|854|919|864|730|1091|618|788|859|825|1012|1075|1463|904|726|1056|1126|943|759|737|806|788|731|806|854|901|806|753|826|808|1029|709|725|1025|822|1115
459|459|459|459|459|459|459|459|459|459|459|459|459|459|459|459|459|459|459|459|459|459|459|459|459|459|459|459|459|459|459|459|459|459|459|459|459|459|459|459|459|459|459|459|459|459|459|459|459|459|459|459|459|459|459|459|459|459|459|459|459|459|459|459|459|485|459|459|459|459|459|459|459|459|459|459|459|459|459|459|459|459|459|459|459|459|459|459|459|459|459|459|459|459|459|459|459|459|459|459|459|459|459|459|459|459|459|459|459|459|459|459|459|459|459|459|459|459|459|459|459|459|459|459|459|459|459|459|459|459|459|459|459|459|459|459|459|459|459|459|459|459|459|459|459|459|459|459|459|459
Iteração que foi encontrado o Melhor Global: 3
Quantas vezes o Melhor Global foi alterado (Lembrando que a verificação na inicialização acumula nesse contador): 4
Particula Inicial do melhor global:
0,250211|1,142502|1,123077|1,786701|0,346937|1,462163|0,452737|0,350203|1,812581|0,250248|1,414913|0,948175|1,330397|1,590023|0,505542|
Particula Final do melhor global:
1,417975|0,921457|0,679531|1,204889|0,204043|1,957218|1,729335|0,552202|1,945566|1,399219|0,045865|0,679453|1,526623|0,176993|1,458575|
A melhor solução desse PSO é:
10 13 4 7 11 2 1 
3 9 0 14 12 6 8 5 
Quantidade de trocas de:6,000000
Makespan: 459,000000
