278|514|183|330|190|234|308|324|366|330|150|355|224|187|173|328|149|264|157|244|175|317|247|251|189|383|280|424|507|387|247|263|323|214|390|316|355|373|143|208|382|258|165|335|174|473|173|437|203|273|229|335|274|185|148|213|184|396|177|442|409|245|242|152|349|199|168|540|212|144|208|243|189|259|204|170|298|204|359|312|354|185|244|356|267|368|232|297|182|247|263|228|180|285|399|189|197|223|232|183|264|234|371|221|196|221|241|283|364|300|340|234|392|187|364|358|187|180|314|397|348|204|351|280|182|267|190|161|232|208|207|375|413|487|266|157|209|294|416|145|203|251|340|150|386|211|272|421|380|228
142|142|143|142|143|142|142|142|143|143|142|142|142|142|142|142|143|143|147|142|143|142|142|142|142|142|142|142|142|142|142|142|142|142|142|142|142|142|142|142|142|142|142|142|142|142|142|142|142|142|142|144|142|142|142|146|143|142|142|142|142|142|144|143|142|143|143|142|142|144|142|142|142|145|142|145|142|142|142|142|142|142|145|142|146|142|142|142|142|142|142|142|142|142|142|143|142|142|142|142|142|142|142|142|142|142|142|142|142|142|145|142|142|142|142|144|142|142|142|142|142|142|142|142|142|142|144|142|142|142|142|142|142|142|142|142|142|142|142|143|142|144|142|143|142|142|142|142|142|142
Iteração que foi encontrado o Melhor Global: 5
Quantas vezes o Melhor Global foi alterado (Lembrando que a verificação na inicialização acumula nesse contador): 2
Particula Inicial do melhor global:
1,024133|1,650582|0,267053|2,030863|0,593043|2,088677|1,211144|2,827759|2,609403|2,750776|0,487326|2,652085|2,854031|2,494835|0,429035|
Particula Final do melhor global:
0,714363|2,456316|2,863063|0,500154|1,040756|1,782790|1,378932|2,609652|2,534111|2,569091|0,146211|1,250802|0,971092|1,789161|0,947216|
A melhor solução desse PSO é:
10 3 0 14 12 
4 11 6 5 13 
1 8 9 7 2 
Quantidade de trocas de:0,000000
Makespan: 142,000000
