553|691|550|738|554|527|560|585|731|658|605|631|536|1056|756|1018|448|888|476|593|484|726|468|831|493|1084|647|1155|958|604|561|577|618|458|337|796|457|839|686|529|584|629|757|600|696|801|566|652|749|967|861|460|485|879|415|408|566|713|869|627|902|448|550|666|480|535|1049|984|790|537|987|470|685|471|396|823|609|463|512|742|488|506|541|617|607|514|739|612|806|847|528|652|635|721|721|664|575|799|511|926|548|496|487|527|734|552|681|633|570|753|444|573|685|495|490|764|713|952|739|558|683|566|673|881|764|650|502|601|410|520|637|720|542|564|792|815|566|1188|808|622|674|556|660|670|853|521|679|588|582|339
275|252|252|252|252|259|268|252|306|252|256|252|252|252|252|268|252|252|293|304|252|252|252|252|252|252|252|252|252|252|259|252|252|252|252|267|252|252|252|306|252|252|252|252|259|252|252|252|252|252|252|252|252|252|254|252|252|252|252|252|252|252|268|252|252|252|252|252|297|252|252|252|252|252|252|252|252|252|316|252|252|252|252|268|252|252|252|286|252|306|252|252|252|252|268|252|252|252|252|252|259|252|252|308|252|252|252|252|294|252|281|261|252|267|252|252|282|259|259|254|252|252|252|252|252|252|252|252|252|252|252|252|252|252|252|252|252|252|252|252|252|312|252|268|273|252|268|252|252|324
Iteração que foi encontrado o Melhor Global: 35
Quantas vezes o Melhor Global foi alterado (Lembrando que a verificação na inicialização acumula nesse contador): 4
Particula Inicial do melhor global:
2,468724|2,623128|0,497155|0,375432|1,862218|2,652210|0,180561|2,513179|2,871830|2,233672|2,237359|2,009778|2,578028|0,462273|1,199188|
Particula Final do melhor global:
2,297373|0,136208|0,432550|2,939595|0,195077|2,763756|1,947889|2,402121|1,906250|1,602875|0,153024|0,452034|2,630162|0,912360|2,423030|
A melhor solução desse PSO é:
1 10 4 2 11 13 
9 8 6 
0 7 14 12 5 3 
Quantidade de trocas de:5,000000
Makespan: 252,000000
