1430|2222|1322|1398|2142|1336|1339|2052|1455|1754|1788|1805|1487|1469|1243|1344|2152|1430|1587|2114|1220|1435|1411|1305|2103|1534|1545|1965|1389|1784|1478|1968|1367|1392|1550|1852|1609|1488|1592|1277|1521|1495|2200|1314|1288|1515|1322|1487|1384|1319|1162|1451|1493|1481|1241|1216|1420|1509|1600|1582|1308|1216|1142|1863|1405|1305|1603|1830|1600|2320|1837|1173|1315|1201|1561|1590|1884|1483|1408|2329|1350|1424|1396|1790|1905|1296|1428|1260|1638|1823|1185|1960|1621|1599|1806|1688|1877|1229|1404|1506|1625|1477|1304|1918|1410|1818|1969|2082|1507|1170|1427|1410|1329|1591|1292|1352|1640|1248|1254|1557|1796|1561|1630|1441|1498|1218|1286|1598|1261|2256|1425|1307|1809|1778|1569|1530|1165|1438|1591|1399|1942|1257|1401|1615|1532|1049|1578|1602|1230|1506
911|769|769|850|935|769|830|998|897|904|847|971|769|847|897|847|847|883|875|886|769|846|847|886|847|918|827|907|847|887|867|925|864|946|872|954|830|847|932|868|936|935|904|971|874|769|953|930|847|904|976|956|980|974|984|847|847|1002|903|847|983|847|769|769|847|847|943|847|942|937|847|956|847|846|986|935|903|846|847|937|887|919|934|894|937|869|769|912|847|968|973|922|980|946|936|887|903|769|836|914|935|903|846|886|847|888|908|1012|837|769|913|769|847|961|769|830|922|769|936|769|948|769|956|836|875|951|950|1009|897|940|884|920|897|990|887|887|830|769|976|901|769|847|981|769|868|897|954|945|847|959
Iteração que foi encontrado o Melhor Global: 573
Quantas vezes o Melhor Global foi alterado (Lembrando que a verificação na inicialização acumula nesse contador): 12
Particula Inicial do melhor global:
0,967746|1,592920|1,150700|0,380050|1,275613|0,464177|0,361154|1,401327|1,489476|1,869643|0,901467|1,750946|0,199706|1,547183|1,451656|
Particula Final do melhor global:
0,926307|1,239113|1,637211|1,948068|1,805261|0,579703|1,469858|0,793830|0,562839|0,663063|0,992582|1,323301|0,922681|0,672858|0,718680|
A melhor solução desse PSO é:
8 5 9 13 14 7 12 0 10 
1 11 6 2 4 3 
Quantidade de trocas de:16,000000
Makespan: 769,000000
