396|216|161|351|186|331|268|303|297|171|539|473|156|195|211|272|335|254|259|181|223|361|370|201|179|446|444|428|299|248|257|292|213|226|375|209|313|295|175|234|385|355|423|435|332|334|293|444|210|292|210|245|445|256|280|210|167|154|296|192|240|210|203|292|281|196|232|164|228|182|241|205|214|390|186|384|313|309|309|423|247|485|202|243|230|193|404|380|232|244|229|313|443|394|187|383|198|247|422|290|240|168|223|349|308|477|214|360|191|341|225|291|179|285|205|205|235|220|216|287|256|274|235|165|266|213|240|281|373|182|330|234|248|152|226|322|248|168|306|242|403|247|165|185|194|406|295|349|226|186
143|142|142|142|142|142|142|142|142|142|142|142|142|142|142|142|142|142|143|142|144|143|146|142|142|142|142|142|142|144|144|142|142|143|142|142|142|142|142|142|142|142|142|142|142|142|142|143|142|144|142|142|142|142|143|142|144|142|142|143|142|143|143|143|142|142|142|145|142|142|142|142|142|142|142|142|142|142|142|142|142|142|142|142|142|143|142|142|142|142|142|142|142|142|143|142|142|142|144|142|142|142|142|142|142|142|144|142|142|142|142|142|142|143|142|143|142|143|144|142|142|145|142|142|142|142|142|142|142|142|144|143|142|145|145|142|142|142|142|142|142|143|142|144|142|142|142|142|142|143
Iteração que foi encontrado o Melhor Global: 26
Quantas vezes o Melhor Global foi alterado (Lembrando que a verificação na inicialização acumula nesse contador): 8
Particula Inicial do melhor global:
2,104650|2,840410|2,475808|1,092987|0,861881|2,824833|0,539442|2,967084|0,055883|2,439360|2,529920|0,117584|1,640469|0,682450|0,890819|
Particula Final do melhor global:
1,050229|2,240702|0,514265|0,425550|0,600398|1,046079|1,240973|2,569417|1,031634|1,146228|0,595752|1,668239|2,280567|2,616961|2,465717|
A melhor solução desse PSO é:
3 2 10 4 
8 5 0 9 6 11 
1 12 14 7 13 
Quantidade de trocas de:0,000000
Makespan: 142,000000
