718|702|825|1015|554|662|753|491|965|718|573|770|582|667|512|933|491|857|680|480|481|625|734|509|891|858|652|699|669|697|794|982|963|874|898|840|1026|1039|828|748|597|607|814|918|622|949|786|711|664|661|472|784|662|811|620|765|782|935|1041|503|679|800|665|599|627|713|572|952|464|777|664|668|624|654|744|915|756|591|639|549|1136|610|683|579|894|869|1179|831|731|552|646|736|650|670|773|485|529|732|696|643|625|570|765|875|565|624|1158|739|653|980|856|900|650|620|554|832|835|820|1130|676|661|579|720|914|755|846|633|1037|746|1147|558|541|957|862|687|639|553|647|676|862|809|775|588|1188|763|660|855|1116|599|763
359|398|384|362|351|380|351|344|344|351|351|351|351|351|351|344|359|351|359|351|359|362|351|351|362|416|362|362|351|351|359|351|367|351|351|351|380|372|351|344|336|351|344|351|359|344|394|362|375|362|359|351|351|351|351|355|359|351|351|344|359|351|359|351|359|410|355|351|359|368|351|364|351|351|362|367|351|359|351|351|351|359|351|367|403|359|351|351|351|373|351|351|359|351|385|351|351|351|351|351|351|351|344|376|388|351|376|351|351|351|393|356|382|369|344|371|351|360|384|354|351|377|351|344|354|370|351|393|359|351|351|359|370|351|351|351|388|359|351|356|392|359|351|351|355|351|359|359|359|351
Iteração que foi encontrado o Melhor Global: 959
Quantas vezes o Melhor Global foi alterado (Lembrando que a verificação na inicialização acumula nesse contador): 11
Particula Inicial do melhor global:
1,417389|0,489973|1,124924|2,198761|0,160248|2,054404|1,089669|2,806175|0,146735|2,599647|0,999739|0,804780|2,972953|1,889303|2,742143|
Particula Final do melhor global:
0,701899|2,789932|0,980137|2,287412|1,885432|1,564007|1,645738|0,935732|2,156689|0,676456|0,648491|2,091088|1,509573|1,629395|0,955695|
A melhor solução desse PSO é:
10 9 0 7 14 2 
12 5 13 6 4 
11 8 3 1 
Quantidade de trocas de:13,000000
Makespan: 336,000000
