782|762|877|1504|705|664|756|1077|713|1118|642|877|1204|855|1025|1137|730|571|881|1095|928|836|664|1213|667|749|1369|899|1098|816|1077|1328|880|913|926|675|719|700|604|976|838|617|739|746|700|751|1086|863|714|962|944|739|769|1040|1020|943|1018|843|1073|826|714|954|726|751|772|894|782|741|702|689|960|1016|1289|754|852|663|861|846|733|917|884|940|803|842|918|912|652|756|736|873|701|966|692|832|843|736|879|1421|942|755|678|1071|687|1028|712|1026|866|1005|708|726|1015|710|686|1157|703|1192|560|681|798|809|713|700|659|984|722|906|672|861|593|677|635|711|908|766|914|921|959|922|750|955|784|815|999|899|735|862|828|826|983|1136
459|459|459|459|459|459|459|459|459|459|459|459|459|459|459|459|459|459|459|459|459|459|459|459|459|459|459|459|459|459|459|459|459|459|459|459|459|459|459|459|459|459|459|459|459|459|459|459|459|459|459|459|459|459|459|459|459|459|459|459|459|459|459|459|459|459|459|459|459|459|459|459|459|459|459|459|459|459|459|459|459|459|459|459|493|459|459|459|459|459|459|459|459|459|459|459|459|459|459|459|459|459|459|459|459|459|459|459|459|459|459|459|459|459|459|459|459|459|459|459|459|459|459|459|459|459|459|459|459|459|459|459|459|459|459|459|459|459|459|459|459|499|459|459|459|459|459|459|459|459
Iteração que foi encontrado o Melhor Global: 78
Quantas vezes o Melhor Global foi alterado (Lembrando que a verificação na inicialização acumula nesse contador): 7
Particula Inicial do melhor global:
0,957559|1,385842|0,789238|0,635189|0,724605|1,575485|1,403288|0,074126|1,077827|0,696186|1,748742|0,944554|0,041535|1,005043|0,830701|
Particula Final do melhor global:
0,247220|1,322213|1,613040|0,412705|1,571234|0,662257|0,716095|1,265533|0,715028|0,389969|1,517866|1,174647|0,576813|1,358182|0,345605|
A melhor solução desse PSO é:
0 14 9 3 12 5 8 6 
11 7 1 13 10 4 2 
Quantidade de trocas de:6,000000
Makespan: 459,000000
