878|501|624|1061|489|603|511|1024|614|530|627|627|613|563|622|493|592|629|920|563|788|744|609|549|607|1219|692|678|709|472|648|778|586|769|542|549|745|535|579|748|953|718|821|595|700|451|633|482|785|605|435|556|601|748|713|821|701|862|745|739|611|848|607|996|579|465|637|800|877|468|715|468|628|596|616|581|802|593|621|546|831|633|654|604|513|521|725|497|767|661|903|471|575|699|700|657|748|701|881|785|479|680|553|577|620|815|493|819|677|609|505|481|802|922|756|618|427|659|596|1085|572|732|558|604|740|598|640|609|606|653|870|560|594|522|624|728|774|660|544|561|582|584|787|517|914|600|694|654|670|854
302|343|332|317|311|366|317|328|284|284|339|283|330|353|331|330|284|345|358|346|364|328|340|343|302|340|328|311|336|358|331|340|321|344|284|319|317|364|353|340|311|340|368|348|284|331|359|328|345|312|354|319|370|369|302|337|359|326|348|359|325|284|302|284|327|317|348|339|311|311|340|355|351|328|302|335|326|357|297|348|311|354|312|348|346|337|343|330|322|340|340|337|383|359|284|359|351|340|311|319|354|333|351|316|366|339|311|328|327|340|328|354|319|343|330|330|333|322|319|367|337|319|319|311|346|284|318|311|330|343|343|359|311|311|358|284|284|311|378|340|340|313|312|345|341|284|343|382|340|318
Iteração que foi encontrado o Melhor Global: 944
Quantas vezes o Melhor Global foi alterado (Lembrando que a verificação na inicialização acumula nesse contador): 13
Particula Inicial do melhor global:
0,016961|0,912417|0,040311|2,454196|1,205320|2,920606|0,072558|0,994229|1,587842|0,607451|2,076075|2,303118|2,551305|0,869808|2,447087|
Particula Final do melhor global:
2,481366|1,665732|1,337661|2,075115|2,217592|1,522364|1,442262|2,270380|0,836325|0,485365|1,790154|0,707604|2,360570|0,450552|2,482996|
A melhor solução desse PSO é:
13 9 11 8 
2 6 5 1 10 
3 4 7 12 0 14 
Quantidade de trocas de:13,000000
Makespan: 283,000000
