222|210|177|215|231|311|231|241|190|274|299|199|201|222|366|223|213|177|192|222|234|221|258|289|215|275|229|254|179|197|291|274|249|239|198|300|322|219|295|235|228|188|216|230|269|184|349|206|186|220|204|234|274|193|209|248|247|191|307|241|289|331|180|237|242|187|196|177|193|251|203|247|208|191|265|202|233|243|244|224|220|197|239|246|226|197|339|174|264|324|232|243|217|211|232|297|236|249|270|214|196|219|200|233|187|170|270|236|299|272|244|168|216|334|217|255|254|189|394|248|209|178|223|241|312|223|245|183|293|173|195|315|224|213|314|180|226|204|192|245|224|269|229|228|241|201|237|212|292|252
165|163|163|167|163|163|166|163|163|163|165|168|165|163|165|165|163|163|163|163|163|163|163|163|165|163|165|163|163|164|163|166|166|164|163|168|164|164|163|163|163|165|163|166|163|164|163|164|163|165|165|163|163|163|163|163|163|163|164|163|166|164|164|163|166|163|166|163|166|163|163|164|163|163|165|163|163|163|169|167|163|165|165|164|163|167|164|163|164|166|163|163|165|165|163|163|163|166|165|163|163|165|164|163|168|165|165|166|164|164|163|163|166|164|163|163|163|163|165|164|167|163|165|164|163|164|166|163|163|164|163|163|163|163|163|164|165|166|166|163|163|163|163|163|163|166|163|163|163|163
Iteração que foi encontrado o Melhor Global: 38
Quantas vezes o Melhor Global foi alterado (Lembrando que a verificação na inicialização acumula nesse contador): 5
Particula Inicial do melhor global:
2,682423|1,812377|2,870309|0,358268|0,534387|2,830575|1,521179|0,961538|0,134648|2,218436|2,689377|1,657824|0,457121|0,307669|0,346576|
Particula Final do melhor global:
1,074925|2,415366|1,298935|2,585659|2,393332|0,674265|1,901514|1,369579|0,957807|0,250601|2,224292|0,193037|1,353918|0,873426|1,518261|
A melhor solução desse PSO é:
11 9 5 13 8 
0 2 12 7 14 6 
10 4 1 3 
Quantidade de trocas de:0,000000
Makespan: 163,000000
