313|238|275|243|250|360|273|267|241|394|235|294|345|232|331|283|239|274|289|207|290|281|273|261|318|382|320|206|309|306|301|254|196|271|215|241|226|271|212|250|204|237|310|410|274|359|427|306|227|373|257|315|238|259|344|250|291|287|236|258|293|241|242|295|306|339|281|191|240|217|221|228|298|229|199|248|275|218|256|260|273|218|212|290|261|237|332|286|225|259|350|295|330|276|227|248|365|251|309|254|276|190|242|322|280|266|322|254|237|312|267|225|190|240|327|240|229|359|326|343|300|238|270|256|305|280|202|202|275|303|278|280|289|339|220|265|295|317|253|261|216|259|337|217|241|270|206|303|224|325
173|172|179|172|190|183|184|184|184|172|184|172|177|176|177|179|184|172|172|172|183|184|172|172|179|177|172|172|172|172|173|182|182|177|178|183|183|172|172|179|172|183|172|180|172|172|172|179|179|177|172|182|179|182|178|172|182|179|172|182|179|178|184|179|178|185|172|182|179|179|172|179|189|182|182|172|172|172|172|183|183|183|181|172|184|177|172|172|178|183|178|172|172|184|179|181|182|172|179|182|179|177|181|172|172|182|184|172|179|172|180|182|184|184|185|172|184|182|182|182|182|179|179|172|172|187|172|172|179|172|172|182|178|172|179|172|188|183|172|182|172|188|186|179|172|184|179|184|176|179
Iteração que foi encontrado o Melhor Global: 457
Quantas vezes o Melhor Global foi alterado (Lembrando que a verificação na inicialização acumula nesse contador): 10
Particula Inicial do melhor global:
0,698205|2,892032|0,284677|0,848353|1,753177|0,954775|1,120766|0,773071|0,414845|1,016336|0,014396|0,461104|1,438370|0,895318|2,068953|
Particula Final do melhor global:
2,914055|0,620401|1,032506|2,357898|0,432579|1,771034|1,029069|0,498428|1,703844|2,070709|0,719732|0,718834|1,321908|2,322196|1,311813|
A melhor solução desse PSO é:
4 7 1 11 10 
6 2 14 12 8 5 
9 13 3 0 
Quantidade de trocas de:1,000000
Makespan: 172,000000
