1319|932|1261|705|777|1402|850|1116|534|666|1108|878|958|738|655|584|794|528|623|482|641|716|685|715|968|687|975|640|615|924|838|1309|1149|707|733|651|670|775|717|730|867|622|623|936|958|760|773|789|605|842|751|840|790|640|726|556|477|535|950|737|830|628|1017|641|778|751|728|866|972|598|827|898|842|963|1365|981|711|919|1066|824|851|643|606|661|589|446|680|743|509|684|1338|602|625|906|943|1029|548|830|715|826|550|500|894|1018|638|599|531|861|790|678|1078|574|953|756|767|575|640|874|639|856|685|511|742|704|538|931|803|943|815|702|576|776|877|667|909|526|735|1189|662|557|700|771|791|775|592|508|544|670|666|913
328|328|328|328|328|328|328|328|328|328|328|328|328|387|328|328|328|328|328|328|328|328|328|328|328|328|328|328|328|328|328|328|328|328|328|328|328|328|328|328|328|328|328|328|328|328|328|328|328|328|328|328|328|328|328|328|383|328|328|328|328|328|328|328|328|328|328|328|328|328|328|328|328|328|328|328|328|328|328|328|328|328|328|328|328|328|328|328|328|328|328|328|357|328|380|328|328|328|328|328|328|328|328|328|328|328|328|328|328|328|405|328|328|328|328|328|328|328|328|328|328|328|328|328|328|328|328|328|328|328|328|328|328|328|328|328|328|328|328|364|328|328|328|328|328|398|328|328|328|328
Iteração que foi encontrado o Melhor Global: 14
Quantas vezes o Melhor Global foi alterado (Lembrando que a verificação na inicialização acumula nesse contador): 7
Particula Inicial do melhor global:
0,731344|0,173120|0,662180|2,955704|0,280786|2,589906|0,797112|2,493618|1,549441|1,442599|1,365365|0,543437|1,126065|1,320100|0,049098|
Particula Final do melhor global:
1,360664|0,816839|0,626302|2,415259|1,192265|1,387024|0,556914|2,638582|0,506830|1,786655|1,139968|2,371408|2,033893|2,253727|0,324994|
A melhor solução desse PSO é:
14 8 6 2 1 
10 4 0 5 9 
12 13 11 3 7 
Quantidade de trocas de:5,000000
Makespan: 328,000000
