1360|1494|1080|1332|1947|1372|1102|1882|1498|1282|2111|1468|1194|1052|1413|1309|1280|1218|955|1736|1065|1300|1362|1267|1248|1544|1507|1355|1077|1623|1980|1345|1995|1259|1063|1131|1295|1043|1185|1104|1590|1173|1001|1653|1346|1444|1137|1451|1110|1155|1462|1290|1227|999|1656|1018|1608|1164|1363|1610|1307|1706|1062|1268|1243|1444|1347|1649|1854|1368|1378|1526|1215|1188|1328|1137|1366|1058|1333|1642|1124|1067|1293|1680|1079|1229|1324|1872|1491|1319|1837|1406|1368|1649|965|1622|1220|1133|1209|1634|1571|1246|1303|1411|1266|1824|1297|2200|1144|1199|1312|1118|1321|1097|1254|1228|1424|1431|1182|1343|1262|1348|1153|1038|1337|1480|1530|1342|2099|1146|1327|1828|1321|1114|1058|1003|1578|1489|1083|1027|1430|1102|1305|1368|1029|1374|2073|1603|1195|1129
705|705|692|721|721|705|705|721|721|721|654|721|705|654|705|721|705|721|692|712|759|692|721|778|736|721|734|692|705|721|705|654|759|705|705|721|654|758|803|692|654|705|721|654|757|705|721|654|654|705|705|654|721|714|721|705|721|705|721|654|730|705|705|721|750|654|654|705|752|705|721|705|788|705|736|721|705|754|705|705|721|765|705|705|721|705|705|734|654|705|705|705|654|692|705|654|754|721|705|705|721|705|755|705|705|654|654|759|654|705|705|772|705|721|692|654|705|710|705|705|763|654|748|781|680|705|721|721|761|654|705|747|725|705|705|705|777|712|654|705|654|654|654|714|820|705|721|705|750|721
Iteração que foi encontrado o Melhor Global: 442
Quantas vezes o Melhor Global foi alterado (Lembrando que a verificação na inicialização acumula nesse contador): 8
Particula Inicial do melhor global:
0,555909|1,096424|1,878243|1,030712|0,643912|1,856091|0,950041|0,416824|1,784300|0,919774|0,048441|0,717401|0,248559|0,952281|0,906000|
Particula Final do melhor global:
0,624386|1,678378|1,474056|1,224107|0,511670|0,120649|1,550418|0,883391|0,498357|1,402529|1,913537|1,621875|0,771103|1,888193|0,446842|
A melhor solução desse PSO é:
5 14 8 4 0 12 7 
3 9 2 6 11 1 13 10 
Quantidade de trocas de:12,000000
Makespan: 654,000000
