258|302|418|293|250|377|476|360|272|263|296|263|299|368|281|304|331|348|326|335|311|353|225|409|366|286|231|326|299|322|305|283|391|223|275|291|308|299|281|506|303|225|273|251|291|326|257|282|257|423|289|327|306|235|413|381|347|329|281|403|240|255|316|316|251|343|337|408|273|305|373|302|340|267|243|224|307|362|293|293|212|225|249|253|360|286|327|301|315|287|451|304|258|333|349|236|269|270|295|248|307|302|338|298|262|229|235|253|272|319|343|318|330|325|305|357|266|315|254|223|269|275|341|332|276|371|336|283|309|237|296|284|253|296|369|237|339|231|280|256|331|293|272|275|286|235|342|335|420|382
197|197|199|202|201|197|197|198|201|197|199|201|198|197|197|197|197|202|202|202|198|204|201|202|197|198|202|199|197|205|198|198|201|197|200|200|197|203|198|204|197|197|200|197|198|197|198|201|197|203|197|197|198|197|197|197|200|202|197|204|202|201|201|197|206|207|198|199|197|197|206|197|203|197|197|206|198|204|200|203|205|197|202|197|198|198|201|197|202|197|197|197|197|197|197|211|205|197|198|203|202|197|201|200|197|198|206|198|197|197|197|197|198|201|198|197|197|208|197|210|200|203|197|197|198|197|201|197|197|197|197|198|197|198|200|197|202|207|197|200|197|197|197|199|197|203|197|200|197|197
Iteração que foi encontrado o Melhor Global: 391
Quantas vezes o Melhor Global foi alterado (Lembrando que a verificação na inicialização acumula nesse contador): 6
Particula Inicial do melhor global:
0,809244|1,332032|0,453295|1,810327|1,528445|1,832818|1,924174|2,259460|2,396322|1,256194|1,926039|1,017262|0,014702|0,066062|0,643812|
Particula Final do melhor global:
1,386046|1,073459|0,216182|1,235318|0,864644|0,409876|1,677617|2,644038|2,495878|2,215029|0,885582|1,665105|2,272156|2,305568|0,835706|
A melhor solução desse PSO é:
2 5 14 4 10 
1 3 0 11 6 
9 12 13 8 7 
Quantidade de trocas de:14,000000
Makespan: 197,000000
