429|767|923|577|808|725|625|554|626|571|715|639|659|854|671|778|712|720|528|1110|741|704|643|464|898|621|745|792|704|518|682|694|762|619|545|554|705|599|799|557|605|542|508|542|652|929|563|769|695|534|663|685|607|708|623|718|694|651|767|623|878|685|719|722|546|598|488|507|491|614|850|507|678|1009|608|485|508|448|795|513|622|579|650|542|594|940|622|478|589|919|537|628|693|961|596|505|530|590|817|1021|580|688|551|973|706|547|520|550|617|495|906|529|606|592|472|822|806|771|619|620|659|434|640|641|774|733|822|686|935|477|1107|874|778|710|716|716|715|601|712|684|800|664|668|666|643|555|505|510|746|465
348|303|314|375|335|390|303|364|347|354|361|303|378|360|349|316|386|303|326|303|378|350|354|366|303|362|320|336|342|355|357|307|404|338|326|328|388|370|369|308|365|371|344|337|382|375|325|354|357|303|303|379|336|356|316|338|303|360|316|377|384|343|371|346|368|327|303|388|362|327|307|303|357|313|380|351|303|303|317|345|337|314|305|367|303|355|340|338|357|338|356|316|348|349|303|349|330|316|372|338|343|303|344|340|350|303|348|386|342|314|364|348|316|346|337|333|336|316|363|379|343|366|338|348|369|347|326|362|303|303|326|316|350|372|322|349|351|303|327|337|303|362|360|404|314|377|303|351|333|384
Iteração que foi encontrado o Melhor Global: 357
Quantas vezes o Melhor Global foi alterado (Lembrando que a verificação na inicialização acumula nesse contador): 13
Particula Inicial do melhor global:
1,450977|0,614354|1,592737|0,573512|0,174698|0,534889|2,578400|1,723300|2,912304|2,351752|2,612978|1,798330|2,030502|0,661759|2,890022|
Particula Final do melhor global:
2,178608|1,873180|2,082174|2,507886|2,227897|2,074275|0,539177|2,179398|0,336434|1,531749|1,525970|1,986776|0,430551|0,290593|1,673468|
A melhor solução desse PSO é:
13 8 12 6 
10 9 14 1 11 
5 2 0 7 4 3 
Quantidade de trocas de:14,000000
Makespan: 303,000000
