523|905|905|574|767|904|564|705|508|1056|535|1166|966|512|1254|681|750|702|742|782|1202|783|1072|763|789|536|881|1358|657|893|679|630|905|603|1104|1006|1179|550|679|897|653|713|716|478|674|929|751|651|732|576|840|790|803|856|597|721|643|896|416|863|634|610|885|532|559|538|746|819|968|530|630|944|637|586|608|767|764|497|749|1103|883|1226|690|1378|653|961|648|759|400|777|902|518|1040|957|622|658|795|666|801|541|569|669|648|540|828|712|691|491|666|920|702|694|720|762|706|783|517|605|467|521|907|617|559|817|1051|1004|678|854|531|821|793|687|683|724|663|1176|883|530|1145|687|949|667|894|726|989|826|623|460|739|749
299|296|341|296|296|296|296|416|389|296|296|403|296|296|296|296|299|296|296|364|321|296|296|299|296|296|296|296|296|296|296|299|296|296|375|296|296|372|296|347|296|296|296|296|296|299|299|296|296|296|296|296|296|296|296|347|296|296|386|299|296|296|296|299|296|296|299|296|296|296|296|296|296|296|299|296|296|296|296|296|296|296|296|296|299|296|296|296|372|323|299|296|347|296|296|296|296|296|296|296|296|296|296|414|296|296|296|296|296|296|347|296|296|296|296|296|321|296|296|296|296|296|296|296|296|296|296|296|296|296|296|296|296|296|341|296|321|296|296|296|296|296|296|296|296|299|296|296|299|296
Iteração que foi encontrado o Melhor Global: 105
Quantas vezes o Melhor Global foi alterado (Lembrando que a verificação na inicialização acumula nesse contador): 6
Particula Inicial do melhor global:
1,863424|1,540727|2,374681|2,255289|1,047358|1,430568|1,280800|0,204691|0,618124|1,686410|0,595088|2,637760|0,465776|2,357672|0,744674|
Particula Final do melhor global:
2,317246|1,695927|1,238832|2,111119|1,943129|2,582749|0,753150|0,810069|0,530419|0,835738|1,764706|1,686104|2,150522|2,132927|2,218246|
A melhor solução desse PSO é:
8 6 7 9 
2 11 1 10 4 
3 13 12 14 0 5 
Quantidade de trocas de:4,000000
Makespan: 296,000000
