681|569|414|531|537|541|583|533|528|712|552|657|912|485|823|827|500|729|485|534|588|553|595|731|644|651|640|566|545|605|518|685|645|882|682|493|409|972|699|538|870|742|452|588|1160|731|613|523|790|455|975|860|659|345|538|670|821|662|717|490|696|639|611|489|495|332|697|693|553|608|383|929|657|1120|623|1025|526|809|711|598|722|672|467|825|494|492|634|569|549|497|657|712|678|930|463|596|421|622|687|667|940|640|387|576|889|604|462|433|494|606|427|484|477|609|536|674|833|691|798|582|894|776|568|709|641|986|470|1124|903|592|632|750|538|596|663|632|574|514|741|528|604|1238|672|705|603|587|597|452|628|720
276|252|274|252|252|252|274|276|276|276|274|276|276|273|276|301|274|274|274|252|276|282|252|252|309|276|289|274|274|274|252|276|276|252|274|276|276|252|274|274|276|267|274|252|276|276|289|276|276|274|274|254|276|288|252|276|274|276|291|276|274|259|276|279|252|274|274|274|274|252|252|274|252|274|276|274|252|252|274|274|276|276|252|252|276|252|276|282|274|300|252|274|289|276|274|276|274|276|286|282|274|274|252|276|252|276|300|252|296|289|260|274|317|276|276|276|274|276|252|252|252|252|276|276|276|274|252|276|280|276|282|297|252|276|286|288|304|259|276|274|274|276|276|274|276|274|276|276|274|276
Iteração que foi encontrado o Melhor Global: 649
Quantas vezes o Melhor Global foi alterado (Lembrando que a verificação na inicialização acumula nesse contador): 8
Particula Inicial do melhor global:
2,415570|0,464070|0,897334|2,613101|1,797312|2,811364|0,716438|1,350609|2,503894|2,454743|2,817112|1,003900|0,863657|2,935432|0,751832|
Particula Final do melhor global:
0,655931|2,270797|2,263963|0,777746|2,277762|0,296321|1,738914|2,780094|1,661194|1,373793|2,398668|2,783079|0,848579|0,453521|0,883427|
A melhor solução desse PSO é:
5 13 0 3 12 14 
9 8 6 
2 1 4 10 7 11 
Quantidade de trocas de:5,000000
Makespan: 252,000000
