169|180|191|173|186|199|198|182|373|224|328|293|211|324|300|213|225|558|270|155|171|208|275|146|354|157|226|477|251|303|213|345|256|285|271|175|529|213|169|206|416|427|160|168|211|325|212|298|202|434|207|377|476|220|158|349|230|443|257|265|254|179|240|212|224|263|283|188|185|182|204|483|158|348|163|192|462|338|198|193|365|273|173|271|200|169|352|222|242|178|375|196|218|509|242|303|204|190|191|233|174|330|210|442|294|266|211|173|165|547|230|249|304|172|193|252|212|224|175|278|229|172|159|199|354|244|400|206|440|192|257|373|196|194|327|298|194|185|272|202|404|192|201|190|277|154|430|317|290|294
142|143|143|142|142|142|142|142|142|144|144|142|142|145|143|142|142|142|142|143|142|142|142|142|142|142|148|144|144|142|142|142|143|142|142|142|142|142|142|142|142|142|145|142|144|146|142|142|144|142|142|142|142|143|142|142|145|142|142|142|142|146|142|142|142|142|143|142|142|142|144|142|143|144|143|142|143|142|143|143|142|142|142|142|143|142|142|142|145|142|143|142|143|142|142|146|145|142|142|143|142|142|145|142|142|142|142|142|142|142|142|143|143|142|142|144|142|142|142|142|142|145|143|142|142|145|142|142|142|145|142|144|144|142|144|142|143|142|143|143|143|142|142|142|142|142|142|142|142|142
Iteração que foi encontrado o Melhor Global: 25
Quantas vezes o Melhor Global foi alterado (Lembrando que a verificação na inicialização acumula nesse contador): 4
Particula Inicial do melhor global:
1,710154|0,159375|2,021519|2,934489|1,305322|1,377443|2,212251|0,123655|0,404006|2,050084|0,647619|1,165756|2,361032|2,663099|2,540858|
Particula Final do melhor global:
1,305510|2,641464|1,610412|2,173914|0,817075|0,128466|0,107544|2,814816|1,265233|1,710166|1,375781|0,254731|2,463505|0,968423|1,286577|
A melhor solução desse PSO é:
6 5 11 4 13 
8 14 0 10 2 9 
3 12 1 7 
Quantidade de trocas de:0,000000
Makespan: 142,000000
