1447|1210|1272|1332|1109|1514|1398|1217|1530|1302|1069|1161|1083|1071|1156|1139|1583|1837|1837|1506|1156|1117|1051|1150|1374|1456|970|1281|1095|1715|1196|1526|1343|1160|1546|1275|1294|1223|1158|1232|1341|1516|1319|2076|1440|1423|1263|1051|1094|1262|1503|1092|1537|1352|2076|1041|1333|1342|1278|1061|1182|1235|1516|1835|1436|1215|1118|1273|1365|1227|1170|1413|1068|1182|1289|1479|1030|999|1726|1189|1565|952|1123|1209|1430|1212|1536|1279|1244|1173|1398|1357|1185|1367|1341|1459|1267|1137|1371|1290|1283|1019|1605|965|1356|1567|1465|1069|1034|1201|1789|1474|1215|1162|1517|987|1272|1386|1083|975|1682|1454|1127|1475|1053|1362|1022|1840|1517|1084|1206|1259|1139|1023|1017|1559|1347|1448|1138|1332|1194|1075|1636|1508|1674|1870|1059|1145|1197|1667
725|725|725|658|725|725|658|770|766|725|681|782|658|725|725|658|725|658|725|658|765|658|701|755|738|747|658|725|778|745|768|725|658|701|658|725|658|658|658|658|658|658|748|658|768|725|725|725|725|658|658|754|768|658|658|658|681|725|781|658|757|725|658|757|678|658|725|781|782|765|725|725|725|736|804|742|725|725|772|792|818|749|678|747|818|725|658|658|715|734|747|725|782|781|725|658|678|658|725|792|658|725|658|658|725|791|765|681|725|678|658|788|780|748|792|739|701|681|769|658|754|725|725|658|658|658|725|725|725|658|725|725|747|767|803|725|725|658|723|678|783|701|760|759|658|725|658|678|658|734
Iteração que foi encontrado o Melhor Global: 438
Quantas vezes o Melhor Global foi alterado (Lembrando que a verificação na inicialização acumula nesse contador): 11
Particula Inicial do melhor global:
1,207183|1,512340|1,573517|1,766882|1,636786|0,382447|0,658727|1,922876|0,108284|1,805539|1,103532|0,239454|0,809625|1,409980|0,729179|
Particula Final do melhor global:
1,081486|0,493377|0,374656|1,778882|0,697324|0,592261|1,266045|1,006324|1,918052|1,615498|0,765777|0,566706|1,343313|0,451940|0,234097|
A melhor solução desse PSO é:
14 2 13 1 11 5 4 10 
7 0 6 12 9 3 8 
Quantidade de trocas de:12,000000
Makespan: 658,000000
