843|395|568|772|702|695|613|579|537|573|659|656|536|787|717|461|747|837|788|477|730|594|960|500|594|993|788|674|557|735|1065|681|681|543|549|878|721|908|731|729|491|878|658|658|467|761|529|600|1027|750|634|485|489|506|587|883|487|601|608|919|773|591|579|862|668|893|637|532|536|664|662|478|571|1002|591|843|621|638|701|916|882|673|567|929|512|577|591|844|693|644|804|610|582|696|579|627|659|541|735|582|615|967|576|882|930|458|493|594|968|736|617|636|614|667|510|512|423|481|850|509|636|764|619|566|530|758|804|646|591|633|643|810|525|801|569|573|584|689|572|502|630|832|733|523|566|637|832|535|1102|571
323|323|323|323|323|323|323|323|323|323|323|323|323|323|323|323|323|323|323|323|323|323|323|323|323|323|323|323|323|323|323|323|323|323|323|323|323|323|323|323|323|323|323|323|323|323|323|323|323|323|323|323|323|323|323|323|323|323|323|323|323|323|323|323|323|323|323|323|323|323|323|323|323|323|323|323|323|323|323|323|323|323|323|323|323|323|323|323|323|323|323|323|323|323|323|323|323|323|323|323|323|323|323|323|323|323|323|323|323|323|323|323|323|323|323|323|323|323|323|323|323|323|323|323|323|323|323|323|323|323|323|323|323|323|323|323|323|323|323|323|323|323|366|323|323|323|323|323|323|323
Iteração que foi encontrado o Melhor Global: 4
Quantas vezes o Melhor Global foi alterado (Lembrando que a verificação na inicialização acumula nesse contador): 4
Particula Inicial do melhor global:
0,738044|0,526503|0,112351|0,053775|1,803274|1,722445|0,126700|0,023081|0,684193|0,012132|1,500778|1,547380|1,200535|0,087131|0,691158|
Particula Final do melhor global:
1,608399|0,982603|1,174351|0,086977|0,644892|1,281060|1,681456|1,357647|1,051947|1,110036|0,781285|1,705546|0,837453|0,057588|0,319594|
A melhor solução desse PSO é:
13 3 14 4 10 12 1 
8 9 2 5 7 0 6 11 
Quantidade de trocas de:3,000000
Makespan: 323,000000
