254|366|303|260|284|305|220|245|265|297|311|413|320|301|250|281|271|327|247|314|268|307|335|346|234|301|220|265|234|421|233|302|232|227|334|306|392|266|248|287|275|257|325|298|279|235|310|347|281|255|377|238|294|391|300|221|287|335|229|231|378|305|232|338|282|244|234|260|327|324|300|290|265|329|260|255|290|327|316|430|316|263|223|241|356|367|215|262|351|312|443|324|238|391|300|252|381|265|402|255|237|318|372|435|397|260|303|336|437|308|245|355|239|244|316|261|365|366|288|281|309|246|224|346|381|327|281|234|244|283|336|274|419|266|396|242|426|325|276|291|236|264|244|291|271|327|292|369|236|277
205|203|203|202|201|202|204|202|198|200|198|197|197|202|199|199|197|199|203|200|206|204|209|199|197|203|200|203|202|197|197|199|199|199|197|201|197|203|208|202|200|199|199|201|203|206|201|199|199|204|205|197|205|202|203|199|197|203|197|197|206|199|199|197|199|199|203|201|197|204|205|197|197|205|205|197|199|206|204|197|197|201|204|202|197|197|205|202|197|206|199|197|203|197|201|201|206|198|202|197|199|200|199|206|203|202|208|199|199|197|199|201|200|203|204|201|204|203|197|202|204|202|205|207|202|205|199|207|202|200|197|202|197|199|200|197|206|197|200|199|200|201|204|205|208|197|203|197|197|206
Iteração que foi encontrado o Melhor Global: 391
Quantas vezes o Melhor Global foi alterado (Lembrando que a verificação na inicialização acumula nesse contador): 8
Particula Inicial do melhor global:
2,940081|1,617131|0,602614|2,782329|2,018238|1,152255|0,403457|1,540948|0,121158|0,309438|1,650548|1,089202|0,212431|0,077162|2,369894|
Particula Final do melhor global:
1,260008|0,455837|0,240922|2,692159|2,148761|0,787523|2,460495|1,326807|0,711583|2,949308|1,104117|2,646674|1,620479|0,676155|1,136939|
A melhor solução desse PSO é:
2 1 13 8 5 
10 14 0 7 12 
4 6 11 3 9 
Quantidade de trocas de:11,000000
Makespan: 197,000000
