316|667|709|256|504|329|438|429|422|447|796|401|746|381|423|451|427|442|367|460|642|387|280|953|259|468|313|532|714|633|895|475|275|426|711|296|275|576|444|373|461|308|642|279|324|488|380|326|646|403|681|462|601|377|633|408|518|573|600|358|640|434|350|342|750|447|720|539|493|483|440|456|368|466|334|339|283|478|459|505|537|647|304|408|423|437|329|316|628|339|478|591|619|265|458|500|407|466|450|610|318|517|698|589|442|545|453|334|564|445|269|471|364|481|449|434|484|495|764|437|321|276|438|613|520|263|312|593|464|668|447|495|764|401|736|359|612|535|439|414|477|282|512|316|411|541|510|535|246|618
147|147|147|147|147|147|147|147|147|147|147|147|147|147|147|147|147|147|147|147|147|147|147|147|164|147|147|147|147|147|147|147|147|147|147|147|147|147|147|147|147|147|147|147|147|147|147|147|147|147|147|147|147|147|147|147|147|147|147|152|147|147|147|147|147|147|147|147|147|147|147|147|147|147|152|147|147|147|147|147|147|147|147|147|147|147|147|147|147|147|147|147|147|147|147|147|147|147|147|147|147|147|147|156|147|147|147|147|147|147|147|147|147|147|147|147|147|147|147|147|147|147|147|147|147|147|147|147|147|147|147|147|147|147|147|147|147|147|147|147|147|147|147|147|147|147|147|147|147|147
Iteração que foi encontrado o Melhor Global: 3
Quantas vezes o Melhor Global foi alterado (Lembrando que a verificação na inicialização acumula nesse contador): 4
Particula Inicial do melhor global:
0,470117|1,241435|0,566847|0,939250|2,069113|2,139262|2,728214|1,200994|2,796221|1,688498|0,566066|0,696486|2,019615|2,578853|1,951503|
Particula Final do melhor global:
1,046015|0,412914|2,425791|1,826047|0,667285|2,145892|2,909065|1,080992|0,872750|2,516510|0,579509|2,327976|1,476317|0,909159|0,716282|
A melhor solução desse PSO é:
1 10 4 14 8 13 
0 7 12 3 
5 11 2 9 6 
Quantidade de trocas de:0,000000
Makespan: 147,000000
