573|733|763|743|670|647|748|785|671|767|784|563|574|629|978|664|963|721|601|658|618|704|962|799|852|731|546|547|538|625|703|564|967|1113|617|925|727|890|635|615|799|856|680|975|878|604|612|726|791|584|1051|586|711|583|1088|885|481|804|568|624|618|934|688|1159|711|706|652|523|659|636|649|628|915|795|903|588|648|638|609|961|673|532|472|569|606|737|534|719|616|553|635|624|676|560|739|825|739|797|593|814|434|667|688|482|590|624|573|831|756|731|576|566|716|799|574|815|1003|620|898|652|859|967|957|597|869|1048|777|654|776|1110|665|672|797|717|1056|862|872|685|892|981|668|506|598|574|689|542|838|620|559|913
390|333|371|333|333|356|382|356|377|367|385|333|359|347|333|390|356|347|333|377|390|333|390|390|397|390|333|333|362|333|422|362|390|333|333|333|362|390|399|385|385|356|336|362|333|356|351|336|408|377|357|333|344|407|343|372|376|359|362|357|390|390|411|377|373|390|401|357|365|333|383|356|390|355|333|356|356|358|333|394|412|333|342|344|389|333|355|361|396|390|344|333|344|361|333|344|384|390|385|333|392|374|395|333|336|355|395|365|345|377|333|356|333|355|392|385|344|373|344|359|385|390|355|356|390|385|355|390|333|398|344|354|367|363|384|396|421|385|408|374|374|342|333|351|403|336|355|344|367|333
Iteração que foi encontrado o Melhor Global: 491
Quantas vezes o Melhor Global foi alterado (Lembrando que a verificação na inicialização acumula nesse contador): 15
Particula Inicial do melhor global:
0,320687|1,161733|1,504892|2,922817|1,262156|0,610074|0,460341|2,114113|2,039259|0,595847|2,389886|2,113841|0,304975|2,442092|1,936487|
Particula Final do melhor global:
0,193454|1,092721|1,118420|2,352318|0,576516|2,597508|1,275952|0,000905|1,247391|0,164449|2,144733|2,408781|0,465343|0,255969|2,165770|
A melhor solução desse PSO é:
7 9 0 13 12 4 
1 2 8 6 
10 14 3 11 5 
Quantidade de trocas de:13,000000
Makespan: 333,000000
