494|380|461|689|812|581|835|513|435|515|564|657|940|515|720|544|621|837|623|578|808|567|480|424|625|781|773|435|740|616|590|468|622|589|634|587|630|707|577|501|559|711|966|407|535|448|584|578|807|430|747|807|522|972|641|713|482|717|564|924|943|479|657|654|810|642|424|945|567|645|661|557|597|770|539|593|808|405|688|488|654|658|698|556|565|650|577|476|632|663|643|655|819|460|688|722|1006|878|525|846|606|614|618|616|593|942|673|652|505|434|688|775|752|763|533|531|573|460|736|695|695|540|460|617|965|494|718|578|591|685|921|559|599|462|457|458|665|636|490|556|872|458|819|820|812|522|656|550|541|1031
280|261|257|250|250|250|272|257|250|250|250|250|250|250|250|250|250|250|250|273|250|268|250|250|250|257|250|250|250|250|275|250|250|250|250|250|250|250|250|270|292|250|257|300|250|250|250|259|250|250|257|250|250|272|250|257|257|250|250|292|275|250|250|250|250|250|250|268|272|272|250|257|250|270|257|250|250|250|250|250|250|268|250|250|250|257|261|250|250|250|250|257|250|250|250|250|250|250|273|250|250|250|250|257|250|250|250|250|250|250|250|275|292|250|250|250|250|292|250|257|250|250|250|250|250|250|250|250|250|250|250|250|250|250|250|250|264|250|250|250|250|250|250|250|250|250|250|250|250|273
Iteração que foi encontrado o Melhor Global: 72
Quantas vezes o Melhor Global foi alterado (Lembrando que a verificação na inicialização acumula nesse contador): 9
Particula Inicial do melhor global:
2,547478|0,301906|0,754549|0,220546|1,946923|2,827461|0,012881|2,187002|2,579523|0,206705|1,917361|2,778437|1,920448|1,786391|1,883301|
Particula Final do melhor global:
2,554333|0,346838|0,341059|2,861145|1,916723|2,726666|0,509545|1,781190|1,573046|0,293269|2,390568|1,148239|2,049026|2,250620|0,720917|
A melhor solução desse PSO é:
9 2 1 6 14 
11 8 7 4 
12 13 10 0 5 3 
Quantidade de trocas de:5,000000
Makespan: 250,000000
