222|311|211|216|188|297|355|282|212|218|236|356|189|210|221|212|181|198|262|245|295|173|191|206|255|192|310|236|193|224|258|263|238|300|247|228|284|211|190|223|191|190|214|266|367|198|269|198|183|284|332|252|206|212|199|360|218|274|225|196|277|209|203|214|247|240|231|236|416|257|198|187|277|266|292|195|191|237|353|252|220|240|194|249|286|213|216|241|300|212|244|343|328|220|286|252|233|206|227|250|227|231|197|290|291|209|167|274|267|202|258|229|307|249|224|229|186|188|208|226|208|275|185|319|259|239|220|228|203|355|218|193|209|206|334|218|227|288|313|240|187|210|322|195|336|230|202|252|312|184
163|165|163|163|164|165|166|165|163|163|163|163|163|164|166|163|163|163|163|163|164|164|165|163|166|163|163|165|163|164|163|163|165|165|163|163|164|163|164|163|163|163|163|163|164|163|166|163|164|164|167|164|163|163|165|163|163|163|163|165|164|163|163|163|166|163|163|163|163|164|166|163|163|163|163|163|163|163|164|166|163|164|163|164|163|163|163|163|163|163|164|164|163|163|163|164|163|168|163|163|163|163|163|163|164|163|167|163|165|163|163|163|163|163|163|163|163|163|163|164|163|163|163|163|164|164|163|163|164|167|164|165|165|163|163|164|167|165|164|166|163|165|163|164|163|163|163|163|163|163
Iteração que foi encontrado o Melhor Global: 43
Quantas vezes o Melhor Global foi alterado (Lembrando que a verificação na inicialização acumula nesse contador): 5
Particula Inicial do melhor global:
2,464715|0,470145|0,577900|0,117751|1,064647|1,662600|0,810995|1,992453|1,452585|2,784052|1,541916|1,995244|1,187662|0,952542|2,996101|
Particula Final do melhor global:
1,724177|2,462431|1,615611|2,358973|2,628005|1,047696|1,587897|0,648656|2,809486|0,867080|0,281026|1,638854|1,144332|0,110549|0,876005|
A melhor solução desse PSO é:
13 10 7 9 14 
5 12 6 2 11 0 
3 1 4 8 
Quantidade de trocas de:0,000000
Makespan: 163,000000
