444|757|524|369|330|450|402|291|412|860|561|467|450|330|413|296|613|506|543|598|743|434|569|415|501|308|511|480|614|942|537|292|532|366|727|534|598|407|391|476|367|423|404|395|430|457|391|335|530|373|549|456|486|381|628|548|617|475|533|492|506|459|436|414|397|416|356|494|460|393|411|605|370|810|560|436|376|334|437|890|375|560|529|447|394|342|611|458|429|561|286|335|499|279|613|455|502|469|342|379|485|381|558|420|472|390|410|367|290|566|613|431|316|681|597|570|685|585|379|486|430|529|457|466|413|501|379|308|363|466|321|466|375|569|671|416|554|423|189|327|319|362|365|545|388|512|399|324|662|606
176|174|163|169|163|163|172|163|163|163|173|180|167|173|167|163|181|174|176|163|189|174|163|163|176|163|174|163|163|163|163|163|163|189|163|163|163|163|178|163|174|163|165|163|163|172|178|163|163|163|163|171|163|174|163|205|174|163|163|169|163|175|163|163|168|179|163|172|183|178|220|163|163|163|174|163|174|175|163|163|163|163|163|176|178|183|163|163|170|163|163|174|165|163|163|163|163|163|174|163|163|163|168|163|171|163|163|174|163|163|174|163|172|163|163|174|182|163|163|168|169|163|163|163|163|174|173|163|163|174|178|163|163|174|163|163|174|163|163|182|180|163|163|163|163|163|168|178|163|163
Iteração que foi encontrado o Melhor Global: 266
Quantas vezes o Melhor Global foi alterado (Lembrando que a verificação na inicialização acumula nesse contador): 9
Particula Inicial do melhor global:
2,309771|0,153898|2,334834|1,551792|0,701815|1,708624|1,155468|1,247115|0,205361|2,019399|2,115324|2,973494|1,396352|1,803321|1,715769|
Particula Final do melhor global:
2,943149|2,412381|1,792105|0,529764|2,594035|2,572806|1,074394|0,261533|2,292927|1,612418|2,872553|1,542814|0,268099|0,030636|2,790770|
A melhor solução desse PSO é:
13 7 12 3 
6 11 9 2 
8 1 5 4 14 10 0 
Quantidade de trocas de:0,000000
Makespan: 163,000000
