338|235|369|220|239|207|240|266|196|262|251|219|223|220|240|213|227|258|306|311|351|324|200|259|275|220|337|235|249|256|218|279|209|289|285|278|261|236|250|335|221|221|287|202|246|244|255|324|202|248|233|260|273|285|185|226|231|212|235|234|332|238|196|270|237|193|268|223|190|275|220|230|258|236|310|267|355|266|294|306|263|214|326|247|309|199|234|291|364|221|238|246|268|217|189|245|227|218|328|246|263|223|224|201|226|214|260|229|365|376|213|249|283|188|231|207|269|279|248|275|186|227|274|212|200|236|208|284|317|188|350|348|223|252|252|317|244|248|242|245|308|247|221|270|255|254|267|259|226|263
171|169|169|169|169|169|169|169|169|169|169|171|169|169|169|169|171|169|171|169|169|169|169|169|169|169|169|170|169|169|172|169|169|169|169|169|169|173|172|170|169|169|171|171|170|169|169|169|172|169|169|169|170|169|169|169|169|170|169|169|169|169|171|171|169|171|169|169|171|169|169|169|169|169|169|169|169|169|169|169|169|169|169|169|169|169|171|169|169|169|169|169|169|169|169|169|169|169|169|169|169|172|170|171|169|169|169|169|169|169|169|169|169|169|169|171|169|170|170|169|169|169|169|169|169|169|169|169|170|169|169|169|169|169|169|171|169|169|169|169|169|169|171|169|169|171|172|169|169|169
Iteração que foi encontrado o Melhor Global: 10
Quantas vezes o Melhor Global foi alterado (Lembrando que a verificação na inicialização acumula nesse contador): 6
Particula Inicial do melhor global:
0,973763|0,511825|1,235641|1,125989|1,103366|2,635608|0,270451|2,725717|1,254489|0,181675|1,146401|1,492066|1,825350|0,920688|0,076909|
Particula Final do melhor global:
0,619260|0,964942|1,343194|1,346380|2,675547|0,321625|1,130311|1,802858|0,216611|0,881099|2,137433|2,732458|2,103781|1,412709|1,377183|
A melhor solução desse PSO é:
8 5 0 9 1 
6 2 3 14 13 7 
12 10 4 11 
Quantidade de trocas de:9,000000
Makespan: 169,000000
