293|315|232|420|197|238|226|320|248|269|291|274|298|359|267|227|239|241|306|244|227|338|246|236|205|193|189|217|225|250|283|350|244|284|263|260|215|218|219|273|243|237|239|250|254|248|260|253|245|352|242|206|281|301|205|332|195|302|277|212|204|250|252|212|293|265|302|230|221|209|325|285|250|283|245|356|234|210|214|178|203|213|348|228|236|248|310|244|302|277|244|217|265|190|207|241|257|209|299|256|240|235|185|240|196|233|230|249|334|357|208|241|223|223|324|242|292|280|251|214|264|226|332|260|240|262|274|241|231|231|213|288|240|252|306|242|220|261|278|177|218|353|247|302|316|215|200|188|266|223
172|170|172|172|172|169|174|175|172|177|172|172|172|173|173|173|175|169|173|175|172|177|172|173|177|175|175|172|169|170|172|172|175|172|172|177|174|173|172|178|169|169|172|169|169|174|176|176|169|172|169|171|174|176|169|175|174|176|174|169|176|172|169|176|172|177|176|171|172|175|172|172|176|172|175|174|175|169|173|178|169|175|175|175|169|169|169|169|169|173|172|174|172|172|176|177|170|178|170|175|169|169|175|171|176|175|176|169|169|172|169|169|174|173|172|174|178|172|172|176|175|172|171|174|170|169|169|172|175|175|169|170|171|175|176|169|176|175|176|171|172|172|169|169|169|176|177|177|176|175
Iteração que foi encontrado o Melhor Global: 130
Quantas vezes o Melhor Global foi alterado (Lembrando que a verificação na inicialização acumula nesse contador): 6
Particula Inicial do melhor global:
0,409800|2,457591|0,911129|1,027625|0,786531|0,600677|0,615614|1,327843|0,736312|2,699737|1,818956|1,602511|0,475173|0,223247|1,381507|
Particula Final do melhor global:
0,190765|1,919306|1,452490|1,092805|0,181398|2,828304|1,483375|0,008950|2,890305|0,854601|2,167614|1,223679|0,623921|2,478898|0,829705|
A melhor solução desse PSO é:
7 4 0 12 14 9 
3 11 2 6 1 
10 13 5 8 
Quantidade de trocas de:10,000000
Makespan: 169,000000
