338|272|192|230|303|250|223|262|198|222|216|303|227|212|237|209|328|262|252|331|283|250|213|207|246|225|264|174|199|189|259|272|379|250|230|180|349|282|198|324|199|341|209|212|336|186|246|223|230|240|271|197|254|192|221|216|292|192|266|243|259|349|316|249|229|245|231|401|265|307|235|255|191|174|234|196|212|200|181|277|237|287|234|212|397|178|234|289|275|186|301|243|223|267|220|213|239|189|271|228|206|228|223|290|230|238|240|299|278|327|245|286|340|188|192|228|225|210|276|273|254|231|244|206|357|215|226|241|240|299|300|176|269|297|269|231|243|288|224|235|219|212|212|206|254|321|196|274|220|342
168|168|168|169|168|169|170|170|169|169|168|168|168|168|168|168|168|168|168|168|168|171|170|171|168|171|168|168|169|168|169|170|170|171|169|169|168|168|169|168|168|169|170|169|168|168|171|170|169|168|170|171|168|171|169|168|171|169|168|169|168|168|170|170|168|168|169|169|169|168|169|169|168|168|169|168|169|168|168|169|168|169|169|169|168|168|168|169|168|168|169|168|171|171|169|168|168|169|168|168|168|170|168|168|168|173|168|169|168|169|168|171|169|168|168|170|168|169|169|171|168|169|169|168|169|168|168|168|169|168|171|171|168|168|169|168|169|169|170|171|170|168|168|172|168|171|169|168|168|170
Iteração que foi encontrado o Melhor Global: 196
Quantas vezes o Melhor Global foi alterado (Lembrando que a verificação na inicialização acumula nesse contador): 6
Particula Inicial do melhor global:
0,089964|2,184580|0,345561|2,595604|1,330769|2,040831|2,116231|2,117765|0,629418|2,555920|2,315862|0,988306|0,360346|2,265737|1,173047|
Particula Final do melhor global:
2,073164|1,449902|0,513995|2,441419|0,352589|1,358207|2,151462|0,675883|2,043563|1,460220|0,466539|0,489723|1,217872|1,163191|2,750501|
A melhor solução desse PSO é:
4 10 11 2 7 
13 12 5 1 9 
8 0 6 3 14 
Quantidade de trocas de:4,000000
Makespan: 168,000000
