988|654|616|587|660|796|657|671|856|957|546|785|790|1139|586|629|488|1007|668|740|591|742|880|951|629|554|639|561|629|909|786|1008|523|686|663|718|828|683|532|699|506|844|623|1023|565|634|723|689|501|631|920|955|672|732|586|588|615|710|493|592|682|563|684|731|779|1025|546|721|648|936|644|664|716|721|986|654|713|593|700|727|780|868|1012|611|617|522|1042|891|809|642|580|626|667|523|659|599|659|657|689|664|625|538|569|751|877|779|554|948|539|581|1016|467|787|653|781|551|704|716|832|831|627|761|773|658|650|616|560|634|499|869|581|1176|746|829|705|648|593|555|722|823|566|557|722|662|904|690|728|780|869|1184
345|370|345|385|393|385|345|345|345|345|345|404|345|345|345|432|403|345|345|345|399|409|385|345|400|345|413|393|393|345|345|393|388|350|345|393|393|364|387|345|432|405|345|386|345|345|345|345|412|410|430|393|360|345|345|345|345|345|436|345|402|370|400|345|350|370|345|345|345|382|410|345|345|345|385|368|367|345|428|406|388|345|420|390|345|345|399|359|411|414|345|432|345|345|345|410|405|359|345|370|368|390|345|401|345|345|360|345|345|345|386|345|414|345|425|345|345|368|417|345|359|400|402|393|390|359|408|393|345|393|345|407|385|345|345|407|345|345|345|345|393|345|410|393|345|402|345|403|390|387
Iteração que foi encontrado o Melhor Global: 201
Quantas vezes o Melhor Global foi alterado (Lembrando que a verificação na inicialização acumula nesse contador): 9
Particula Inicial do melhor global:
1,458868|2,725289|0,360951|1,733159|2,659855|2,890098|0,962607|2,052427|1,055429|0,077160|0,844870|1,669176|0,830046|0,496561|1,173614|
Particula Final do melhor global:
0,329591|2,379082|1,430682|0,461673|1,421139|2,276136|1,161574|1,517311|1,449254|0,585329|2,644314|2,050262|2,074923|0,988737|0,607696|
A melhor solução desse PSO é:
0 3 9 14 13 
6 4 2 8 7 
11 12 5 1 10 
Quantidade de trocas de:12,000000
Makespan: 345,000000
