516|604|629|699|605|1080|712|866|626|536|706|660|585|738|652|707|922|727|905|515|703|437|546|794|511|584|703|688|745|737|430|583|664|537|468|844|706|544|606|656|669|481|977|509|616|637|1043|728|593|609|785|765|641|483|488|496|579|560|621|703|657|662|455|770|529|599|679|555|739|693|417|616|785|727|532|626|595|473|481|583|828|520|552|576|736|680|450|499|747|456|650|706|538|587|703|611|597|718|448|674|745|556|804|913|538|573|694|659|1189|482|761|799|428|458|768|893|599|449|600|633|742|924|559|650|582|677|606|590|751|714|813|454|452|591|455|707|835|612|651|521|567|423|778|924|579|787|615|780|951|856
371|340|329|365|337|372|381|383|337|331|327|320|343|366|319|330|365|361|330|327|337|365|362|365|360|300|361|330|336|349|367|359|368|372|369|379|372|357|367|359|297|327|341|297|350|401|359|378|367|330|361|377|343|337|340|363|331|362|361|341|297|341|297|365|388|369|362|384|306|344|331|358|391|347|361|359|366|382|306|348|372|330|366|363|313|329|364|349|354|345|329|327|354|381|372|350|328|340|330|359|356|357|359|402|297|377|306|400|357|330|297|383|374|336|371|309|297|346|372|377|309|330|371|338|333|360|347|385|359|342|340|318|347|386|367|366|349|380|353|366|356|381|330|343|348|328|380|384|391|365
Iteração que foi encontrado o Melhor Global: 566
Quantas vezes o Melhor Global foi alterado (Lembrando que a verificação na inicialização acumula nesse contador): 9
Particula Inicial do melhor global:
0,183320|0,872507|2,475181|1,505895|1,588897|1,785521|0,022919|2,560226|2,837886|1,968113|0,700424|2,641865|0,192228|2,439002|0,744983|
Particula Final do melhor global:
2,345655|0,178692|2,218292|0,908139|0,780550|1,775896|2,307987|0,491585|1,907105|2,464555|0,204042|1,815797|1,627236|1,614125|2,901491|
A melhor solução desse PSO é:
1 10 7 4 3 
13 12 5 11 8 
2 6 0 9 14 
Quantidade de trocas de:14,000000
Makespan: 297,000000
