1330|1132|1904|1860|1149|1383|1296|1502|1328|1178|1259|1167|1736|1130|1225|1151|1877|1329|1222|1515|1714|1708|1271|1246|1501|1775|1781|1392|1298|1528|1650|1359|1087|1608|1807|1509|1308|1859|1059|1341|1706|1256|1488|1409|1475|1255|1378|1352|1523|1591|1268|1027|2306|1281|1368|1638|1197|1681|1373|1184|1128|1213|1594|1050|1134|1850|1650|1537|1620|1344|1629|1456|1385|1188|1602|1297|1759|1206|1291|1675|1250|1064|1402|1445|1605|1419|1323|1386|1155|1771|1183|1201|1793|1356|1285|1345|1301|1091|1484|1933|1415|1729|1662|1889|1703|1215|1279|1618|1089|1299|1345|1334|1237|1267|1287|1399|1548|1170|1288|1787|1408|1129|1404|1318|1365|1202|1343|1753|1745|1502|2213|1290|1348|1060|1324|1347|1523|1474|1513|1197|1162|1590|1466|1154|1270|1546|1023|1456|1753|1345
775|698|775|705|818|698|705|698|837|705|697|698|725|725|698|771|725|763|698|775|775|775|775|725|698|698|787|698|725|698|725|775|725|697|775|775|787|705|725|767|698|698|705|705|698|767|698|705|833|764|698|705|764|771|698|761|748|775|775|725|698|725|698|698|771|698|841|749|775|705|763|698|705|698|775|775|698|698|698|698|705|732|725|705|698|705|705|705|698|767|725|775|698|725|698|698|698|767|725|751|725|698|732|705|698|698|698|767|698|775|771|771|771|771|795|775|698|755|732|822|698|775|771|705|698|698|725|698|698|771|698|698|697|775|767|705|725|775|698|698|791|698|698|767|698|705|771|725|775|698
Iteração que foi encontrado o Melhor Global: 946
Quantas vezes o Melhor Global foi alterado (Lembrando que a verificação na inicialização acumula nesse contador): 11
Particula Inicial do melhor global:
1,038730|0,811584|1,247624|1,187803|1,716136|1,816047|1,616436|1,326333|0,675378|0,532165|1,862019|0,874722|0,169273|0,068531|1,545543|
Particula Final do melhor global:
1,377063|0,429647|1,500162|1,148510|0,837575|1,427233|0,744331|1,579825|0,948277|1,038258|0,175052|0,601711|0,607357|1,244550|1,072006|
A melhor solução desse PSO é:
10 1 11 12 6 4 8 
9 14 3 13 0 5 2 7 
Quantidade de trocas de:13,000000
Makespan: 697,000000
