458|422|498|363|631|434|533|523|365|554|720|315|403|397|690|360|596|434|309|588|419|519|347|804|678|699|466|498|628|366|437|339|572|400|353|689|430|342|528|442|465|315|510|420|323|350|328|377|428|688|353|445|314|480|658|293|386|539|586|515|300|495|845|341|576|455|382|382|740|578|527|328|572|543|517|450|343|586|466|458|314|281|603|322|851|410|541|309|492|456|516|472|611|470|298|542|387|853|433|432|558|222|389|460|432|358|629|449|516|442|384|390|457|349|576|431|366|347|267|517|523|496|566|470|473|432|318|380|256|635|323|417|757|362|654|438|581|475|386|391|640|323|533|535|349|490|591|432|500|476
163|172|163|163|163|163|163|169|163|163|176|163|163|163|163|163|189|163|163|163|163|163|163|163|180|163|163|163|173|163|163|163|163|163|163|163|163|163|163|163|163|169|163|163|163|163|163|163|163|163|163|163|176|163|163|174|169|163|163|163|163|167|163|163|163|163|163|163|163|163|163|167|165|163|163|181|163|163|163|163|163|163|163|163|170|163|172|163|163|163|163|163|163|163|163|163|163|169|172|163|172|163|167|163|175|163|180|163|163|165|163|163|184|163|172|163|172|165|163|163|163|163|163|163|176|163|163|163|163|163|180|163|163|163|163|172|163|163|163|163|163|192|163|163|163|163|167|163|163|163
Iteração que foi encontrado o Melhor Global: 205
Quantas vezes o Melhor Global foi alterado (Lembrando que a verificação na inicialização acumula nesse contador): 9
Particula Inicial do melhor global:
1,111949|1,000293|1,492108|0,185813|1,353584|2,374039|0,817773|1,252752|1,019043|2,051355|1,201850|1,462507|0,338278|2,797639|2,725902|
Particula Final do melhor global:
0,145662|0,523108|2,748418|1,461120|0,205250|0,498921|2,524356|1,548874|0,715272|2,676788|0,655652|2,861479|1,824666|1,820555|0,925694|
A melhor solução desse PSO é:
0 4 5 1 10 8 14 
3 7 13 12 
6 9 2 11 
Quantidade de trocas de:0,000000
Makespan: 163,000000
