305|235|221|249|190|207|202|219|232|222|213|280|191|346|254|314|315|191|327|203|213|344|250|206|250|244|300|306|185|235|289|256|353|244|264|298|251|257|254|241|262|251|302|233|231|238|234|222|308|264|369|254|278|207|323|306|203|211|274|247|272|225|244|201|230|259|216|237|197|342|214|219|251|255|197|215|220|230|269|231|227|287|208|278|304|320|338|227|263|216|196|227|272|344|247|192|225|229|220|295|201|273|330|221|199|259|250|258|284|197|237|228|210|212|228|271|347|220|274|250|212|221|300|397|253|232|188|301|249|316|341|247|263|191|237|216|301|254|289|279|218|222|238|355|306|220|226|217|385|305
178|171|179|175|174|177|171|180|171|175|171|175|175|171|171|171|176|177|171|174|177|171|171|176|179|171|174|174|177|171|171|171|174|176|171|171|171|171|174|171|171|171|176|177|171|174|171|174|171|171|174|175|171|173|171|171|171|171|171|171|171|171|171|176|171|175|171|171|174|171|176|171|171|176|178|171|171|174|171|171|171|171|173|171|171|176|173|171|171|171|175|171|171|174|171|171|175|177|171|171|177|171|175|175|178|174|179|171|171|171|171|177|171|173|175|177|173|171|176|171|177|171|175|171|171|171|171|174|176|174|176|171|175|178|171|176|173|174|171|171|174|176|171|174|176|171|171|171|171|171
Iteração que foi encontrado o Melhor Global: 8
Quantas vezes o Melhor Global foi alterado (Lembrando que a verificação na inicialização acumula nesse contador): 4
Particula Inicial do melhor global:
1,910831|2,086910|2,329717|2,671796|1,764995|1,304178|1,798575|2,072512|0,552915|2,449161|2,911684|1,347516|2,480140|0,185216|0,658522|
Particula Final do melhor global:
2,722447|0,666204|0,648548|2,464955|1,480600|1,802645|1,231096|2,042112|1,766772|0,996562|1,120910|2,841920|0,779109|2,549241|0,953074|
A melhor solução desse PSO é:
2 1 12 14 9 
10 6 4 8 5 
7 3 13 0 11 
Quantidade de trocas de:14,000000
Makespan: 171,000000
