563|566|462|647|657|862|544|482|468|1132|492|719|952|522|428|1039|547|1119|676|471|876|486|751|449|463|643|574|538|757|468|748|947|596|679|739|633|620|504|815|523|949|895|632|544|718|708|882|520|557|600|807|851|786|823|462|581|720|548|858|506|748|424|1110|644|648|750|596|813|771|470|533|637|498|677|507|484|473|476|822|627|549|757|578|544|684|548|800|821|951|637|666|607|626|456|937|509|502|661|789|677|587|705|686|902|682|918|691|573|659|625|792|663|791|574|655|898|626|494|609|580|645|561|632|1216|503|738|478|845|735|630|471|565|574|846|706|769|595|924|768|838|647|659|487|650|565|706|758|976|580|641
323|323|323|340|323|323|323|323|323|323|340|323|323|340|323|323|323|323|323|323|340|323|323|323|323|323|323|323|323|323|323|340|323|323|323|323|323|323|323|323|323|323|340|323|323|340|323|323|323|323|323|323|323|323|323|323|323|323|323|323|323|323|323|323|323|323|323|323|323|323|323|323|323|323|323|323|323|323|323|323|323|340|323|323|323|323|323|340|340|323|323|323|323|323|323|323|323|323|323|340|340|323|323|340|323|323|323|323|323|345|340|323|323|323|323|323|323|323|323|340|323|323|323|323|323|323|323|323|323|323|323|323|323|323|323|323|323|323|323|323|340|340|323|323|323|323|323|323|323|323
Iteração que foi encontrado o Melhor Global: 320
Quantas vezes o Melhor Global foi alterado (Lembrando que a verificação na inicialização acumula nesse contador): 6
Particula Inicial do melhor global:
0,419378|1,488083|1,415164|0,346101|1,942209|1,219949|0,723555|1,314728|0,135879|0,445200|1,097173|0,288239|0,614654|1,410753|1,215610|
Particula Final do melhor global:
0,482404|1,709640|0,283636|1,009786|1,047705|0,339683|0,206807|0,115730|0,915180|0,544956|1,750431|0,538368|1,833697|1,305623|1,788730|
A melhor solução desse PSO é:
7 6 2 5 0 11 9 8 
3 4 13 1 10 14 12 
Quantidade de trocas de:3,000000
Makespan: 323,000000
