280|207|208|203|225|169|159|190|187|237|225|218|219|204|190|247|264|229|231|209|183|225|207|218|251|217|218|190|234|187|223|323|162|249|238|182|284|218|191|218|207|163|194|178|184|209|179|237|232|251|182|206|186|227|180|183|240|228|175|174|239|253|252|319|199|176|230|225|215|195|208|156|218|232|343|180|235|263|177|257|212|216|170|214|216|170|199|246|198|180|252|198|374|211|344|291|217|240|234|165|233|219|269|295|206|197|193|234|252|239|231|180|249|163|174|163|270|230|239|181|322|252|209|225|231|188|156|200|190|214|311|212|167|242|179|212|261|243|205|243|234|169|170|166|181|189|244|188|283|236
151|145|150|150|151|147|150|145|147|145|149|149|149|147|149|149|149|150|145|150|150|148|145|149|148|145|145|152|147|145|152|151|150|145|152|151|148|150|145|150|149|149|147|151|151|149|145|152|147|145|148|148|147|150|147|145|149|145|150|149|147|147|148|147|145|151|152|149|149|145|149|147|145|148|149|147|145|151|149|145|145|149|145|145|151|147|145|146|150|145|146|149|149|149|149|146|150|151|147|150|149|150|145|145|150|149|149|149|148|149|145|149|149|147|149|150|149|149|145|149|149|147|147|147|147|147|149|148|150|150|147|148|145|148|148|148|149|152|148|145|148|149|150|146|150|149|149|149|145|150
Iteração que foi encontrado o Melhor Global: 66
Quantas vezes o Melhor Global foi alterado (Lembrando que a verificação na inicialização acumula nesse contador): 6
Particula Inicial do melhor global:
1,851773|2,641778|2,106851|1,460726|1,020357|0,941356|0,061475|2,233070|0,317350|2,548645|2,556118|1,434984|0,983188|1,462379|0,091219|
Particula Final do melhor global:
0,891058|0,434272|1,033888|2,062176|0,609007|2,303509|2,091608|0,002347|2,076778|0,148358|2,567610|2,479238|1,459885|1,043471|2,012011|
A melhor solução desse PSO é:
7 9 1 4 0 
2 13 12 
14 3 8 6 5 11 10 
Quantidade de trocas de:16,000000
Makespan: 145,000000
