757|890|613|619|511|558|473|475|759|580|452|646|728|407|677|446|685|752|567|545|733|628|614|579|758|764|675|1156|534|720|447|529|890|578|755|403|749|557|536|597|764|735|712|523|590|664|805|999|407|676|674|716|589|516|513|524|1028|728|481|571|438|495|740|449|496|769|712|612|709|642|403|416|581|895|737|647|690|537|619|878|485|609|498|758|399|576|628|552|806|479|541|585|841|800|599|670|569|711|663|745|564|482|478|517|491|1078|516|420|598|706|438|724|619|568|732|499|591|518|753|628|881|783|828|550|363|600|686|730|513|745|933|735|585|508|508|632|389|816|422|1337|865|515|495|700|517|651|1017|461|407|615
250|250|250|256|261|257|257|250|257|257|262|261|257|256|266|250|256|257|250|262|268|256|250|298|304|262|256|250|256|259|256|268|257|256|250|256|256|250|250|250|273|256|257|256|250|318|306|257|250|262|259|257|259|307|250|263|256|250|250|273|257|256|262|257|256|257|257|257|257|250|276|250|250|256|250|256|257|282|257|256|256|257|256|256|268|268|275|257|250|256|250|250|257|250|256|256|278|250|256|291|250|250|312|272|290|262|250|256|250|295|261|256|250|289|256|256|256|257|290|256|257|256|262|259|262|305|256|254|257|289|250|250|256|257|299|250|250|298|256|262|256|257|250|256|250|290|256|256|319|257
Iteração que foi encontrado o Melhor Global: 93
Quantas vezes o Melhor Global foi alterado (Lembrando que a verificação na inicialização acumula nesse contador): 7
Particula Inicial do melhor global:
0,976395|2,889306|1,889745|0,538009|1,671756|0,036688|1,408181|0,997043|2,592722|1,397203|2,036641|1,039978|0,504196|2,570977|1,368397|
Particula Final do melhor global:
1,127431|2,594361|2,763775|1,670650|0,001806|1,751752|2,465782|0,013085|0,808793|2,514524|1,624381|0,963929|1,671825|1,174819|2,361658|
A melhor solução desse PSO é:
4 7 8 11 
0 13 10 3 12 5 
14 6 9 1 2 
Quantidade de trocas de:5,000000
Makespan: 250,000000
