657|802|515|785|826|603|571|964|1039|580|830|761|578|586|497|694|662|509|531|573|856|990|508|744|724|596|845|593|370|946|570|487|541|765|728|677|570|784|1110|521|753|853|816|657|578|669|685|468|516|586|509|600|684|443|921|949|672|1094|634|590|663|686|833|468|840|703|601|672|522|727|514|702|601|773|814|828|608|519|863|548|491|624|683|427|908|823|732|481|1098|716|942|870|705|649|775|574|826|701|578|642|754|682|716|856|765|513|626|646|471|764|526|595|665|510|529|686|564|451|590|602|1166|655|492|909|477|1054|643|830|570|466|629|799|796|649|685|705|650|540|607|645|669|661|676|581|678|608|610|746|724|657
345|305|340|326|326|407|305|351|326|326|328|326|333|326|354|326|346|328|335|326|357|362|328|340|328|335|328|347|340|335|333|351|345|326|342|335|340|335|328|328|364|362|312|328|326|339|333|351|328|326|363|333|326|327|305|328|357|305|335|326|357|322|312|326|312|346|351|376|328|345|328|386|328|328|340|326|326|327|356|351|326|327|326|326|326|326|345|326|328|326|322|328|328|334|360|326|336|326|326|354|326|345|347|335|326|368|320|312|326|328|326|305|333|349|328|328|357|348|328|305|305|367|364|340|385|328|335|336|341|305|341|373|338|335|334|340|312|326|328|326|349|345|305|351|340|326|342|360|338|330
Iteração que foi encontrado o Melhor Global: 751
Quantas vezes o Melhor Global foi alterado (Lembrando que a verificação na inicialização acumula nesse contador): 7
Particula Inicial do melhor global:
0,326093|0,198904|1,163749|2,507456|0,032706|0,126284|1,707152|0,227498|2,209795|2,157556|1,644843|1,695398|1,202994|1,483639|2,385419|
Particula Final do melhor global:
2,821052|1,933981|2,735923|1,725502|1,182575|0,365018|2,675273|1,419574|0,545433|2,180514|1,905380|0,235891|2,429659|0,109078|0,533061|
A melhor solução desse PSO é:
13 11 5 14 8 
4 7 3 10 1 
9 12 6 2 0 
Quantidade de trocas de:15,000000
Makespan: 305,000000
