178|207|171|254|199|209|238|162|331|196|215|257|219|211|197|279|176|225|185|238|230|215|159|185|214|310|184|313|221|257|175|244|160|195|224|166|281|227|275|188|226|201|188|209|213|193|196|178|214|162|161|166|225|159|231|203|249|227|241|184|211|225|323|228|199|187|257|211|246|241|217|225|171|198|300|215|253|169|216|252|175|173|260|193|166|156|178|226|196|172|183|162|287|267|213|147|232|149|185|192|172|177|231|184|241|184|185|257|173|161|167|152|205|205|209|207|248|285|267|201|232|251|196|219|262|155|202|208|232|173|257|212|183|241|161|309|181|227|183|219|191|169|223|185|286|212|177|292|173|227
141|141|143|145|144|141|145|141|144|145|144|139|143|142|143|141|139|144|144|141|139|145|141|144|143|141|144|144|143|141|144|143|143|144|143|139|139|141|144|144|144|141|146|139|145|147|146|139|143|142|142|150|144|143|140|141|143|144|145|141|142|144|144|145|139|139|144|146|141|139|141|143|141|143|141|141|139|141|139|145|143|143|139|145|145|142|143|141|141|147|141|141|139|145|139|145|139|143|147|144|141|142|142|146|144|145|142|139|145|144|139|145|142|144|139|139|146|141|143|143|143|143|142|144|146|139|143|144|140|139|145|142|143|141|146|141|141|143|141|145|143|139|146|145|143|141|146|141|139|143
Iteração que foi encontrado o Melhor Global: 547
Quantas vezes o Melhor Global foi alterado (Lembrando que a verificação na inicialização acumula nesse contador): 7
Particula Inicial do melhor global:
1,023268|0,250410|2,515493|0,703160|0,979971|2,130423|0,359803|0,551860|2,069179|0,936096|0,924376|0,633595|2,476539|2,540281|2,986659|
Particula Final do melhor global:
0,425562|2,318492|1,548697|0,929120|1,305434|2,654431|1,817579|1,065135|1,327951|0,806480|0,090722|1,886258|0,534681|2,703443|2,801743|
A melhor solução desse PSO é:
10 0 12 9 3 
7 4 8 2 6 11 
1 5 13 14 
Quantidade de trocas de:12,000000
Makespan: 139,000000
