250|264|190|195|240|240|280|255|285|226|201|193|253|255|232|254|270|318|204|277|259|319|268|216|264|250|208|254|205|247|244|292|216|289|281|190|265|280|259|325|219|303|243|223|258|381|248|373|228|215|216|192|225|218|330|237|325|282|207|210|239|234|288|204|209|227|275|231|207|291|308|219|212|214|200|197|288|318|372|258|240|253|309|259|233|205|276|207|249|272|229|339|237|194|268|234|210|338|210|299|342|210|227|255|249|303|212|227|229|210|404|299|222|307|219|253|247|297|253|216|231|229|259|240|190|210|225|255|210|194|232|228|220|327|235|205|226|211|206|275|278|221|315|246|216|252|206|197|210|228
175|171|171|176|171|175|173|174|174|175|173|177|171|175|177|171|174|173|176|177|175|175|176|180|171|176|179|175|171|175|175|179|174|179|178|177|172|171|177|173|171|179|176|175|175|175|175|171|175|177|171|177|175|171|175|171|175|175|175|175|174|176|175|177|174|174|171|171|171|176|176|171|171|172|171|171|171|174|171|171|175|177|175|178|171|176|173|171|171|175|175|177|175|171|171|171|176|178|175|178|175|175|173|175|175|176|175|172|171|173|175|171|177|171|175|176|171|176|171|177|176|175|176|175|175|174|173|175|175|178|175|173|173|175|176|171|178|177|171|175|175|175|175|176|175|174|171|178|177|181
Iteração que foi encontrado o Melhor Global: 91
Quantas vezes o Melhor Global foi alterado (Lembrando que a verificação na inicialização acumula nesse contador): 5
Particula Inicial do melhor global:
1,769397|2,298904|2,431535|1,516162|1,401562|1,908356|1,572691|2,923221|1,037899|1,698382|0,215441|1,149361|2,786636|0,946630|2,976853|
Particula Final do melhor global:
1,722465|0,856088|0,730713|1,237664|2,833062|2,445480|2,596445|1,975726|2,701635|1,181691|2,269806|0,270796|1,377226|0,813903|1,844632|
A melhor solução desse PSO é:
11 2 13 1 
9 3 12 0 14 7 
10 5 6 8 4 
Quantidade de trocas de:13,000000
Makespan: 171,000000
