661|795|580|727|667|718|560|744|917|1068|503|742|908|1095|648|807|795|739|765|536|667|644|509|758|508|803|504|860|841|995|711|673|688|576|922|539|730|708|1088|1125|603|643|908|679|649|680|568|917|1078|721|710|830|651|785|686|680|866|666|740|652|672|607|772|719|893|1122|508|719|995|543|665|650|766|849|782|634|997|664|830|607|722|599|963|592|677|762|672|552|795|708|787|491|490|677|958|620|642|782|677|536|652|606|806|815|728|743|760|698|741|555|614|846|558|898|533|651|849|713|590|609|956|964|671|627|631|700|663|633|671|734|727|630|555|832|824|826|652|856|850|1213|1076|715|1037|822|656|748|760|705|540|775
391|407|380|425|392|429|415|371|437|383|407|446|392|371|402|411|392|402|371|392|392|380|410|390|402|398|375|412|392|375|371|371|412|392|398|371|390|439|399|390|371|380|391|392|371|392|392|402|432|380|392|448|392|417|404|390|418|415|416|415|371|417|375|417|414|392|410|427|410|393|404|430|411|390|392|380|375|426|408|390|434|392|438|411|371|439|390|433|392|432|380|380|390|390|432|371|380|420|398|406|391|380|432|380|392|398|402|371|392|371|417|399|412|392|398|380|371|371|380|393|380|405|417|380|392|371|416|416|380|407|411|407|402|408|375|375|371|371|402|392|371|417|401|392|405|393|371|418|389|410
Iteração que foi encontrado o Melhor Global: 416
Quantas vezes o Melhor Global foi alterado (Lembrando que a verificação na inicialização acumula nesse contador): 7
Particula Inicial do melhor global:
0,383546|2,407752|2,702325|1,399656|0,930344|1,221605|2,005628|0,835949|0,622892|1,461457|0,506341|1,385164|2,148953|1,091511|2,626358|
Particula Final do melhor global:
1,392155|0,531593|0,955357|1,758661|1,545080|0,909168|2,060848|0,904908|0,983165|1,296568|2,200101|0,269156|2,377816|2,049714|1,278201|
A melhor solução desse PSO é:
11 1 7 5 2 8 
14 9 0 4 3 
13 6 10 12 
Quantidade de trocas de:14,000000
Makespan: 371,000000
