483|733|586|570|703|582|641|521|771|573|617|730|733|765|824|774|696|825|591|985|711|764|816|632|540|577|625|787|605|647|679|678|800|1142|756|584|625|936|704|824|614|818|806|703|652|574|747|739|652|797|850|873|617|885|767|595|789|785|617|694|915|526|624|667|635|639|818|585|684|666|624|1122|667|645|517|517|862|688|838|950|896|576|733|450|757|813|761|560|558|720|885|711|556|1240|724|810|600|718|928|804|560|743|617|840|831|927|778|912|634|537|539|739|966|734|853|566|579|692|570|846|725|626|571|734|774|769|641|599|640|616|843|922|623|529|575|735|713|782|688|779|511|717|630|804|666|551|675|677|977|938
399|387|359|384|383|410|410|411|390|411|448|359|435|411|397|361|405|384|399|409|419|424|430|426|411|415|452|399|425|438|397|394|403|359|384|412|361|393|402|410|361|412|384|359|384|384|403|406|386|437|393|384|384|359|404|384|384|411|433|412|415|405|388|379|405|384|384|397|411|429|379|384|404|405|421|416|417|391|359|384|406|432|359|361|404|432|426|386|407|361|394|406|384|359|432|414|411|402|379|384|415|359|384|437|400|361|379|384|361|384|414|399|384|431|392|384|405|402|361|424|361|387|399|359|384|392|397|400|430|406|384|394|384|384|407|359|403|411|406|412|418|394|384|393|383|361|399|384|393|369
Iteração que foi encontrado o Melhor Global: 533
Quantas vezes o Melhor Global foi alterado (Lembrando que a verificação na inicialização acumula nesse contador): 8
Particula Inicial do melhor global:
0,085697|1,358102|0,802021|2,818709|2,013093|0,484390|2,137066|2,000281|1,963152|1,325400|0,117621|2,833067|2,276873|2,615712|1,335524|
Particula Final do melhor global:
0,501559|2,115573|0,121460|2,511740|1,268132|0,412074|1,103471|2,277436|0,739078|0,900709|1,961376|2,186267|1,619829|0,802513|2,006958|
A melhor solução desse PSO é:
2 5 0 8 13 9 
6 4 12 10 
14 1 11 7 3 
Quantidade de trocas de:13,000000
Makespan: 359,000000
