1797|1930|1467|2170|1394|1526|1369|1410|1112|2003|1572|1316|2001|1598|1268|1404|1641|1328|1904|1211|1507|1781|2362|1370|1533|1554|1376|2074|1636|1449|1696|1934|1532|1686|1871|1623|1630|1885|1633|1723|1465|1514|1282|1882|1444|1667|1830|2256|1515|1486|2095|1504|2289|1134|2018|1248|1118|1765|1366|1759|1633|1300|1540|1524|1226|1939|2492|2043|1401|1697|1454|1421|1309|1466|2431|1513|1660|1842|1850|1552|1375|1417|1457|1530|1754|2258|1328|1761|1369|1562|1168|1287|1252|2082|1481|1794|1097|1575|1400|1546|1311|1263|1687|1632|1665|1511|1750|1426|1589|1576|1530|1534|1580|1388|1118|1178|1354|1645|2297|1793|1599|1560|1897|1303|1300|1425|1210|1525|1569|1853|1871|1166|1433|1332|1390|1627|1298|1432|1514|1723|1888|1437|1626|1701|1377|1278|1446|1554|1369|1454
777|777|768|908|777|835|822|777|777|777|820|777|777|777|777|777|831|777|958|777|768|768|777|777|777|777|822|822|835|777|777|777|768|823|902|777|777|777|777|777|777|777|777|777|822|777|777|854|777|777|777|777|907|890|768|777|777|768|777|777|777|822|777|777|777|777|777|777|831|777|777|777|777|777|777|777|777|777|777|777|777|777|777|777|777|777|777|777|768|777|777|822|777|777|777|777|777|844|873|822|777|822|777|777|777|777|822|777|777|777|777|807|777|777|854|777|777|777|777|768|854|777|768|822|777|970|777|777|777|777|835|844|777|768|846|777|777|906|777|777|768|777|777|844|777|835|777|777|777|777
Iteração que foi encontrado o Melhor Global: 664
Quantas vezes o Melhor Global foi alterado (Lembrando que a verificação na inicialização acumula nesse contador): 14
Particula Inicial do melhor global:
0,805903|1,159595|1,801811|1,348451|1,496232|0,211155|0,085897|1,254605|1,687516|1,192648|1,062861|0,475749|0,237823|1,105414|1,990074|
Particula Final do melhor global:
0,337545|0,962631|0,671133|1,755620|0,266428|1,092879|0,731195|0,182826|1,396055|1,068288|0,867348|1,722105|1,464844|1,315551|1,030180|
A melhor solução desse PSO é:
7 4 0 2 6 10 1 
14 9 5 13 8 12 11 3 
Quantidade de trocas de:16,000000
Makespan: 768,000000
