174|248|182|201|188|249|233|174|173|259|275|233|153|214|257|170|259|208|213|169|190|228|189|191|206|207|375|279|219|251|254|218|177|208|207|219|202|216|252|247|210|159|172|181|204|221|170|193|164|154|227|238|240|200|183|252|158|168|215|177|155|250|270|303|238|235|229|270|273|204|177|239|248|185|203|158|173|238|188|287|170|252|226|225|268|249|158|208|293|227|151|291|260|175|270|260|249|270|162|216|196|244|203|212|276|216|255|198|209|264|199|324|179|247|314|260|166|174|178|205|166|242|232|250|173|301|187|214|237|229|179|198|243|272|163|245|254|184|305|279|200|294|268|175|188|175|247|227|235|255
146|146|146|150|154|146|146|147|146|148|150|148|148|151|146|147|148|148|146|147|149|149|148|152|150|148|150|149|146|148|148|150|149|148|148|148|149|148|147|147|149|146|148|146|148|146|150|146|148|150|149|146|149|150|146|148|147|146|150|147|149|152|150|146|147|148|146|148|148|150|148|146|146|146|148|146|148|151|146|150|153|150|149|147|148|148|146|148|148|146|146|147|149|150|146|147|147|147|146|150|150|146|151|147|150|151|148|148|146|146|150|146|146|150|151|150|147|150|148|146|150|146|149|147|146|147|152|149|147|150|151|147|146|148|146|148|146|146|146|146|147|147|146|146|147|149|148|150|148|146
Iteração que foi encontrado o Melhor Global: 332
Quantas vezes o Melhor Global foi alterado (Lembrando que a verificação na inicialização acumula nesse contador): 6
Particula Inicial do melhor global:
2,931764|1,651258|0,405658|2,318133|2,997641|2,887956|1,137962|0,775268|2,141172|0,676281|0,217029|0,248880|0,314809|2,137291|2,695216|
Particula Final do melhor global:
2,606642|0,155741|1,818387|0,881003|1,313941|1,404839|2,707049|1,939643|0,687685|1,370441|0,751453|0,835918|2,066971|2,375745|2,679786|
A melhor solução desse PSO é:
1 8 10 11 3 
4 9 5 2 7 
12 13 0 14 6 
Quantidade de trocas de:17,000000
Makespan: 146,000000
