233|189|222|300|241|260|230|235|271|243|181|280|219|184|296|268|304|182|195|215|189|282|181|248|171|290|197|203|199|216|194|258|177|206|318|221|191|320|269|230|193|204|208|243|298|168|200|229|269|226|219|182|229|184|216|247|215|213|234|198|196|207|168|245|206|176|238|228|267|223|189|222|165|234|242|274|227|225|233|273|205|233|207|193|223|191|278|193|193|174|204|195|298|171|177|263|284|214|208|230|181|226|205|296|207|234|154|200|208|210|231|272|188|239|274|274|211|238|227|246|204|175|256|228|172|209|177|254|245|190|198|246|196|228|306|203|173|174|202|310|231|255|226|272|219|257|170|341|232|182
154|151|155|153|155|151|154|156|156|151|152|152|154|151|154|153|154|156|157|153|155|158|159|154|151|154|156|154|155|154|152|153|152|152|152|155|154|154|154|152|154|156|153|153|151|151|154|154|154|152|154|154|155|153|152|155|154|155|158|155|153|152|155|151|156|152|155|151|154|156|161|152|154|154|154|151|151|155|154|154|151|153|152|152|156|152|153|156|153|153|153|156|153|157|153|156|152|156|154|151|153|154|156|153|158|155|152|153|154|154|154|154|153|154|154|153|154|152|154|151|153|151|154|153|154|154|153|153|151|152|152|152|155|152|153|157|157|154|152|153|154|151|154|153|155|156|151|151|153|154
Iteração que foi encontrado o Melhor Global: 413
Quantas vezes o Melhor Global foi alterado (Lembrando que a verificação na inicialização acumula nesse contador): 4
Particula Inicial do melhor global:
2,963302|2,929630|2,312208|1,517183|1,777984|1,595524|0,312463|1,122910|0,159140|2,452654|2,057126|1,215227|0,893624|2,700270|1,757694|
Particula Final do melhor global:
0,222701|2,521786|2,851881|1,498940|1,583691|0,841268|1,534483|0,877444|0,867303|1,231772|1,009539|2,282144|1,473183|2,246958|0,709032|
A melhor solução desse PSO é:
0 14 5 8 7 
10 9 12 3 6 4 
13 11 1 2 
Quantidade de trocas de:12,000000
Makespan: 151,000000
