205|203|180|189|228|261|246|191|181|202|270|277|168|170|275|295|189|269|210|239|209|255|254|190|248|171|175|236|184|241|214|265|174|227|335|224|249|261|202|174|241|229|184|180|245|196|199|163|169|264|304|199|361|261|228|187|241|264|222|230|208|303|250|213|209|251|286|228|237|186|214|217|193|282|198|162|229|192|229|197|224|253|219|196|325|241|222|216|201|270|165|171|200|190|197|179|191|204|247|167|204|228|295|259|222|183|274|231|274|163|187|282|269|201|243|228|301|211|238|183|301|205|256|166|262|204|237|161|215|191|232|200|252|293|182|201|259|253|191|207|208|286|222|222|236|264|202|215|188|183
157|153|153|153|153|153|153|156|153|153|155|153|153|153|153|153|153|156|160|153|153|155|153|153|155|159|153|153|157|153|153|153|153|157|156|153|153|154|153|158|154|153|153|153|155|153|153|153|153|153|153|154|155|159|153|157|153|153|153|153|153|153|153|153|153|153|153|156|156|154|155|153|154|154|154|153|153|153|153|153|157|154|153|153|153|153|154|153|153|153|153|153|153|155|153|153|156|153|153|155|157|153|153|153|154|154|156|153|153|157|153|153|153|153|153|155|155|153|154|153|154|153|153|154|153|153|157|155|153|157|153|154|153|155|156|154|157|153|156|153|153|153|156|155|153|154|156|153|153|155
Iteração que foi encontrado o Melhor Global: 8
Quantas vezes o Melhor Global foi alterado (Lembrando que a verificação na inicialização acumula nesse contador): 4
Particula Inicial do melhor global:
0,124311|2,111739|0,152727|1,234796|2,596497|0,077056|0,387377|2,404853|2,139824|1,893182|1,426724|2,909612|1,640166|0,759387|0,221286|
Particula Final do melhor global:
0,183405|2,427936|0,566165|1,540105|1,704236|0,407690|1,661029|1,771632|1,025609|2,659612|0,195521|2,895140|2,583031|2,908257|0,374489|
A melhor solução desse PSO é:
0 10 14 5 2 
8 3 6 4 7 
1 12 9 11 13 
Quantidade de trocas de:16,000000
Makespan: 153,000000
