2190|1455|1435|1667|1320|1886|1661|1225|1794|2147|1408|1737|1816|1292|1525|1238|2219|1774|1656|2349|1329|1770|1432|1441|1278|1865|1816|1307|1692|1515|1527|1227|1456|1473|1123|1877|1439|1573|1723|1901|1693|1630|1576|2226|1492|1333|1319|1565|1414|1380|1305|1900|1513|1567|1763|1721|1855|1465|1448|1357|1691|1464|1766|1319|1682|1149|1645|1673|2179|1323|1245|1796|1539|1065|1251|1836|1193|1750|1566|1453|1296|1719|1571|1829|1142|1494|1737|1456|1805|1378|1453|1546|1384|2143|1225|1775|1427|1305|1853|977|1682|1580|1543|1487|1940|1445|1291|1584|1699|1693|1905|1598|1817|2233|1791|1863|1135|1279|1583|1690|1712|1464|1621|1405|1457|1232|2182|1339|1206|1528|2131|1417|1965|1356|1776|1143|1154|1629|1950|1857|1420|1247|1412|1786|2250|1260|1332|1408|1531|1381
823|823|915|935|823|823|937|1039|935|981|877|843|823|823|823|823|823|823|823|823|823|823|823|823|884|823|823|1032|823|823|926|823|823|823|884|823|823|823|823|843|823|823|977|823|838|902|843|823|982|907|823|823|823|943|907|823|823|839|907|823|950|823|910|852|823|1011|823|823|823|947|934|823|823|968|823|823|907|823|823|823|925|823|908|978|977|823|823|843|823|823|905|823|823|902|972|833|950|925|823|823|910|921|823|977|911|920|823|823|1002|823|823|823|823|823|890|823|946|953|823|823|823|823|1012|823|967|823|899|823|914|823|920|823|823|843|949|853|999|823|823|923|823|823|979|823|823|1003|943|823|823|853
Iteração que foi encontrado o Melhor Global: 54
Quantas vezes o Melhor Global foi alterado (Lembrando que a verificação na inicialização acumula nesse contador): 5
Particula Inicial do melhor global:
1,627669|0,845768|1,987031|0,924793|0,180147|1,402644|0,979173|1,619379|1,157196|0,986585|1,971748|1,569836|0,483404|0,060633|1,072386|
Particula Final do melhor global:
0,366587|0,477448|0,410206|1,599411|1,333837|0,347034|0,420368|1,323603|1,844366|1,265847|0,466634|1,894540|1,191360|0,251362|0,069203|
A melhor solução desse PSO é:
14 13 5 0 2 6 10 1 
12 9 7 4 3 8 11 
Quantidade de trocas de:17,000000
Makespan: 823,000000
