214|215|275|360|201|321|271|239|328|214|299|255|214|283|264|235|231|371|188|239|214|223|286|173|227|242|204|284|211|216|246|213|231|191|342|227|212|228|223|224|249|229|253|201|219|298|259|225|210|189|235|254|316|212|207|333|291|176|214|181|365|278|242|217|307|366|202|219|238|220|198|308|218|251|213|226|171|192|185|203|220|196|181|234|195|221|279|345|180|278|266|238|305|269|190|217|324|208|252|181|198|180|201|181|263|259|281|198|218|288|220|250|269|187|182|221|215|268|248|284|317|259|224|221|203|273|277|228|228|236|263|201|238|389|222|192|253|191|267|198|201|205|234|195|271|307|271|178|219|236
163|166|165|163|166|164|165|165|163|163|164|163|164|169|163|164|163|164|165|163|164|163|167|166|163|163|165|163|166|167|164|163|163|164|165|166|163|167|163|163|163|163|166|164|163|163|166|163|163|163|163|163|163|163|163|163|166|165|163|163|163|164|163|164|163|163|166|163|163|163|163|168|165|165|163|165|163|163|167|163|166|166|163|164|165|163|163|165|163|163|163|166|166|166|163|163|165|164|165|163|163|163|163|165|163|165|166|163|163|166|163|164|167|165|163|163|163|166|165|163|163|167|167|163|163|163|165|164|165|163|166|163|163|163|163|163|164|165|163|164|163|163|163|163|165|164|163|163|164|164
Iteração que foi encontrado o Melhor Global: 61
Quantas vezes o Melhor Global foi alterado (Lembrando que a verificação na inicialização acumula nesse contador): 4
Particula Inicial do melhor global:
1,009966|2,665213|0,324706|0,364306|0,217942|2,610651|0,188589|1,203721|2,363463|0,659993|2,827467|2,079999|0,797034|2,856560|2,773153|
Particula Final do melhor global:
0,401195|1,622641|2,843179|2,314099|2,997733|0,650208|0,950176|1,089651|0,481155|2,700988|1,526432|0,726235|1,915823|2,323540|0,675870|
A melhor solução desse PSO é:
0 8 5 14 11 6 
7 10 1 12 
3 13 9 2 4 
Quantidade de trocas de:0,000000
Makespan: 163,000000
