360|250|358|206|344|380|270|182|189|337|210|388|249|187|269|275|181|178|184|172|223|437|370|230|214|309|232|173|299|227|257|175|174|477|316|312|356|223|208|242|194|196|210|280|318|194|289|306|416|182|276|201|185|329|236|221|324|187|175|248|147|379|370|181|273|192|239|292|183|210|281|251|186|186|301|289|175|164|309|189|276|151|257|153|467|191|336|278|371|396|223|161|203|169|346|239|392|324|252|332|362|331|232|202|317|296|200|219|330|203|169|231|347|302|285|250|257|211|311|146|239|310|230|223|210|653|357|218|203|172|219|190|262|213|193|264|632|346|337|368|273|270|249|378|476|387|503|232|187|155
142|142|142|144|142|142|142|144|142|144|142|142|142|143|142|142|142|142|144|142|142|142|145|142|142|142|142|142|142|142|142|142|144|142|142|142|143|142|142|142|146|142|142|142|142|142|142|142|144|144|142|142|142|145|142|145|142|142|142|143|144|142|142|142|143|142|142|143|142|143|146|142|144|142|145|142|143|142|142|142|143|142|142|143|142|142|143|142|143|143|142|142|143|145|142|144|144|142|145|142|142|145|142|142|142|142|143|142|142|144|142|142|142|142|143|142|144|142|142|142|142|142|142|142|142|142|142|142|143|143|142|142|142|142|142|142|142|142|142|142|142|142|142|142|142|142|142|142|142|143
Iteração que foi encontrado o Melhor Global: 1
Quantas vezes o Melhor Global foi alterado (Lembrando que a verificação na inicialização acumula nesse contador): 2
Particula Inicial do melhor global:
2,172801|0,820835|1,214825|0,674250|1,946819|0,576619|1,664863|2,874538|1,330608|0,810616|1,279566|1,106956|0,996245|1,938615|1,303869|
Particula Final do melhor global:
1,730983|2,562596|1,842730|0,081420|2,636887|1,201546|2,151118|0,063529|2,128373|1,430702|0,179932|0,954743|1,207094|2,300161|0,406905|
A melhor solução desse PSO é:
7 3 10 14 11 
5 12 9 0 2 
8 6 13 1 4 
Quantidade de trocas de:0,000000
Makespan: 142,000000
