269|287|306|408|438|263|297|353|307|276|298|281|343|253|279|289|280|261|336|365|276|272|288|297|326|341|322|297|369|261|332|358|261|392|425|270|267|265|352|289|285|353|344|320|295|346|305|247|325|300|329|267|318|313|358|290|274|291|430|347|294|332|296|355|364|297|308|278|263|356|270|311|263|266|417|348|250|269|291|325|325|254|319|247|247|299|416|293|323|258|281|421|375|250|286|350|334|320|308|278|408|359|275|294|258|271|314|322|374|346|289|284|341|253|281|311|267|305|467|270|278|262|369|279|305|313|372|282|353|283|281|284|322|327|329|308|249|281|245|266|277|338|262|306|289|374|280|399|349|270
234|236|238|241|235|231|238|234|237|238|231|234|240|237|235|231|231|240|237|234|231|233|237|240|238|238|234|240|241|237|241|237|234|231|234|233|234|233|234|238|236|239|234|238|239|237|234|234|242|239|234|236|241|237|237|234|237|234|232|237|234|241|234|237|242|234|236|233|240|234|241|242|234|233|237|235|237|234|236|237|233|231|233|236|234|241|238|234|234|234|237|233|232|233|234|234|231|237|234|237|234|232|234|238|235|234|238|240|238|241|236|234|234|240|232|242|234|235|231|240|233|236|231|234|237|234|237|236|231|231|239|234|238|234|234|234|236|241|234|232|234|237|240|235|234|241|231|234|231|234
Iteração que foi encontrado o Melhor Global: 490
Quantas vezes o Melhor Global foi alterado (Lembrando que a verificação na inicialização acumula nesse contador): 10
Particula Inicial do melhor global:
0,889648|0,238474|1,805629|0,476042|1,519172|0,240248|0,275353|0,390326|0,605963|1,657353|1,822119|1,519097|1,395410|1,379626|0,284707|
Particula Final do melhor global:
1,612882|1,114847|1,747167|0,838728|1,643917|1,739298|0,220894|0,393506|0,369774|0,936342|1,776685|1,054407|1,718454|0,980527|0,854169|
A melhor solução desse PSO é:
6 8 7 3 14 9 13 
11 1 0 4 12 5 2 10 
Quantidade de trocas de:15,000000
Makespan: 231,000000
