187|197|167|186|292|199|221|276|286|181|182|192|188|167|229|204|209|186|185|191|166|175|209|173|291|159|323|274|217|198|227|231|203|259|333|195|185|227|325|314|265|233|191|237|281|196|250|275|191|192|210|198|287|193|203|195|198|191|253|166|191|219|206|200|192|243|197|169|180|246|275|179|223|189|194|195|207|261|272|190|172|263|210|198|244|236|200|252|206|255|243|278|182|217|225|189|344|290|200|250|171|330|212|190|180|271|281|188|220|217|202|221|219|207|206|203|211|246|255|348|315|167|182|264|279|163|239|161|168|203|173|207|235|329|268|195|218|212|291|264|162|172|228|188|178|275|254|195|173|196
146|147|146|148|146|146|151|146|146|148|147|146|146|149|146|146|146|146|146|147|150|149|148|146|151|149|146|146|146|148|147|146|150|149|149|146|147|148|146|151|146|146|146|148|150|146|146|147|148|147|151|150|147|146|146|146|150|146|146|147|146|150|147|148|147|149|150|151|146|149|151|150|147|146|146|147|147|146|148|149|148|147|149|148|146|146|147|146|150|147|148|152|146|146|147|147|148|147|146|147|152|148|146|146|148|148|146|146|146|149|147|148|146|146|149|147|147|146|146|147|146|149|146|146|150|146|150|147|148|146|146|147|146|146|146|146|147|149|146|151|148|146|148|146|151|150|146|146|147|147
Iteração que foi encontrado o Melhor Global: 465
Quantas vezes o Melhor Global foi alterado (Lembrando que a verificação na inicialização acumula nesse contador): 7
Particula Inicial do melhor global:
0,038004|0,208710|2,353629|2,669353|2,171116|2,403368|1,603079|2,783870|2,612805|1,579971|0,342799|1,083293|1,778555|0,282778|2,943444|
Particula Final do melhor global:
2,550830|2,778560|0,620182|0,666810|2,238940|1,213627|1,375852|2,156739|1,178511|2,692335|0,313499|0,922806|1,534939|1,905688|0,345238|
A melhor solução desse PSO é:
10 14 2 3 11 
8 5 6 12 13 
7 4 0 9 1 
Quantidade de trocas de:15,000000
Makespan: 146,000000
