209|195|189|239|219|244|223|241|304|273|225|207|252|207|230|205|235|232|194|245|184|192|215|326|268|232|308|338|353|308|213|278|189|231|234|202|230|400|174|277|247|208|207|256|323|218|170|224|266|240|235|362|215|238|211|252|333|345|199|204|229|222|237|190|259|203|290|200|249|228|328|241|205|214|253|244|308|268|247|326|195|224|249|313|281|213|220|235|262|235|242|198|198|189|213|225|223|233|213|273|182|220|254|171|251|264|188|220|204|203|214|222|278|339|244|231|265|285|207|216|336|283|255|206|243|244|210|178|249|249|211|203|192|331|209|382|201|211|228|231|179|247|223|213|193|330|265|265|281|202
163|163|163|163|163|163|163|163|163|163|167|166|163|163|163|163|165|163|163|163|163|165|163|163|163|163|163|163|163|163|163|163|164|163|163|163|163|163|164|163|163|165|163|163|163|163|163|163|163|163|163|163|163|163|163|163|166|163|163|163|163|163|163|164|163|163|163|166|163|163|163|163|163|163|163|163|163|167|163|163|163|163|163|163|163|163|163|163|163|163|163|163|163|166|163|163|166|163|163|163|163|163|163|163|163|163|163|163|163|163|163|163|163|163|163|163|163|163|163|164|163|163|163|163|163|163|163|166|163|164|164|163|163|163|163|163|163|163|163|163|163|163|163|163|166|163|168|163|163|163
Iteração que foi encontrado o Melhor Global: 10
Quantas vezes o Melhor Global foi alterado (Lembrando que a verificação na inicialização acumula nesse contador): 4
Particula Inicial do melhor global:
2,905995|2,937158|0,468868|0,422275|0,955055|0,590484|0,709665|1,105267|0,566650|0,503050|0,078350|2,367796|1,042150|2,979001|0,077700|
Particula Final do melhor global:
2,409860|1,702733|1,233169|0,374273|2,826884|2,195572|2,638370|1,301023|1,353418|0,860163|0,647957|0,928010|2,463169|1,273743|1,364053|
A melhor solução desse PSO é:
3 10 9 11 
2 13 7 8 14 1 
5 0 12 6 4 
Quantidade de trocas de:0,000000
Makespan: 163,000000
