732|858|1050|935|879|692|1135|847|1137|923|618|751|632|992|548|705|1227|729|647|1190|812|935|784|1019|947|1161|662|1189|649|869|1127|1143|733|798|687|783|653|680|718|751|650|1000|956|943|754|570|686|1194|1107|673|1027|943|749|1013|701|1219|813|652|733|1335|1554|1453|774|916|886|669|941|667|961|1136|825|1172|831|721|990|618|471|909|1005|648|1229|935|1270|809|743|904|898|543|988|985|677|827|601|620|838|712|812|785|1023|538|950|937|915|727|741|1229|1003|729|1007|775|716|883|968|972|1021|937|530|955|790|1022|873|1067|1127|762|878|656|675|981|799|903|715|1101|624|697|913|674|823|1004|744|1121|733|704|1254|837|693|692|633|888|951|954
487|402|459|411|389|387|389|387|389|402|387|449|465|416|440|419|387|402|443|442|387|389|434|430|431|389|367|457|402|389|397|431|402|411|433|390|442|418|408|462|455|434|440|402|421|389|402|389|424|423|389|387|402|411|448|387|402|439|402|402|402|387|389|453|408|434|389|478|389|389|389|402|460|430|487|445|402|444|434|433|448|389|416|402|436|467|387|465|389|402|402|410|420|473|367|453|412|389|389|400|402|441|387|390|454|389|387|430|389|401|441|389|402|389|466|428|403|473|444|389|390|403|402|412|402|475|387|367|434|439|444|411|416|402|490|408|449|402|402|389|422|440|387|450|462|440|390|387|402|402
Iteração que foi encontrado o Melhor Global: 823
Quantas vezes o Melhor Global foi alterado (Lembrando que a verificação na inicialização acumula nesse contador): 5
Particula Inicial do melhor global:
2,461940|0,248427|1,971387|1,433735|2,475569|0,830868|0,564911|2,817591|2,811619|2,863343|0,602289|2,994828|2,522408|1,541334|0,283138|
Particula Final do melhor global:
0,127554|2,455968|2,380080|1,525451|2,503741|2,973297|1,081956|0,503134|1,997137|1,197833|0,072026|2,438490|1,365129|2,345092|2,781576|
A melhor solução desse PSO é:
10 0 7 
6 9 12 3 8 
13 2 11 1 4 14 5 
Quantidade de trocas de:11,000000
Makespan: 367,000000
