1113|1062|900|864|961|1023|990|1244|836|1384|866|750|1167|804|669|877|867|798|1148|901|1104|901|1013|931|785|876|1123|798|845|866|874|1382|1003|1119|1104|895|1136|802|1031|1126|768|1197|956|962|983|863|831|1038|808|1016|1365|754|935|817|879|777|1742|996|957|705|1117|768|1082|941|1294|1020|852|891|868|940|1204|1214|1071|752|999|978|1005|839|1077|752|1191|839|1091|1246|732|737|908|1061|930|899|866|959|870|1051|752|733|1206|821|1236|1278|664|1439|1062|1254|750|659|1274|1078|1100|1245|932|1175|879|1057|1159|756|832|1076|1077|1195|840|978|1124|994|1290|880|966|629|1275|814|789|883|735|784|848|1075|1154|679|1068|1011|917|1037|651|907|669|1376|925|1282|1084|979
499|528|473|506|499|478|515|473|483|478|499|508|483|478|483|478|521|494|478|478|499|473|501|483|494|469|508|508|508|483|478|473|488|478|478|473|514|488|494|499|506|501|478|494|507|499|478|505|483|507|501|473|478|478|473|499|473|478|478|500|499|478|478|483|469|500|478|500|478|488|473|499|500|473|473|478|478|504|507|499|478|478|488|478|478|500|521|508|483|506|494|473|488|499|478|488|500|473|502|521|473|478|533|500|478|483|508|508|483|490|473|473|483|500|473|499|494|474|494|539|473|474|478|478|473|488|499|478|515|507|508|494|478|499|474|500|501|483|478|478|478|501|500|508|478|473|499|478|508|500
Iteração que foi encontrado o Melhor Global: 598
Quantas vezes o Melhor Global foi alterado (Lembrando que a verificação na inicialização acumula nesse contador): 10
Particula Inicial do melhor global:
1,030218|0,734457|0,129509|1,605504|0,024030|0,442822|0,598868|1,056758|1,647973|1,159620|0,370510|0,292148|0,197358|1,552559|1,384494|
Particula Final do melhor global:
0,994694|1,686531|1,656618|0,393063|1,028348|0,369812|1,731208|0,680923|0,971297|1,925899|0,058945|1,388501|0,444110|1,000920|0,961125|
A melhor solução desse PSO é:
10 5 3 12 7 14 8 0 
13 4 11 2 1 6 9 
Quantidade de trocas de:7,000000
Makespan: 469,000000
