545|1195|933|869|1289|581|761|708|1018|565|708|1049|987|709|961|777|596|793|849|962|1061|1416|788|865|717|1257|849|745|741|768|738|1004|778|602|790|1036|865|935|692|1225|995|587|780|555|1012|793|690|642|1115|573|720|1003|631|909|677|802|875|719|904|633|789|800|1043|628|878|648|724|799|817|1053|1072|744|747|1435|957|1745|485|589|736|759|594|819|944|848|742|1402|814|795|755|1165|641|830|714|993|728|1004|770|593|794|1292|678|1457|663|1211|974|556|851|596|797|839|931|1135|816|1010|637|835|964|1294|730|567|639|778|686|638|753|831|881|960|793|656|759|596|730|848|783|569|1249|830|846|900|657|1301|859|1199|842|617|610|699|819|531
357|357|357|357|368|368|368|458|393|445|429|368|368|357|357|368|431|357|434|357|357|368|419|437|357|368|485|357|357|357|357|465|424|393|368|357|403|368|357|401|357|357|357|357|401|368|357|446|399|398|357|417|357|441|357|368|357|368|409|450|357|357|368|357|357|368|368|368|465|357|368|357|357|397|435|368|435|357|368|425|447|368|404|357|451|368|439|444|357|368|368|380|368|357|357|357|418|458|357|368|357|368|368|368|368|426|463|368|357|357|397|368|368|400|357|357|408|368|368|408|397|357|357|397|357|414|400|357|357|451|428|368|357|368|431|357|357|454|368|393|449|433|357|368|438|357|368|357|357|357
Iteração que foi encontrado o Melhor Global: 266
Quantas vezes o Melhor Global foi alterado (Lembrando que a verificação na inicialização acumula nesse contador): 4
Particula Inicial do melhor global:
2,261777|1,223439|0,089351|2,973161|1,938808|2,608078|1,358338|0,060462|2,404988|2,795495|0,549394|2,693498|1,806576|2,967578|0,309455|
Particula Final do melhor global:
0,765976|2,932035|1,205987|1,954275|1,452384|2,875403|0,631917|2,049523|1,075553|1,791730|0,978544|0,464172|2,425914|0,434410|2,636636|
A melhor solução desse PSO é:
13 11 6 0 10 
8 2 4 9 3 
7 12 14 5 1 
Quantidade de trocas de:10,000000
Makespan: 357,000000
