226|314|204|263|211|276|200|319|267|237|222|169|195|233|216|239|235|264|285|263|226|245|294|254|290|267|236|287|289|212|256|217|294|249|266|286|305|272|264|177|337|279|215|182|209|325|258|248|354|188|223|248|241|201|250|294|224|220|274|180|286|242|191|285|237|303|243|239|227|269|291|380|314|263|264|215|272|228|272|245|277|267|177|284|207|180|202|266|244|232|272|238|221|197|237|230|210|261|273|256|188|267|223|215|216|228|195|241|284|242|237|234|239|185|253|297|192|329|271|201|227|267|228|225|227|211|342|207|356|299|218|260|229|245|218|218|224|242|203|189|191|254|247|251|204|353|222|291|263|312
169|170|169|169|170|169|169|168|170|169|169|169|169|170|171|169|168|170|169|168|168|168|173|171|168|168|169|169|169|168|168|170|169|169|169|169|170|169|170|168|170|170|168|171|169|169|169|169|168|170|168|170|168|169|169|169|169|171|169|169|168|168|169|168|168|168|172|171|169|169|168|169|168|169|169|168|168|169|168|169|169|168|169|171|170|169|169|169|169|169|168|169|172|168|170|169|169|169|168|168|169|169|171|168|171|169|168|171|168|172|169|170|169|168|169|168|170|169|169|171|168|169|169|170|169|168|168|169|169|169|169|169|168|168|168|169|168|171|169|168|169|169|169|169|169|169|172|169|169|171
Iteração que foi encontrado o Melhor Global: 370
Quantas vezes o Melhor Global foi alterado (Lembrando que a verificação na inicialização acumula nesse contador): 2
Particula Inicial do melhor global:
0,718545|2,489618|1,914463|1,164301|2,936966|2,742521|2,407061|2,429270|1,484451|2,861361|1,336516|0,662543|1,321729|1,254050|0,996810|
Particula Final do melhor global:
2,351815|0,302446|0,918963|1,621052|1,147148|0,540592|1,610385|1,112285|0,666616|2,505427|1,159219|2,074117|2,256968|0,336865|0,341385|
A melhor solução desse PSO é:
1 13 14 5 8 2 
7 4 10 6 3 
11 12 0 9 
Quantidade de trocas de:6,000000
Makespan: 168,000000
