705|641|560|779|796|616|869|1197|925|839|625|773|503|539|699|534|692|701|735|697|710|770|511|992|735|819|723|580|568|786|673|498|528|620|554|601|633|725|498|678|635|1046|565|750|635|507|891|856|707|768|727|757|759|835|817|766|641|574|753|1293|792|659|789|605|624|539|596|629|677|897|715|1058|1107|669|992|841|960|747|833|589|556|917|568|1172|729|505|1121|643|582|597|959|672|718|511|702|718|1060|744|643|472|600|605|533|606|989|737|677|956|1048|580|685|956|911|694|566|794|1089|681|532|621|813|451|707|598|856|921|527|598|580|720|1079|1039|679|496|638|1143|799|564|734|649|729|731|633|956|917|646|1195|443|1216|879
359|357|356|333|355|395|333|352|356|398|333|351|333|346|333|333|333|333|395|333|357|404|333|346|392|333|357|390|333|359|333|333|333|357|390|355|333|358|333|333|333|333|355|357|333|333|407|355|333|357|370|333|333|359|357|333|355|400|355|357|359|333|333|333|333|333|333|399|333|333|333|366|344|357|395|377|359|333|357|333|371|333|333|333|361|359|333|333|333|355|333|402|333|361|333|381|333|333|333|406|333|333|333|333|333|372|333|333|333|355|333|355|333|333|333|357|355|333|333|359|357|347|333|357|343|378|333|333|333|365|333|357|333|333|347|333|333|346|333|344|333|355|356|357|333|359|333|432|366|395
Iteração que foi encontrado o Melhor Global: 189
Quantas vezes o Melhor Global foi alterado (Lembrando que a verificação na inicialização acumula nesse contador): 8
Particula Inicial do melhor global:
0,134962|1,348496|2,513442|0,648476|1,676928|2,166713|0,447471|2,534725|1,065344|2,802790|2,483896|0,515426|0,802643|1,815293|2,995779|
Particula Final do melhor global:
1,132955|0,523875|2,480248|0,031804|1,435954|0,285224|0,441244|1,776796|0,377452|1,286283|2,894406|2,273773|1,786888|1,411906|2,060124|
A melhor solução desse PSO é:
3 5 8 6 1 
0 9 13 4 7 12 
14 11 2 10 
Quantidade de trocas de:12,000000
Makespan: 333,000000
