1472|1406|1923|1207|1375|1370|1240|1771|1415|1436|1642|1321|1127|1159|1158|1280|1822|1294|1088|1498|1258|1312|1167|1948|1162|1658|1118|1047|1152|1652|1201|1444|1374|1262|1060|1242|1094|1396|1161|1377|1756|1759|1251|1345|1099|1103|1726|1116|1356|1569|1394|1464|1331|1135|1223|1391|1163|1925|1250|1234|1555|1123|1076|1179|1428|1094|1129|1501|1643|1569|1309|1463|1547|1259|1597|1285|1066|1539|1686|1361|1555|1722|1408|1320|1970|1620|1379|1196|1053|1382|1845|1159|1783|2180|1346|1201|1294|1271|1641|1446|1186|1106|1526|1209|1494|1065|1431|1441|1377|1541|1384|1449|1404|1251|1410|1680|1557|1103|1515|1424|1245|1164|1059|1163|1375|1164|1242|1499|1443|2116|1447|1363|1125|1202|1883|1335|1118|1267|1111|1431|1263|1458|1516|1111|1191|1433|1754|1145|1657|1471
771|698|725|775|771|857|775|771|767|770|791|775|771|775|791|830|767|705|732|884|875|800|698|892|748|786|732|705|814|837|795|698|775|795|833|732|884|698|771|698|732|771|791|795|767|767|779|771|789|830|833|775|771|705|775|775|725|771|837|795|771|698|775|767|897|767|775|840|767|767|771|841|775|837|833|829|833|783|861|829|771|795|855|764|791|767|857|787|775|767|775|828|775|775|771|732|767|795|771|837|791|795|775|732|771|771|767|767|767|760|771|775|826|861|838|771|771|791|698|771|698|775|745|698|705|767|767|767|725|767|795|791|795|826|705|775|879|762|771|837|771|779|771|789|890|771|795|795|833|725
Iteração que foi encontrado o Melhor Global: 634
Quantas vezes o Melhor Global foi alterado (Lembrando que a verificação na inicialização acumula nesse contador): 16
Particula Inicial do melhor global:
1,966320|1,820777|1,896815|1,477455|0,811165|0,346038|0,087299|0,576046|1,260687|1,207749|0,792180|1,446694|1,427482|0,483204|1,905967|
Particula Final do melhor global:
1,792207|0,175810|1,623953|1,619833|0,812274|0,243084|0,496770|1,932585|0,963681|1,459003|0,359400|0,073137|0,485767|1,062497|1,474254|
A melhor solução desse PSO é:
11 1 5 10 12 6 4 8 
13 9 14 3 2 0 7 
Quantidade de trocas de:13,000000
Makespan: 698,000000
