286|606|444|345|463|374|634|698|460|577|468|637|683|389|491|456|282|472|342|535|523|343|681|729|514|406|391|359|497|545|325|602|368|649|401|371|407|476|205|405|422|554|326|703|606|428|761|336|385|287|446|551|467|531|406|388|353|389|503|407|523|366|494|617|659|631|538|901|448|389|326|474|347|614|378|478|373|458|402|441|430|390|375|518|352|513|394|445|758|522|421|505|440|450|532|408|404|833|482|330|625|454|306|325|586|570|491|739|567|283|385|419|536|457|465|510|613|368|465|429|316|583|458|410|695|360|425|363|309|604|527|365|361|635|750|612|398|298|481|832|768|363|455|460|421|419|406|688|493|418
171|167|174|167|201|169|163|163|169|163|167|174|174|178|163|169|167|163|167|174|174|174|174|174|163|163|163|163|163|174|163|174|163|163|163|163|172|172|163|174|174|174|167|163|173|163|172|163|187|163|174|167|163|163|190|167|163|167|163|163|172|174|167|163|167|167|174|163|163|174|173|174|163|163|163|167|167|178|180|163|174|174|163|163|163|167|167|163|163|174|163|174|163|163|174|163|163|163|165|169|174|189|167|167|163|174|167|169|163|163|174|163|167|163|163|199|191|163|174|174|163|169|174|163|163|174|176|174|174|174|167|167|174|174|174|167|163|174|167|163|163|169|163|181|174|163|174|169|174|163
Iteração que foi encontrado o Melhor Global: 356
Quantas vezes o Melhor Global foi alterado (Lembrando que a verificação na inicialização acumula nesse contador): 6
Particula Inicial do melhor global:
1,930424|1,796036|0,177638|1,644181|0,251392|2,828667|1,286733|2,999435|1,347442|0,433594|2,628581|0,902068|2,856464|2,958462|1,919564|
Particula Final do melhor global:
2,143696|2,332222|1,644463|0,147637|2,968892|2,465308|1,273700|0,413443|2,523869|1,690879|2,120039|1,449624|0,037253|0,466658|2,086130|
A melhor solução desse PSO é:
12 3 7 13 
6 11 2 9 
14 10 0 1 5 8 4 
Quantidade de trocas de:0,000000
Makespan: 163,000000
