656|675|602|702|615|712|585|912|632|1095|890|615|907|968|555|666|833|778|710|660|411|912|719|617|791|734|714|562|855|997|567|638|1073|635|713|740|652|900|767|682|551|858|952|628|749|714|722|1016|737|733|854|691|705|947|835|697|709|714|666|681|737|867|428|665|785|825|921|629|790|709|544|665|709|924|598|741|712|604|977|483|511|879|508|898|822|593|772|684|956|1192|564|631|826|618|568|875|653|1323|688|569|729|476|814|611|1093|498|1009|624|563|803|589|1161|1004|958|542|1054|519|916|811|599|760|702|568|611|654|905|873|540|946|519|654|658|677|825|627|485|624|1037|733|618|662|528|542|587|619|796|590|832|618|471
351|351|351|359|351|387|351|351|406|351|351|351|351|396|351|388|351|351|351|351|395|372|351|378|351|399|351|351|351|351|351|351|351|383|351|351|351|369|351|351|397|361|351|359|362|351|371|388|351|351|351|369|410|414|363|374|351|351|385|351|385|362|414|361|385|398|411|408|357|376|351|378|351|351|351|351|409|372|351|351|351|351|386|351|351|372|351|351|375|374|351|351|351|351|351|351|351|351|351|405|395|395|378|378|351|351|369|351|351|365|369|351|351|377|351|351|351|351|403|351|378|359|369|351|424|351|351|402|351|405|351|391|369|394|380|406|351|351|395|372|418|351|366|359|351|385|351|351|351|351
Iteração que foi encontrado o Melhor Global: 23
Quantas vezes o Melhor Global foi alterado (Lembrando que a verificação na inicialização acumula nesse contador): 4
Particula Inicial do melhor global:
2,873469|2,387887|2,811586|1,190539|2,602926|2,097729|0,372148|0,239550|2,999832|2,341662|2,952617|0,719152|2,837882|0,955256|1,580471|
Particula Final do melhor global:
2,700268|1,302628|2,187254|2,196511|0,996971|1,431152|0,484938|0,550826|1,982337|2,211792|0,823741|1,784415|0,859969|2,348739|1,059022|
A melhor solução desse PSO é:
6 7 10 12 4 
14 1 5 11 8 
2 3 9 13 0 
Quantidade de trocas de:14,000000
Makespan: 351,000000
