289|319|244|215|279|252|237|231|201|240|245|300|236|246|270|290|256|229|209|356|333|349|211|488|235|227|271|263|387|316|250|216|234|288|244|204|280|266|273|277|254|265|222|269|311|261|244|297|244|211|250|224|368|307|296|338|323|245|323|297|191|252|264|286|208|207|225|273|329|305|266|275|317|245|345|215|440|312|330|362|223|285|396|332|342|244|258|337|324|298|280|224|310|218|377|268|259|209|217|259|289|268|257|243|261|231|276|223|265|270|254|208|254|295|279|228|391|345|256|222|324|228|255|236|378|226|222|321|293|343|259|196|233|350|277|264|212|217|265|280|335|300|210|301|504|282|274|393|284|331
183|186|179|176|178|176|185|184|181|186|175|187|176|176|176|179|182|188|184|176|185|176|184|183|183|178|183|186|179|182|182|183|182|175|179|183|178|183|183|177|182|176|176|184|182|184|176|181|184|182|176|176|176|183|185|184|183|183|177|176|176|184|178|179|186|176|176|177|184|182|188|176|181|184|185|187|182|176|183|180|176|176|182|176|183|176|182|177|184|183|183|183|176|178|177|186|176|176|176|176|176|176|185|178|176|176|176|179|176|176|184|178|180|176|180|184|176|185|182|176|183|181|176|176|176|182|177|183|184|176|180|184|183|184|184|185|179|182|182|176|177|176|183|183|176|185|181|181|176|184
Iteração que foi encontrado o Melhor Global: 979
Quantas vezes o Melhor Global foi alterado (Lembrando que a verificação na inicialização acumula nesse contador): 8
Particula Inicial do melhor global:
0,262074|2,594346|0,893004|0,191051|2,638160|2,561694|1,624710|0,548558|1,761417|0,603865|2,279428|0,299999|1,219848|1,632643|1,975457|
Particula Final do melhor global:
1,105878|2,490033|2,529692|0,599398|0,647595|1,417810|1,431983|2,159198|2,217829|1,795577|0,940940|0,907934|1,776748|0,147345|0,464645|
A melhor solução desse PSO é:
13 14 3 4 11 10 
0 5 6 12 9 
7 8 1 2 
Quantidade de trocas de:3,000000
Makespan: 175,000000
