562|1006|862|824|619|798|893|794|850|932|842|870|686|714|706|955|774|1039|919|1328|733|685|926|851|635|965|814|1026|922|805|688|991|703|678|590|624|805|579|1073|740|1094|907|650|781|849|763|1265|984|712|620|719|1277|839|748|755|1008|757|1101|907|791|1246|661|716|1146|1001|729|1259|609|1024|781|780|677|1019|589|833|701|935|688|790|721|859|914|629|686|1073|1075|975|1131|1101|873|1177|929|757|1124|869|685|869|796|723|1006|676|660|623|900|748|1059|1120|867|876|1174|895|819|705|718|670|825|592|631|683|963|880|1121|1385|1409|797|694|687|836|860|776|866|820|1049|637|828|748|917|887|770|720|835|855|795|748|775|1076|997|740|1006|647
459|459|459|459|459|459|459|459|459|459|459|459|459|459|459|459|459|459|459|459|459|459|459|459|459|459|459|459|459|459|459|459|459|459|459|459|459|459|459|459|459|459|459|459|459|459|459|459|459|459|459|459|459|459|459|459|459|459|459|459|459|459|459|459|459|459|459|459|459|459|459|459|459|459|459|459|459|459|459|459|459|459|459|459|459|459|459|459|459|459|459|459|459|459|459|459|459|459|459|459|459|503|459|459|459|459|459|459|459|459|459|459|459|459|459|459|459|459|459|459|459|459|459|459|459|459|459|459|459|459|459|459|459|459|459|459|459|459|459|459|459|459|459|459|459|459|459|459|459|459
Iteração que foi encontrado o Melhor Global: 5
Quantas vezes o Melhor Global foi alterado (Lembrando que a verificação na inicialização acumula nesse contador): 5
Particula Inicial do melhor global:
0,647095|0,906573|1,420543|1,364893|0,890155|1,016345|0,031656|1,798112|1,188288|0,588244|1,728628|0,350871|1,758996|1,334468|1,013848|
Particula Final do melhor global:
1,699384|0,415404|0,830344|1,261803|0,644835|1,302222|1,130245|0,746948|1,555991|1,416755|0,993219|0,879254|1,125856|0,466134|1,693683|
A melhor solução desse PSO é:
1 13 4 7 2 11 10 
12 6 3 5 9 8 14 0 
Quantidade de trocas de:6,000000
Makespan: 459,000000
