288|286|203|197|201|194|200|215|200|164|269|244|221|282|167|240|263|277|254|281|268|328|186|221|203|243|265|276|229|228|185|184|338|184|220|263|222|183|202|342|222|222|197|199|191|178|304|213|302|198|196|227|203|204|193|189|195|171|241|283|205|255|211|267|205|286|186|259|243|223|170|263|250|271|200|232|177|223|227|228|207|252|196|213|238|214|210|238|286|243|201|225|203|205|202|295|255|230|243|181|221|194|183|223|227|211|229|189|233|203|248|236|200|247|276|270|236|213|288|186|220|232|207|238|219|252|248|230|191|255|214|214|186|249|180|237|237|200|245|208|195|244|181|179|271|209|164|195|218|194
154|155|154|157|156|152|152|158|158|155|152|156|156|154|157|154|153|155|153|155|152|156|154|154|157|157|156|156|155|154|157|153|153|155|156|155|157|157|156|158|156|157|152|153|152|157|155|154|156|154|152|152|155|156|154|154|152|154|153|155|153|156|157|156|152|157|158|153|157|153|155|156|152|155|155|156|156|158|153|152|154|156|154|158|155|158|155|152|154|158|152|159|152|152|156|154|154|152|158|152|156|155|154|152|152|153|152|152|154|156|156|154|154|153|153|153|153|155|154|153|158|153|154|154|152|155|154|152|152|154|154|152|152|154|157|153|152|154|154|153|156|152|157|156|156|155|156|155|155|152
Iteração que foi encontrado o Melhor Global: 274
Quantas vezes o Melhor Global foi alterado (Lembrando que a verificação na inicialização acumula nesse contador): 6
Particula Inicial do melhor global:
1,017795|2,411646|1,800282|2,051000|0,944433|1,309709|1,208350|1,581407|0,598339|0,958909|2,294425|2,113954|0,680262|1,385346|2,343817|
Particula Final do melhor global:
2,860042|0,931471|0,874272|1,265106|1,492753|2,863219|1,154934|1,131843|1,437523|2,499116|2,002344|2,467108|2,654901|0,514637|0,643342|
A melhor solução desse PSO é:
13 14 2 1 
7 6 3 8 4 
10 11 9 12 0 5 
Quantidade de trocas de:14,000000
Makespan: 152,000000
