1432|1538|1065|1984|971|1157|1004|1764|1567|1352|1495|1062|1523|996|1135|1041|1500|1507|1089|1013|1411|1265|1165|1430|1055|1194|1541|1206|1564|1340|1116|1175|1019|1472|1346|1175|1388|1202|1177|1296|1674|2146|1938|1057|2001|1907|1261|1204|1383|1585|1011|1236|1070|1536|1182|1372|1286|1213|1509|1167|1120|1217|1297|1323|1368|948|1846|1304|1206|1106|1399|1598|1150|1046|1253|1511|1172|1498|1409|1074|1320|1315|1131|1256|1681|1064|1552|1312|1436|1550|1262|1615|1350|1070|984|1148|1280|984|1315|1443|1026|1114|1196|1430|1357|1158|1454|1440|1875|1190|1397|1315|1225|1334|1491|1653|1354|1151|1090|1158|1028|1570|1444|1254|1323|1203|1394|1097|1030|1653|1137|1647|930|1242|1037|1230|1383|1075|1448|1603|1105|1442|1646|1444|1312|1701|1125|1453|989|1124
738|720|738|792|837|713|715|755|778|773|792|798|713|738|724|780|715|731|796|786|715|738|805|715|715|832|720|792|806|695|720|769|720|718|715|795|713|769|786|791|820|713|695|746|731|695|715|720|793|719|767|788|720|780|715|791|769|715|790|738|735|738|735|713|786|751|720|768|720|752|778|755|792|747|794|724|781|755|713|826|706|749|715|715|753|748|713|801|720|715|748|713|754|748|713|738|814|715|765|720|783|738|802|720|720|713|713|720|724|787|713|720|762|778|713|769|738|773|724|757|706|725|807|718|769|753|718|720|720|715|778|713|782|787|713|720|720|749|745|724|755|740|713|823|713|713|715|738|742|715
Iteração que foi encontrado o Melhor Global: 913
Quantas vezes o Melhor Global foi alterado (Lembrando que a verificação na inicialização acumula nesse contador): 11
Particula Inicial do melhor global:
0,676279|1,014720|0,993900|0,574475|0,955715|0,779280|0,200167|0,570836|0,988709|0,033271|0,583331|1,561148|0,699392|0,549401|1,878364|
Particula Final do melhor global:
1,192110|0,914544|0,438802|1,468654|0,617209|0,968042|1,301560|0,218851|1,703293|1,794663|1,029815|1,146583|1,740657|0,453017|0,877315|
A melhor solução desse PSO é:
7 2 13 4 14 1 5 
10 11 0 6 3 8 12 9 
Quantidade de trocas de:13,000000
Makespan: 695,000000
