1814|1613|1755|1538|1236|1566|1519|1884|1335|1361|1681|1393|1474|1456|1621|1550|2004|1369|1333|1786|2364|1669|1210|1861|1317|1607|2146|1247|1199|1513|1368|1546|1285|1191|1534|1449|1502|1760|1707|1489|1650|1442|1476|2071|1358|1705|1460|1584|1212|1424|1525|1310|1173|1620|1609|1339|1524|1563|1439|1107|1168|1408|1347|1163|1384|1374|1849|1246|1928|1509|1581|1646|1378|1541|1720|1226|1336|1746|1269|1202|1501|1592|2025|1641|1872|1129|2618|1383|2543|1577|2049|1717|1239|1819|2284|1246|1150|1376|1602|1828|1749|1604|1237|1742|1236|1253|1488|1186|1932|1281|1473|1729|1622|2007|1269|1286|1574|1293|1503|1290|1506|1408|1400|1243|1320|1666|1289|1537|1370|2030|1902|1674|1384|1875|1811|1979|1457|1656|1549|1357|1906|1223|1484|1321|1574|2197|2006|1348|1599|1539
768|764|701|768|860|831|768|777|889|831|777|777|764|777|835|906|701|837|777|831|844|777|777|701|764|852|890|701|768|822|822|777|776|984|777|777|701|777|768|831|764|764|777|833|777|768|777|776|701|844|833|768|764|777|822|777|822|777|764|844|777|822|777|890|835|844|835|777|701|884|835|777|889|777|777|764|777|777|777|844|764|884|701|831|822|764|768|777|701|831|777|835|777|777|701|777|777|764|835|835|835|831|822|776|841|903|777|777|701|777|777|822|764|777|777|777|777|764|777|835|854|777|777|777|777|777|891|884|764|835|868|890|777|777|777|831|777|824|764|831|831|777|776|822|764|831|822|701|777|777
Iteração que foi encontrado o Melhor Global: 823
Quantas vezes o Melhor Global foi alterado (Lembrando que a verificação na inicialização acumula nesse contador): 12
Particula Inicial do melhor global:
0,608618|0,738678|0,845212|1,901401|0,628572|1,717410|1,782809|0,833490|0,326270|0,816509|1,010778|1,860852|1,498402|0,007802|1,924962|
Particula Final do melhor global:
1,393368|0,261890|1,241311|1,890309|1,783832|0,469756|1,076216|1,772463|0,695010|0,618317|1,319566|0,287765|0,752295|0,619153|0,445227|
A melhor solução desse PSO é:
1 11 14 5 9 13 8 12 
6 2 10 0 7 4 3 
Quantidade de trocas de:14,000000
Makespan: 701,000000
