210|239|232|201|260|217|231|289|230|295|306|197|267|345|302|273|263|265|360|257|296|246|237|184|381|217|200|224|198|236|314|411|267|275|195|272|246|190|267|300|204|253|251|329|197|205|238|210|342|206|226|248|333|213|257|236|232|300|283|274|246|285|222|237|345|257|217|194|294|217|272|293|271|224|404|277|230|319|187|214|379|247|203|240|255|184|263|209|291|196|211|430|277|248|226|249|195|270|249|249|265|211|252|214|364|212|252|326|233|192|237|200|229|272|290|285|251|245|284|262|222|317|235|200|225|387|257|205|331|221|235|209|199|249|232|190|289|298|269|256|210|364|221|258|250|328|253|260|185|229
173|181|175|176|175|179|176|175|175|176|173|176|177|175|175|172|171|174|172|177|176|174|171|178|174|175|178|173|175|175|175|176|175|172|176|174|177|178|178|178|180|177|174|175|175|172|176|175|176|177|177|175|181|174|176|175|173|177|178|175|175|177|177|179|173|176|175|178|171|173|173|178|174|175|176|174|176|176|177|178|176|176|176|175|176|177|175|171|172|176|172|178|173|176|176|172|175|175|172|175|178|178|175|179|172|176|178|172|175|175|172|175|176|178|173|178|174|175|172|175|176|176|176|178|176|175|175|177|178|176|176|177|176|178|174|177|179|176|176|171|177|175|171|176|174|176|173|175|177|176
Iteração que foi encontrado o Melhor Global: 753
Quantas vezes o Melhor Global foi alterado (Lembrando que a verificação na inicialização acumula nesse contador): 7
Particula Inicial do melhor global:
1,747219|2,282300|1,863013|1,590747|0,896947|1,364863|0,871194|0,316386|1,194656|1,019526|0,560518|2,422599|2,092671|0,964988|0,598642|
Particula Final do melhor global:
2,606799|0,043169|0,662591|0,496167|1,344290|2,212053|0,691332|1,989294|2,741219|1,978093|1,018424|0,740739|1,408527|2,716173|1,948528|
A melhor solução desse PSO é:
1 3 2 6 11 
10 4 12 14 9 7 
5 0 13 8 
Quantidade de trocas de:12,000000
Makespan: 171,000000
