253|220|301|229|245|246|198|318|234|216|164|561|460|306|282|223|273|240|198|264|270|161|249|196|316|146|266|180|266|583|230|298|319|188|363|330|521|282|246|369|186|320|186|277|154|211|422|288|188|274|414|317|461|212|190|183|198|217|173|336|155|176|174|318|387|343|181|381|155|277|346|207|219|174|165|419|373|287|274|301|287|248|358|270|228|190|184|214|467|293|211|316|162|291|183|252|353|208|213|207|246|492|207|187|378|206|215|241|210|419|347|212|173|346|183|262|284|162|177|229|274|262|324|322|382|366|164|324|373|317|281|198|189|202|272|202|204|165|188|232|362|405|274|446|227|242|175|430|197|361
142|142|142|142|143|142|142|144|142|143|142|143|146|144|143|142|142|142|142|145|144|142|142|143|145|142|143|144|142|142|142|143|142|142|143|143|142|142|143|142|142|142|142|142|143|143|142|144|142|142|142|143|143|142|142|142|142|143|143|142|142|142|142|142|142|142|142|142|142|143|144|142|142|143|142|142|143|143|143|143|143|142|142|143|142|142|142|142|142|142|142|142|142|142|142|144|143|142|142|142|143|142|142|142|143|145|145|143|143|143|142|143|142|142|144|142|142|142|142|142|142|142|142|142|142|142|143|143|142|142|142|143|142|143|142|142|145|142|143|142|143|142|142|143|142|143|145|142|142|142
Iteração que foi encontrado o Melhor Global: 36
Quantas vezes o Melhor Global foi alterado (Lembrando que a verificação na inicialização acumula nesse contador): 5
Particula Inicial do melhor global:
2,858616|2,626121|0,408922|1,300826|2,776483|0,498176|1,785247|2,355414|2,185670|2,753543|2,340686|2,944881|1,717878|0,100320|0,461435|
Particula Final do melhor global:
1,231400|0,989746|1,048184|0,683010|2,592899|0,858925|2,217287|1,247641|0,994234|2,137435|2,536735|1,006105|0,053133|1,313671|2,150538|
A melhor solução desse PSO é:
12 3 5 1 8 
11 2 0 7 13 
9 14 6 10 4 
Quantidade de trocas de:0,000000
Makespan: 142,000000
