640|555|771|473|490|769|740|558|522|696|562|747|689|790|926|553|782|783|668|630|673|673|453|685|456|544|565|706|614|611|540|671|646|622|805|960|590|463|577|706|583|547|640|660|627|578|774|855|490|565|1016|658|606|586|585|840|811|671|720|821|516|559|471|493|592|616|689|408|839|534|397|750|530|424|541|825|617|795|635|772|691|651|966|503|1068|742|532|533|735|563|740|935|1004|593|913|692|484|767|748|592|863|644|651|1095|570|880|900|610|662|653|747|545|674|587|554|559|553|582|496|838|708|549|482|662|751|980|574|733|633|458|564|722|593|483|647|564|506|815|634|871|575|773|470|638|460|535|1104|445|559|443
331|300|300|349|300|300|300|300|300|300|300|296|296|350|300|306|300|300|300|366|330|296|300|353|300|335|300|300|295|300|296|300|300|300|300|295|312|336|300|300|300|300|329|300|300|330|300|300|300|300|296|352|300|359|300|334|296|331|300|300|318|300|296|300|296|300|296|375|300|300|300|300|300|340|300|295|364|374|324|300|300|300|300|300|300|345|300|300|318|364|296|345|300|306|296|296|300|300|300|344|300|329|319|354|300|300|300|306|296|300|296|343|300|346|340|300|300|300|300|306|300|343|339|306|295|300|300|300|300|341|300|300|300|296|300|322|300|306|300|300|337|300|323|328|300|300|296|338|300|300
Iteração que foi encontrado o Melhor Global: 860
Quantas vezes o Melhor Global foi alterado (Lembrando que a verificação na inicialização acumula nesse contador): 6
Particula Inicial do melhor global:
1,999199|2,782635|2,461517|1,582863|0,044378|0,426844|0,507226|1,510302|0,503688|2,867034|0,331213|2,977895|0,947444|2,795263|1,469702|
Particula Final do melhor global:
1,683419|2,288302|1,955669|1,960438|1,778824|0,618061|2,986608|1,641010|0,639121|0,903307|2,623625|0,331503|2,338824|0,323421|1,492094|
A melhor solução desse PSO é:
13 11 5 8 9 
14 7 0 4 2 3 
1 12 10 6 
Quantidade de trocas de:14,000000
Makespan: 295,000000
