374|414|280|298|369|385|369|397|288|249|318|351|283|376|321|289|312|426|285|303|277|321|397|276|283|289|271|356|348|282|346|282|288|283|271|312|340|273|265|398|270|369|298|323|240|305|427|361|399|258|311|375|320|325|266|288|321|307|289|346|286|331|290|272|277|296|306|276|327|341|315|249|333|379|293|263|287|293|434|326|361|389|324|332|356|344|254|325|411|253|334|263|379|268|337|277|305|366|279|426|350|275|310|364|284|412|283|337|318|321|296|293|266|261|392|288|394|296|359|256|313|251|261|310|296|353|258|393|375|315|291|269|291|381|296|317|378|353|246|275|305|295|347|292|302|305|403|293|270|281
234|234|234|234|237|234|234|234|234|234|234|234|234|234|234|234|234|234|234|236|234|234|234|234|234|238|234|234|234|234|236|234|234|234|234|234|234|234|234|234|234|234|234|234|234|234|236|234|240|234|236|234|234|234|234|234|234|234|234|234|234|234|234|234|234|234|234|234|234|234|238|234|234|234|234|234|234|236|234|232|236|235|234|234|234|234|234|237|234|234|236|234|234|234|234|237|234|234|234|234|234|234|234|234|234|234|234|234|234|234|234|232|236|234|234|234|234|234|239|234|234|234|234|234|234|234|234|234|237|234|234|234|234|238|234|234|234|234|234|234|234|234|234|234|234|234|234|234|234|234
Iteração que foi encontrado o Melhor Global: 970
Quantas vezes o Melhor Global foi alterado (Lembrando que a verificação na inicialização acumula nesse contador): 5
Particula Inicial do melhor global:
1,950161|1,072234|0,117870|1,273477|1,536729|1,340942|0,793569|1,298965|1,064212|0,581024|1,104791|0,202556|0,370717|1,742670|1,672014|
Particula Final do melhor global:
0,408234|0,608176|1,863657|1,872411|1,082686|0,862455|0,673599|1,278099|0,046054|1,133752|0,977182|0,908971|0,849067|0,432925|1,430527|
A melhor solução desse PSO é:
8 0 13 1 6 12 5 11 10 
4 9 7 14 2 3 
Quantidade de trocas de:16,000000
Makespan: 232,000000
