916|684|819|762|842|1045|1181|840|934|601|975|1058|650|540|1272|728|843|769|1177|808|810|883|900|790|847|1368|782|853|767|617|606|1029|646|878|607|589|881|884|898|730|743|670|553|1274|591|792|1107|941|904|914|1419|731|954|1000|793|758|687|743|1015|990|1082|924|593|849|960|680|920|869|541|974|555|1103|684|1039|766|741|636|633|660|1415|625|863|737|912|915|853|1210|647|643|1049|750|930|1064|647|606|1097|822|805|741|941|545|723|713|863|655|617|1575|794|1124|716|710|676|1167|970|724|1282|853|814|768|674|566|609|629|1087|755|1085|721|585|1271|922|784|808|935|752|836|746|946|773|779|909|1099|1244|794|860|603|1060|622|960|772|831
419|419|393|424|419|393|398|397|386|428|435|398|397|379|448|393|392|448|420|398|406|420|398|435|392|379|392|440|419|443|419|379|392|418|379|419|452|453|440|427|374|406|434|425|379|374|414|398|423|379|398|379|374|379|401|379|452|393|374|398|398|435|434|374|374|420|448|434|379|398|374|393|392|399|393|379|422|393|374|393|379|398|403|429|431|374|392|439|374|391|420|416|419|452|398|398|393|374|406|374|393|374|379|379|436|399|419|374|374|403|420|421|420|399|398|393|398|459|435|441|409|379|419|416|398|479|403|414|406|398|429|447|398|374|398|420|450|398|376|393|426|374|456|397|420|398|463|379|379|398
Iteração que foi encontrado o Melhor Global: 396
Quantas vezes o Melhor Global foi alterado (Lembrando que a verificação na inicialização acumula nesse contador): 9
Particula Inicial do melhor global:
1,187562|2,943486|2,886834|1,449288|0,111455|1,962519|2,547277|2,237491|1,842521|2,091360|0,510017|2,035873|1,624088|2,915154|2,982643|
Particula Final do melhor global:
0,399555|1,950688|1,887880|1,775592|2,423613|2,964169|1,790229|2,200276|1,168808|0,486802|0,956332|1,874093|0,935046|1,252115|2,456001|
A melhor solução desse PSO é:
0 9 12 10 
8 13 3 6 11 2 1 
7 4 14 5 
Quantidade de trocas de:11,000000
Makespan: 374,000000
