212|200|174|289|231|290|193|200|237|236|242|251|274|204|188|179|207|196|214|196|244|164|160|240|264|170|248|284|162|233|230|219|186|214|196|193|251|231|169|230|229|283|271|251|329|296|213|227|263|206|176|294|208|182|234|306|219|297|183|206|253|218|265|253|248|204|190|198|264|199|248|194|207|207|235|204|163|190|220|260|201|179|201|200|249|201|209|226|261|235|233|233|215|239|184|173|208|231|267|182|216|229|269|182|207|178|218|250|201|275|186|168|176|316|272|223|289|160|246|240|228|191|188|212|241|277|218|184|178|292|262|183|231|217|192|175|292|222|257|247|199|292|300|210|197|323|314|205|225|259
155|154|157|156|154|156|152|152|154|157|152|155|152|154|154|152|153|156|153|152|156|157|157|157|155|154|154|156|156|156|156|158|156|152|156|156|152|152|156|153|152|154|157|156|156|152|152|155|156|153|152|156|156|154|156|154|152|152|155|156|157|156|152|152|153|155|156|153|154|154|156|156|158|155|156|155|152|155|152|154|156|156|155|154|153|152|153|157|156|155|152|155|154|156|157|154|153|157|152|152|152|153|157|156|155|156|155|153|156|154|152|152|155|152|155|152|156|156|156|159|152|157|156|153|154|154|153|158|152|155|152|153|156|155|154|153|156|156|152|157|156|158|156|154|152|158|158|152|152|154
Iteração que foi encontrado o Melhor Global: 27
Quantas vezes o Melhor Global foi alterado (Lembrando que a verificação na inicialização acumula nesse contador): 5
Particula Inicial do melhor global:
0,562390|2,657295|1,652298|1,644051|1,077320|1,559143|2,875337|1,491293|2,800200|1,716779|0,763850|2,949103|0,638236|1,533221|2,921562|
Particula Final do melhor global:
0,707007|2,948387|2,129536|1,731718|1,098516|1,504456|1,348298|0,378604|1,965434|2,895418|0,035119|2,323171|1,729357|1,472279|0,207347|
A melhor solução desse PSO é:
10 14 7 0 
4 6 13 5 12 3 8 
2 11 9 1 
Quantidade de trocas de:13,000000
Makespan: 152,000000
