221|240|224|177|163|235|233|230|174|268|185|201|234|192|248|219|207|244|250|202|225|231|190|237|203|237|210|279|229|202|355|279|229|199|249|191|203|291|254|214|194|201|203|201|195|214|175|219|175|237|203|214|240|202|198|207|292|209|201|153|217|217|247|278|197|202|188|157|259|177|197|196|215|248|221|237|224|242|250|173|153|189|189|214|243|235|207|287|208|289|171|187|240|203|234|169|179|214|243|241|228|183|211|248|169|175|259|276|221|204|262|221|239|197|204|247|223|228|268|219|283|177|190|174|240|169|212|208|239|200|191|191|208|168|189|191|171|257|177|304|224|215|233|192|165|235|252|228|203|248
147|149|146|148|149|149|148|148|148|151|146|148|146|146|149|149|150|147|150|146|148|146|147|146|150|151|146|146|148|150|146|150|146|148|146|150|148|150|149|148|146|149|146|150|146|150|147|150|148|146|146|146|150|152|149|148|146|147|150|146|150|146|146|150|149|147|147|148|147|146|151|149|146|148|146|148|146|146|150|150|150|150|147|147|148|146|149|148|149|146|148|148|150|150|146|149|149|147|146|148|152|148|148|151|151|147|146|153|150|148|149|146|150|149|146|150|146|148|147|147|148|146|148|146|149|149|148|147|146|146|146|150|146|149|150|148|149|146|146|146|150|150|148|148|146|146|146|148|146|150
Iteração que foi encontrado o Melhor Global: 134
Quantas vezes o Melhor Global foi alterado (Lembrando que a verificação na inicialização acumula nesse contador): 7
Particula Inicial do melhor global:
2,865319|2,482451|2,170807|1,229352|0,574139|1,878713|0,405892|0,861814|0,083473|1,272712|1,121482|0,468800|0,992851|2,803779|2,318939|
Particula Final do melhor global:
1,110799|0,566184|1,500057|1,413544|2,772800|0,033231|2,467441|1,470689|0,894666|1,216481|2,193309|0,931031|2,497856|1,294410|0,752174|
A melhor solução desse PSO é:
5 1 14 8 11 
0 9 13 3 7 2 
10 6 12 4 
Quantidade de trocas de:15,000000
Makespan: 146,000000
