379|297|328|293|354|288|260|285|315|301|255|265|283|316|295|279|309|330|273|281|297|381|374|298|319|387|331|320|297|303|255|386|311|328|264|361|316|320|260|296|323|267|329|393|393|265|331|310|277|338|379|258|263|483|272|269|249|272|307|401|292|382|295|307|333|311|331|265|332|257|282|356|257|281|270|305|370|318|253|395|303|303|253|252|328|443|355|280|308|293|313|345|321|360|318|275|301|313|389|321|283|273|277|276|281|270|280|254|287|366|368|310|281|252|259|262|444|252|294|289|286|327|254|359|316|271|305|270|262|284|274|281|358|254|271|351|282|310|307|287|362|329|270|483|336|290|254|301|323|256
238|230|240|230|238|230|240|236|233|230|230|230|236|240|233|239|234|230|230|230|234|230|230|239|230|230|230|230|240|230|230|230|239|230|230|230|233|230|233|230|233|240|236|240|230|230|236|230|230|239|230|230|230|236|236|230|230|240|243|230|230|234|230|230|230|230|240|238|230|230|230|230|239|230|239|236|230|230|230|230|239|236|230|230|239|230|240|230|240|230|236|230|230|236|234|230|238|238|230|230|236|230|230|240|230|230|237|230|230|230|237|230|230|230|230|230|239|230|230|230|230|230|230|230|230|230|230|230|236|236|230|243|242|234|230|233|230|230|230|230|230|240|230|230|236|230|243|230|239|239
Iteração que foi encontrado o Melhor Global: 226
Quantas vezes o Melhor Global foi alterado (Lembrando que a verificação na inicialização acumula nesse contador): 8
Particula Inicial do melhor global:
1,573051|0,435026|0,447430|1,458761|1,996831|1,018232|0,474380|0,631278|0,087112|1,163586|1,727611|0,601935|0,708999|1,901976|1,569313|
Particula Final do melhor global:
0,678745|0,653698|0,467193|1,896191|1,411337|0,475743|1,175532|0,290406|0,478046|1,684402|1,219007|0,911330|1,204633|1,470355|1,708186|
A melhor solução desse PSO é:
7 2 5 8 1 0 11 
6 12 10 4 13 9 14 3 
Quantidade de trocas de:15,000000
Makespan: 230,000000
