270|305|216|190|247|307|260|329|262|250|213|247|249|223|307|324|217|275|339|260|203|233|276|221|297|256|324|264|310|276|223|204|209|257|204|223|270|221|215|212|293|327|239|321|218|246|243|211|207|346|316|394|335|215|241|199|225|202|316|232|309|263|263|212|239|366|227|274|339|286|264|326|210|213|216|213|278|193|208|250|281|215|304|208|223|278|281|211|260|247|228|234|239|284|263|213|246|235|206|185|255|310|206|308|217|273|246|200|249|196|245|275|294|286|222|291|222|236|190|314|226|229|230|238|270|227|365|194|312|294|319|215|268|292|352|238|302|308|217|383|224|346|235|204|244|283|228|195|220|307
176|173|175|176|176|176|176|177|180|175|172|175|171|176|176|175|176|180|180|171|175|174|171|173|176|175|175|171|177|174|174|171|178|171|175|175|178|171|171|175|175|176|177|173|176|173|176|171|181|172|174|174|174|177|178|176|171|174|171|175|173|179|177|176|175|178|172|176|171|178|171|175|172|176|179|176|176|176|175|178|176|173|181|173|175|173|176|174|173|174|173|175|177|176|176|175|177|171|175|175|180|175|173|176|180|178|177|174|175|174|175|174|179|176|179|175|171|174|178|173|172|175|179|176|173|177|176|178|171|177|178|178|171|174|173|176|171|171|180|171|178|178|173|174|173|173|176|176|177|171
Iteração que foi encontrado o Melhor Global: 761
Quantas vezes o Melhor Global foi alterado (Lembrando que a verificação na inicialização acumula nesse contador): 10
Particula Inicial do melhor global:
2,090253|0,907746|2,755310|1,687949|0,061200|0,967650|1,053883|2,904506|2,305460|0,847470|0,034598|2,142724|2,996337|0,645988|1,484795|
Particula Final do melhor global:
1,889511|0,166583|0,394104|0,643612|0,747978|2,718052|2,743951|1,253131|1,495911|0,869878|2,785166|1,632025|1,683757|2,216085|1,346721|
A melhor solução desse PSO é:
1 2 3 4 9 
7 14 8 11 12 0 
13 5 6 10 
Quantidade de trocas de:14,000000
Makespan: 171,000000
