678|605|1010|685|558|872|577|1073|626|683|616|552|608|1063|672|524|638|659|775|723|553|1088|1098|742|1103|787|820|699|992|775|647|753|1040|602|679|728|609|616|758|561|937|833|781|618|545|569|469|1072|716|514|733|568|752|670|595|853|537|798|1021|994|667|621|601|792|721|826|668|667|575|783|698|943|648|497|988|515|676|1050|763|809|514|520|846|590|537|537|792|802|598|623|734|705|905|805|565|850|634|1192|929|564|750|692|648|468|685|675|618|623|582|934|1034|800|550|577|1003|697|1042|539|1099|866|531|777|837|961|714|680|787|486|655|847|629|720|587|887|629|717|726|652|732|904|966|661|698|689|824|615|615|550|676|1239
375|380|371|390|412|430|412|375|368|426|377|399|368|403|350|350|411|350|404|375|415|350|350|371|375|393|411|348|350|350|389|393|371|368|350|393|389|416|434|350|417|402|371|364|350|402|350|377|411|377|407|377|371|381|390|371|350|385|399|350|404|385|407|377|411|350|377|350|350|371|350|350|407|350|350|371|419|371|393|350|412|389|350|350|392|371|371|389|405|368|412|377|350|375|400|350|419|398|402|375|422|389|432|350|399|389|350|371|350|409|423|392|393|417|350|411|412|385|396|404|377|368|350|389|412|388|385|377|370|377|350|412|385|419|350|421|392|368|371|350|345|345|407|371|374|397|390|410|350|433
Iteração que foi encontrado o Melhor Global: 928
Quantas vezes o Melhor Global foi alterado (Lembrando que a verificação na inicialização acumula nesse contador): 11
Particula Inicial do melhor global:
2,673151|1,610728|0,562588|0,221476|1,208171|0,898346|2,889306|2,091774|2,743997|1,825903|0,350548|1,907471|1,784853|1,974187|2,606424|
Particula Final do melhor global:
1,804139|2,830618|0,893043|0,672930|1,213358|2,158642|1,174245|0,299113|1,839264|0,475719|2,860883|2,601559|2,269889|1,686643|0,563704|
A melhor solução desse PSO é:
7 9 14 3 2 
6 4 13 0 8 
5 12 11 1 10 
Quantidade de trocas de:12,000000
Makespan: 345,000000
