325|355|266|224|198|194|271|278|181|288|313|278|350|215|223|290|208|225|183|281|195|200|202|294|332|184|298|265|280|229|271|325|193|194|228|295|219|209|210|192|361|262|191|230|273|211|210|212|262|226|259|308|235|236|364|217|229|217|206|284|215|203|216|216|227|238|316|304|278|199|227|301|242|343|204|281|234|207|204|238|234|192|271|207|213|199|193|223|217|280|263|188|207|233|301|213|291|269|288|224|363|174|271|240|198|268|234|195|221|350|263|277|279|284|273|297|203|247|230|273|258|290|219|219|246|229|305|211|273|241|262|253|289|264|193|212|207|223|239|266|233|227|257|171|177|245|248|226|253|239
169|171|169|169|169|169|170|169|169|169|169|168|171|169|169|169|170|169|169|169|169|170|169|169|168|168|168|169|169|171|168|169|170|169|169|169|170|171|169|170|168|169|170|169|169|169|169|172|168|169|168|169|169|168|169|169|169|169|171|169|168|168|168|168|169|170|171|169|171|169|169|169|170|170|169|169|170|169|168|168|169|172|169|171|168|169|169|169|169|170|169|168|169|169|169|169|169|169|169|171|169|170|170|169|169|169|169|169|169|173|169|168|170|170|168|171|169|169|169|169|169|169|170|169|169|171|169|169|168|168|170|169|171|169|171|170|168|169|170|168|171|170|168|168|168|169|169|168|169|169
Iteração que foi encontrado o Melhor Global: 539
Quantas vezes o Melhor Global foi alterado (Lembrando que a verificação na inicialização acumula nesse contador): 3
Particula Inicial do melhor global:
0,328564|1,494855|1,231712|0,608330|1,416012|2,978625|1,130030|0,467804|0,076390|2,025349|0,540022|1,062081|1,497617|2,519571|0,024690|
Particula Final do melhor global:
0,711674|1,134309|0,186764|2,380023|0,929749|2,824971|0,880688|1,652044|1,995112|0,393874|2,953835|1,492387|2,297704|1,851334|2,177616|
A melhor solução desse PSO é:
2 9 0 6 4 
1 11 7 13 8 
14 12 3 5 10 
Quantidade de trocas de:4,000000
Makespan: 168,000000
