760|543|696|723|686|605|620|970|696|605|567|826|489|720|884|667|661|820|574|831|520|777|736|513|834|627|726|704|719|599|663|708|689|593|481|955|926|619|519|522|409|1042|619|673|904|923|765|470|650|519|457|623|843|637|600|894|1158|571|469|1083|563|796|919|1035|523|781|843|654|857|761|579|570|627|999|778|560|815|955|612|613|585|534|529|763|545|607|774|489|575|480|543|1179|574|657|993|658|924|614|506|457|512|691|578|698|880|1033|684|1015|1026|728|872|813|579|550|680|740|704|883|608|544|611|1011|478|735|520|886|879|822|600|694|772|545|509|682|731|686|507|630|532|886|652|596|571|493|1109|770|486|548|883|669|905|530|781|1097|759|902|958|699|775|535|631|561|823|738|622|836|927|748|652|892|630|613|796|790|593|595|795|519|957|923|611|533|635|817|627|686|482|569|986|783|768|944|469|596|842|918|756|742|1019|729|555|539|821|579|502|620|516|876|946|601|665|879|952|526|545|460|808|829|775|635|875|864|593|771|1064|962|664|486|607|500|500|1028|587|725|612|618|924|797|577|498|810|476|709|787|705|767|566|771|672|915
309|374|282|301|193|326|256|226|193|387|344|317|262|261|193|349|282|250|352|295|350|193|193|250|364|302|323|297|307|282|193|323|263|278|236|325|289|193|234|269|224|283|193|328|309|193|278|193|363|234|254|231|283|283|195|252|219|283|193|318|193|193|296|193|329|282|193|250|298|346|282|193|257|289|282|282|193|257|331|193|282|346|327|252|274|352|193|282|221|193|334|193|310|350|273|250|290|193|253|348|282|289|289|345|250|324|276|329|193|282|321|193|276|269|289|339|282|193|245|246|193|193|346|284|343|193|244|282|313|193|282|336|224|289|300|276|235|357|193|282|309|315|315|257|193|289|255|274|331|276|282|250|193|193|310|193|193|287|313|342|193|234|282|314|193|193|276|193|296|268|303|227|193|282|225|193|193|281|193|268|282|193|193|193|193|309|193|349|317|193|193|282|250|369|193|193|193|250|247|297|354|282|193|336|273|193|193|333|193|193|274|227|193|236|337|224|309|363|226|253|346|377|332|193|282|193|255|347|193|282|288|193|282|193|364|193|250|265|335|193|231|250|346|342|193|282|295|326|282|333
Iteração que foi encontrado o Melhor Global: 391
Quantas vezes o Melhor Global foi alterado (Lembrando que a verificação na inicialização acumula nesse contador): 17
Particula Inicial do melhor global:
2,873410|2,703606|2,594247|1,274019|1,684149|2,260717|0,386078|0,652331|1,547841|2,191110|2,548923|0,395710|0,878517|2,786334|2,910664|2,952471|0,488426|1,249653|2,893211|0,142414|2,430844|0,864072|1,291638|2,090919|2,485460|
Particula Final do melhor global:
2,535452|0,544202|2,418386|0,105834|2,555500|0,602179|2,047120|2,793275|2,710089|1,415480|1,349979|0,535920|1,627999|0,683198|0,913376|1,567753|2,844471|2,023914|1,744119|1,673527|0,609710|1,932629|1,950193|0,626868|2,288846|
A melhor solução desse PSO é:
3 11 1 5 20 23 13 14 
10 9 15 12 19 18 21 22 
17 6 24 2 0 4 8 7 16 
Quantidade de trocas de:0,000000
Makespan: 193,000000
