770|904|1171|831|962|947|845|1237|847|1281|1205|926|984|1229|979|1024|817|925|1161|1089|837|1024|965|891|899|1341|1128|1005|963|959|1199|1434|916|790|1347|948|987|830|872|856|856|1066|979|1088|1087|807|888|873|912|1018|898|1018|854|864|1056|1071|1204|957|1060|817|1201|916|1143|1224|1116|1107|1025|1268|873|1427|1022|973|847|1005|969|972|854|910|991|861|1219|1056|964|1074|1270|808|1185|804|894|964|1005|906|1142|903|1095|1047|1192|1031|1216|1031|1345|1084|805|813|870|886|810|859|974|748|1110|773|989|909|984|983|967|1273|1162|1114|980|807|930|1126|714|1036|950|910|1071|1001|1020|928|766|883|1045|865|1373|955|891|1244|1421|850|970|1354|775|829|1040|781|818|899|832|843|1061|1124|1296|954|891|1037|1158|1273|936|971|911|1145|989|767|1071|866|1120|890|938|1148|1094|893|1282|956|1107|1042|1150|1158|873|685|885|887|946|988|948|1050|855|798|1077|1048|946|1033|934|938|1171|855|1047|661|1108|1156|1144|846|763|914|828|1524|1005|967|909|929|861|1323|973|998|1045|929|1110|888|1127|929|1114|1317|981|1218|940|1078|922|1057|1051|908|826|908|751|858|1068|1516|934|899|902|832|1028|1033|1166|732|955|1115|782|1055
551|500|584|548|515|485|478|519|478|518|478|494|520|478|478|478|598|478|499|478|478|535|478|527|478|478|485|553|478|478|478|478|478|590|555|506|478|527|478|511|478|478|478|478|494|478|478|546|478|512|516|478|478|478|478|478|478|513|478|478|546|478|478|478|478|523|478|520|478|478|478|478|478|478|478|485|520|512|478|478|478|478|478|478|478|478|478|478|478|478|478|478|527|518|478|478|478|530|478|516|478|478|499|478|478|478|557|478|582|548|478|493|551|478|478|528|478|478|478|481|478|478|478|554|478|554|478|496|478|478|585|478|478|566|484|478|552|525|478|549|562|478|478|545|478|478|547|496|523|478|478|515|478|478|478|582|478|478|478|484|478|478|496|517|543|478|478|548|478|516|549|478|546|512|478|579|478|478|478|478|478|621|478|515|520|478|478|478|478|478|478|478|478|484|478|520|478|478|478|478|478|527|478|478|478|478|553|478|478|537|478|478|478|478|478|478|478|512|478|494|478|478|478|557|478|478|512|478|554|478|548|521|478|478|548|515|499|478|478|497|478|478|478|478|478|484|545|523|478|612
Iteração que foi encontrado o Melhor Global: 158
Quantas vezes o Melhor Global foi alterado (Lembrando que a verificação na inicialização acumula nesse contador): 15
Particula Inicial do melhor global:
0,481605|1,219044|0,900187|1,495514|1,497735|0,549635|0,472602|0,761390|0,435859|1,066665|1,636224|1,583840|0,164778|1,288744|0,729234|1,971601|0,058237|1,974996|1,460945|0,685499|0,179110|1,818962|1,757704|0,137766|1,803299|
Particula Final do melhor global:
1,731757|1,504378|1,104817|1,791354|0,200322|1,229653|1,528226|0,120960|1,368293|1,767485|0,650673|1,295708|0,881260|0,424823|1,532801|0,995630|0,331583|1,795863|0,767159|1,311022|0,810252|0,612010|0,577589|1,726588|1,268833|
A melhor solução desse PSO é:
7 4 16 13 22 21 10 18 20 12 15 
2 5 24 11 19 8 1 6 14 23 0 9 3 17 
Quantidade de trocas de:4,000000
Makespan: 478,000000
