1089|777|1129|622|786|1030|1074|767|863|946|699|773|752|877|996|725|846|776|765|842|896|871|806|589|648|743|953|805|697|775|1169|952|904|749|1108|763|971|952|602|745|768|856|919|832|989|835|640|607|766|906|839|906|802|762|942|833|805|981|716|808|870|878|828|798|951|1006|613|863|754|770|813|696|746|702|801|1239|605|884|898|776|894|868|859|902|989|850|894|792|695|996|702|943|832|876|975|774|734|823|737|693|1234|901|1072|841|974|961|801|1038|976|1038|811|676|895|824|1017|793|825|863|1189|1221|964|869|699|855|777|989|727|818|764|849|768|687|987|1030|635|1101|724|654|675|649|1082|865|873|880|786|886|746|937|981|844|1109|852|799|901|819|909|624|656|866|946|667|927|771|855|1069|997|760|687|884|1359|904|874|702|832|860|696|912|619|763|855|697|750|854|1157|945|984|898|829|701|848|870|814|691|748|1099|788|719|820|800|931|833|747|849|745|770|719|1017|798|1194|890|1015|719|785|780|904|979|872|709|693|777|788|818|974|824|681|722|731|1093|656|749|856|879|943|854|1026|857|775|907|1058|1106|782|987|820|824|736|724|660|865|800|764
444|423|493|462|444|462|428|444|444|444|444|470|444|476|451|462|444|471|470|423|485|458|444|462|444|444|444|467|444|444|515|493|423|467|444|423|473|444|423|444|444|431|499|444|423|428|444|444|423|477|444|428|457|444|444|423|453|462|444|454|462|469|477|462|431|446|444|492|444|444|444|444|431|454|428|444|444|431|477|471|444|444|514|423|444|444|431|431|463|444|473|444|501|423|477|477|444|428|472|467|444|444|423|423|462|444|444|467|485|444|444|430|444|428|444|478|431|423|444|444|477|444|425|470|504|478|493|467|459|471|477|444|472|444|501|491|423|444|444|444|478|450|444|423|444|517|444|454|462|444|444|444|423|423|431|423|444|444|444|452|444|492|444|462|423|444|486|444|457|444|518|441|444|447|425|467|450|444|450|481|423|502|444|431|477|444|444|444|447|474|490|444|423|462|444|444|462|452|446|444|423|444|444|444|462|423|431|431|425|444|423|470|468|454|462|444|444|444|436|491|483|444|423|444|444|445|501|444|455|449|462|444|444|444|444|444|444|472|444|444|454|493|450|444|467|444|444|444|428|455
Iteração que foi encontrado o Melhor Global: 530
Quantas vezes o Melhor Global foi alterado (Lembrando que a verificação na inicialização acumula nesse contador): 11
Particula Inicial do melhor global:
0,871683|1,831880|0,613666|0,966116|1,225289|1,347724|0,468217|0,473399|1,958858|1,278996|1,965750|0,171163|1,864278|1,791289|1,990728|1,114678|0,520007|1,702388|0,307570|1,786648|0,711362|0,468677|0,599255|1,496852|1,865937|
Particula Final do melhor global:
1,887681|1,755940|0,719821|1,900220|0,422622|1,178996|1,254438|1,672318|1,363068|0,524639|1,514248|0,405970|1,666940|0,553457|0,376073|0,218774|1,881444|0,368453|0,739116|1,541206|0,671361|1,324269|1,576406|0,629442|1,402003|
A melhor solução desse PSO é:
15 17 14 11 4 9 13 23 20 2 18 
5 6 21 8 24 10 19 22 12 7 1 16 0 3 
Quantidade de trocas de:5,000000
Makespan: 423,000000
