177|236|162|309|180|172|214|184|152|309|265|202|230|204|155|179|205|175|203|199|182|153|246|198|242|196|257|195|191|142|224|164|171|195|153|259|139|221|213|161|168|209|267|242|309|251|152|158|286|163|222|201|184|244|230|151|260|177|185|222|204|271|149|240|218|198|183|205|140|232|221|137|204|208|197|155|259|252|195|150|185|193|195|222|168|184|215|151|263|180|162|189|317|186|188|182|178|202|242|215|219|191|188|190|162|213|255|162|194|215|198|289|264|167|198|165|161|169|166|203|147|251|231|168|237|143|241|196|196|177|282|233|213|140|143|155|159|218|301|170|224|287|215|257|172|221|166|243|183|183|196|191|197|246|191|214|228|212|281|189|157|179|182|192|198|155|218|177|191|162|191|155|231|167|179|166|195|213|175|166|217|157|246|173|221|207|140|190|188|174|137|185|231|145|185|208|151|220|203|143|151|240|198|224|216|152|209|163|164|233|189|169|225|218|201|201|222|198|194|210|194|189|173|183|189|260|200|171|178|172|203|206|146|217|210|205|190|205|154|216|230|204|158|179|227|182|306|215|153|208
132|132|135|134|130|132|134|131|128|134|129|135|132|131|134|130|133|131|133|135|131|132|136|133|130|131|133|129|134|137|134|136|130|133|132|133|134|130|130|135|134|132|129|132|130|131|129|135|135|135|137|131|135|131|135|134|133|134|134|132|133|131|133|131|135|130|134|136|129|132|131|134|135|133|135|135|132|131|133|133|133|133|135|130|132|132|131|135|131|136|130|134|135|131|138|133|130|132|133|131|135|132|132|131|131|135|132|133|129|131|134|134|131|133|131|131|136|132|134|135|135|131|134|132|136|135|133|132|132|134|133|134|132|134|136|133|133|134|128|132|131|130|133|133|128|133|134|131|132|134|131|134|135|132|132|132|135|133|130|135|128|133|130|136|137|135|131|132|129|136|135|133|134|130|136|133|135|129|132|132|128|131|136|132|134|135|132|134|133|135|133|131|133|134|131|133|133|137|137|131|130|133|133|130|135|134|131|132|136|132|130|130|131|132|134|130|132|132|133|135|136|128|133|135|136|131|135|132|134|131|131|131|135|131|131|130|129|135|133|131|133|132|132|132|129|131|134|131|132|133
Iteração que foi encontrado o Melhor Global: 337
Quantas vezes o Melhor Global foi alterado (Lembrando que a verificação na inicialização acumula nesse contador): 6
Particula Inicial do melhor global:
2,832047|1,944551|1,474748|3,375085|0,561098|2,952045|0,420209|3,121086|3,977639|2,892524|0,663314|3,853663|0,089111|3,047592|1,798046|1,784361|2,232678|2,882051|3,080861|1,176474|2,483179|3,466003|2,115366|0,039404|1,498173|
Particula Final do melhor global:
3,310960|2,284937|3,583598|1,377647|0,515531|3,125208|2,333246|1,470274|3,524209|0,652704|2,825742|2,806216|3,455861|2,676995|1,870616|1,027326|0,580502|0,663387|0,310425|1,249127|1,202401|2,919872|2,548196|2,383663|0,839935|
A melhor solução desse PSO é:
18 4 16 9 17 24 
15 20 19 3 7 14 
1 6 23 22 13 11 10 21 
5 0 12 8 2 
Quantidade de trocas de:6,000000
Makespan: 128,000000
