542|529|506|758|494|709|807|802|507|684|765|419|840|638|424|563|589|508|459|788|636|605|857|486|815|627|841|641|1030|605|664|728|528|542|774|526|580|457|490|838|649|490|830|457|551|612|680|824|677|595|768|1150|602|985|505|898|659|578|781|769|916|361|659|691|612|491|869|890|400|749|573|711|697|549|776|554|799|673|428|837|567|654|554|413|708|465|750|1115|496|786|466|630|550|576|766|563|748|490|564|401|578|538|629|712|546|598|423|961|434|801|695|910|451|631|705|658|601|634|696|1058|759|567|942|452|869|728|429|665|640|480|478|399|669|677|526|446|915|733|530|698|393|562|658|456|665|509|495|699|702|633|818|425|707|757|642|782|537|389|503|507|596|472|602|470|535|761|557|648|690|571|491|814|745|586|525|617|495|464|551|947|1042|617|433|467|734|667|482|496|528|518|516|878|905|543|483|600|732|619|695|557|767|526|387|471|691|509|518|455|463|884|519|502|674|739|477|512|573|523|463|604|706|664|799|925|547|682|564|698|524|699|478|541|717|597|715|877|737|648|438|570|481|761|904|480|723|665|560|553|538|734
284|264|286|278|287|265|312|242|264|248|266|198|313|268|260|305|328|272|264|266|278|230|312|290|300|269|298|271|228|288|253|283|267|295|268|267|279|268|299|258|260|292|277|248|295|281|230|277|275|281|276|269|260|277|240|272|263|312|279|253|291|246|210|322|274|221|223|292|245|275|253|250|240|255|280|253|289|228|236|278|281|293|254|238|278|250|284|276|236|259|314|272|221|295|274|313|223|272|262|300|255|266|273|302|287|228|298|270|286|282|223|236|267|247|262|265|240|236|274|265|283|303|252|228|235|223|289|198|238|223|279|272|274|277|263|223|269|298|236|279|258|309|270|221|283|264|264|286|267|277|281|219|279|229|289|258|265|311|295|326|263|299|300|252|221|276|283|242|298|296|229|282|220|243|238|243|246|280|294|289|250|264|301|266|223|296|260|285|240|275|266|262|213|267|292|264|299|292|286|261|241|282|294|293|263|272|250|235|268|294|257|223|223|246|262|290|258|290|255|283|282|266|250|247|285|288|268|285|253|240|262|238|236|283|275|244|296|274|259|267|315|256|247|261|313|248|294|262|219|223
Iteração que foi encontrado o Melhor Global: 904
Quantas vezes o Melhor Global foi alterado (Lembrando que a verificação na inicialização acumula nesse contador): 21
Particula Inicial do melhor global:
2,446374|1,703996|1,529448|2,263141|3,668619|2,556720|3,071034|1,610871|2,835273|3,609697|2,817054|3,516353|2,957314|0,252715|2,723000|3,543147|2,819917|0,933165|1,542084|0,406226|1,743955|0,819372|0,833875|0,834266|0,294826|
Particula Final do melhor global:
2,449791|2,159013|2,861868|3,352963|1,270209|2,255562|2,360115|3,166061|3,681540|0,108538|3,174967|0,751964|0,387771|1,800236|1,476985|0,417134|3,757667|0,974124|1,810214|3,308159|1,100302|2,385496|3,791611|1,181380|2,524853|
A melhor solução desse PSO é:
9 12 15 11 17 
20 23 4 14 13 18 
1 5 6 21 0 24 2 
7 10 19 3 8 16 22 
Quantidade de trocas de:0,000000
Makespan: 198,000000
