359|421|333|289|339|273|341|356|244|251|329|387|320|411|450|262|340|415|336|456|333|373|420|404|247|289|369|267|294|376|269|303|358|238|475|291|315|410|315|306|420|379|567|441|386|332|390|350|295|415|528|454|340|309|251|322|380|304|351|320|347|313|499|305|396|299|306|313|280|459|404|282|346|428|346|352|354|368|321|467|279|273|402|341|251|305|319|436|261|244|369|318|295|401|374|430|336|282|290|453|317|260|346|291|292|384|316|396|313|332|477|390|282|342|316|581|272|331|348|414|313|314|366|319|288|311|278|341|299|548|303|332|312|258|307|409|328|237|454|397|353|336|262|274|411|336|293|388|438|320|418|334|347|358|315|445|337|350|329|400|295|287|275|337|356|358|396|313|356|278|279|270|358|411|398|328|291|353|263|461|454|397|381|279|295|352|310|325|317|367|403|331|283|459|331|254|346|288|269|250|352|319|257|342|414|356|446|331|397|358|382|287|345|499|328|443|287|358|464|366|318|346|372|334|401|263|443|335|405|356|434|384|422|320|535|317|397|349|465|406|325|280|391|332|398|404|456|285|356|401
218|203|216|219|209|200|207|198|228|212|185|205|203|198|205|216|200|200|215|211|225|206|211|216|206|208|194|215|218|207|203|220|214|208|220|217|210|193|197|208|209|212|214|209|208|222|219|202|185|200|202|208|181|219|215|208|207|201|202|207|216|205|211|213|207|220|217|208|202|196|215|190|211|206|207|224|213|208|206|216|207|218|201|212|211|203|213|197|218|215|197|213|213|210|214|227|219|207|212|210|204|203|207|203|209|213|213|206|204|200|222|215|210|205|188|214|211|218|207|213|200|211|206|216|212|196|213|200|218|200|200|216|210|224|210|205|200|214|193|224|203|216|200|191|212|202|217|204|218|193|212|204|200|214|206|197|198|196|206|213|214|213|216|207|206|208|223|227|210|189|203|199|196|215|219|192|209|203|213|213|221|205|200|208|194|213|217|220|213|208|219|198|213|198|219|220|211|198|187|213|212|209|200|208|206|206|221|216|213|212|198|212|200|217|207|198|220|211|219|205|217|224|211|215|200|211|211|208|207|208|219|219|208|214|230|211|213|211|214|194|216|211|190|208|199|216|221|220|223|205
Iteração que foi encontrado o Melhor Global: 562
Quantas vezes o Melhor Global foi alterado (Lembrando que a verificação na inicialização acumula nesse contador): 10
Particula Inicial do melhor global:
3,884181|3,511883|3,935843|2,172957|1,484133|1,347835|1,908726|0,574816|3,429886|2,804954|0,687509|1,485322|0,896214|0,163434|0,038046|1,775336|2,481337|2,984191|3,339907|1,716475|0,672018|2,565036|0,902221|3,196114|0,992199|
Particula Final do melhor global:
3,617614|1,793247|2,286717|1,791752|2,054994|3,261868|0,311212|0,993058|2,094170|1,699021|1,783329|3,755005|3,077483|1,019103|1,185678|2,528634|2,662080|0,189925|3,266574|3,372459|3,895231|2,420957|0,335853|1,818889|0,499856|
A melhor solução desse PSO é:
17 6 22 24 7 
13 14 9 10 3 1 23 
4 8 2 21 15 16 
12 5 18 19 0 11 20 
Quantidade de trocas de:2,000000
Makespan: 181,000000
