1013|772|644|495|619|452|717|710|514|834|941|510|929|575|715|759|450|648|510|777|488|699|440|531|748|555|504|703|394|470|649|857|773|459|522|427|479|583|702|839|622|525|634|647|575|679|515|698|764|771|820|1052|531|621|629|602|914|511|672|557|592|409|552|670|795|448|828|511|566|676|577|405|657|747|765|765|999|666|505|334|657|629|551|931|580|768|539|578|719|514|612|541|753|885|1098|400|618|572|708|678|886|606|747|776|756|672|489|532|623|631|499|660|684|540|1014|615|563|753|676|850|532|474|876|436|454|581|443|549|941|400|676|516|522|544|789|619|548|696|492|486|638|607|663|585|486|450|678|505|526|705|913|723|665|1091|789|687|620|505|655|477|1028|609|929|662|697|624|648|718|697|556|549|640|482|692|635|590|823|791|701|471|620|695|635|407|457|797|527|556|643|541|634|560|504|850|494|521|602|698|975|676|882|610|518|513|570|474|432|639|530|613|802|546|562|438|857|879|834|762|439|990|360|689|633|604|532|741|621|681|924|650|580|450|536|430|669|717|837|514|675|628|521|579|903|621|558|675|634|710|636|675
231|225|341|225|261|253|314|323|310|310|291|352|254|309|300|331|234|243|336|286|225|254|300|331|334|240|225|248|318|255|222|298|225|288|267|302|323|233|308|248|334|277|234|283|282|248|248|225|282|233|274|339|249|321|248|291|252|270|277|240|334|288|233|285|241|244|226|254|233|270|248|258|311|248|246|246|247|256|327|290|271|278|225|313|317|276|236|310|301|248|231|263|275|285|285|267|339|284|222|225|236|253|277|326|252|282|307|256|266|295|336|309|291|313|225|292|292|323|225|248|237|271|248|276|228|248|249|225|324|339|324|304|305|321|225|257|267|298|269|288|282|305|297|316|264|225|287|311|244|267|304|282|334|310|314|298|248|305|233|245|234|248|277|222|269|225|252|288|281|311|354|330|248|287|261|272|271|291|310|301|248|283|270|283|248|252|294|293|334|258|252|295|262|225|260|254|285|307|248|295|246|328|275|308|272|225|225|288|307|248|341|252|254|276|260|267|336|294|269|305|293|258|312|225|248|307|322|275|248|271|246|294|225|299|300|225|302|275|268|244|274|315|252|234|236|269|225|222|285|291
Iteração que foi encontrado o Melhor Global: 857
Quantas vezes o Melhor Global foi alterado (Lembrando que a verificação na inicialização acumula nesse contador): 12
Particula Inicial do melhor global:
1,157843|1,401688|1,155749|3,945687|0,700644|3,791433|3,514234|2,497346|2,390791|0,576352|1,280886|0,140417|3,303935|2,009340|2,332173|3,210207|2,503130|2,561721|3,174504|0,044555|3,323325|0,630801|1,043008|3,415304|3,474210|
Particula Final do melhor global:
0,634379|2,390199|2,313244|1,267864|3,315418|3,168852|0,678938|1,488764|1,513580|2,645279|3,919984|1,428635|0,335041|2,426056|2,564893|0,787119|0,748536|1,569158|2,097136|0,908997|2,777859|3,238438|1,316748|3,650416|0,989263|
A melhor solução desse PSO é:
12 0 6 16 15 19 24 
3 22 11 7 8 17 
18 2 1 13 14 9 20 
5 21 4 23 10 
Quantidade de trocas de:1,000000
Makespan: 222,000000
