320|259|294|366|300|268|319|241|382|322|315|308|410|332|529|315|400|405|286|283|280|257|504|298|392|271|473|233|365|293|304|368|374|376|335|291|343|374|261|378|312|342|444|296|327|350|313|232|313|365|339|319|443|289|512|300|239|351|283|248|347|531|324|295|328|368|227|270|324|307|367|316|349|406|425|314|338|328|292|391|322|420|356|492|298|372|413|345|263|271|330|272|375|373|316|266|383|555|342|450|381|440|307|313|317|361|285|320|276|290|222|386|299|303|413|319|371|324|257|376|243|289|339|373|282|288|415|373|274|294|346|384|317|358|301|295|261|322|242|411|279|327|345|407|262|259|260|513|278|328|309|373|294|389|298|316|299|282|370|267|303|344|349|453|278|421|315|373|422|430|331|274|274|362|337|254|342|432|350|517|354|276|378|471|306|281|320|279|348|397|266|371|401|265|290|350|355|358|297|379|297|361|315|342|291|401|305|439|287|354|280|276|318|330|323|389|369|331|320|319|373|293|308|282|283|300|497|341|328|314|299|353|388|281|250|300|411|441|397|297|290|422|273|322|397|339|297|426|324|405
215|221|200|215|216|210|192|214|208|203|191|196|200|172|213|201|208|200|204|211|213|201|212|207|196|211|194|214|189|210|201|189|207|197|193|203|195|215|218|198|197|203|204|172|211|205|189|207|211|213|207|196|191|172|207|204|202|203|211|208|217|191|204|206|194|199|198|210|202|207|172|208|211|226|213|210|214|172|201|208|199|213|201|193|209|194|193|176|177|198|190|205|200|203|214|212|193|217|199|212|189|207|209|185|198|192|195|205|209|210|222|190|209|196|195|206|205|210|205|212|228|199|191|172|209|199|201|208|212|221|183|203|206|206|197|172|206|211|197|213|204|211|189|204|200|207|211|197|207|207|196|197|203|206|202|211|192|197|191|203|193|201|203|216|172|210|202|214|172|172|205|206|188|206|200|194|172|206|208|202|217|206|184|219|178|187|208|217|206|210|207|210|204|215|188|219|211|177|201|172|188|208|187|184|172|172|192|217|211|212|206|187|214|204|214|197|197|206|204|190|194|208|199|199|200|212|190|205|192|179|201|187|215|207|199|196|203|212|189|198|211|172|205|209|202|201|202|200|196|205
Iteração que foi encontrado o Melhor Global: 499
Quantas vezes o Melhor Global foi alterado (Lembrando que a verificação na inicialização acumula nesse contador): 12
Particula Inicial do melhor global:
3,826033|1,056308|3,850283|1,842072|0,159460|1,683032|3,207191|3,500110|0,095867|2,077640|3,168326|3,580392|1,983758|0,280051|1,617892|1,136871|2,285447|3,454279|1,327066|0,993330|2,051971|1,494909|1,455829|2,869478|1,529999|
Particula Final do melhor global:
1,041725|2,149755|1,270821|1,192666|3,503179|3,316040|0,124195|2,721721|0,711369|1,439945|0,887192|1,203768|2,257348|0,509809|0,445015|3,141998|1,520575|3,246282|0,499258|0,897948|1,851198|2,316484|0,405768|0,647255|2,727000|
A melhor solução desse PSO é:
6 22 14 18 13 23 8 10 19 
0 3 11 2 9 16 20 
1 12 21 7 24 
15 17 5 4 
Quantidade de trocas de:5,000000
Makespan: 172,000000
