609|657|661|848|622|1109|475|533|481|856|531|634|800|532|460|450|542|492|482|839|685|452|459|514|1217|515|583|544|485|626|754|998|643|636|466|543|586|517|501|885|533|377|659|749|544|629|430|606|436|821|685|365|949|482|377|562|580|532|791|504|670|473|901|761|644|760|779|883|507|680|431|560|676|666|468|751|431|652|575|657|451|590|1134|630|567|491|754|747|500|457|632|499|468|607|568|515|560|524|719|751|633|624|571|675|496|451|580|514|506|731|897|473|696|579|789|666|555|730|453|394|433|550|583|514|520|772|549|493|675|608|752|497|575|673|554|623|502|920|454|615|512|672|540|480|520|832|723|621|722|802|664|718|941|366|661|465|524|535|395|590|476|514|740|646|912|673|584|867|988|806|673|604|439|643|477|578|679|472|678|615|613|694|664|703|509|486|646|1067|777|668|435|844|537|526|404|946|459|1008|880|623|577|634|920|899|700|575|563|838|524|391|686|451|715|850|412|703|577|606|639|648|571|569|539|695|872|962|633|646|527|566|434|437|516|552|476|531|377|635|535|737|700|709|473|530|520|514|601|598|693|600
196|216|219|321|292|332|287|251|312|310|257|339|230|306|222|293|233|264|224|235|218|218|289|315|291|298|279|290|263|232|316|253|222|287|196|196|247|218|311|271|293|247|317|224|242|235|249|273|276|222|214|262|237|287|262|278|245|294|232|318|285|289|262|222|222|222|284|291|311|257|283|250|237|309|288|222|240|232|232|322|256|330|271|261|311|237|222|254|290|283|286|272|263|268|325|223|232|232|232|252|270|293|250|247|232|267|330|283|228|242|245|297|229|256|287|256|288|253|294|264|247|298|223|244|249|311|287|280|244|264|320|241|292|260|196|275|275|232|272|251|309|222|282|308|281|266|269|243|257|222|299|293|222|196|282|286|296|247|289|253|327|288|222|291|310|259|296|237|222|344|222|248|292|287|255|297|305|232|283|312|222|237|265|304|276|323|233|241|289|294|277|261|263|286|291|282|278|275|241|277|316|270|222|289|253|313|196|222|314|244|268|232|254|232|272|312|314|281|260|222|288|281|260|316|256|222|290|301|274|222|232|276|250|249|218|260|288|266|219|222|307|296|289|260|257|298|294|277|316|251
Iteração que foi encontrado o Melhor Global: 854
Quantas vezes o Melhor Global foi alterado (Lembrando que a verificação na inicialização acumula nesse contador): 16
Particula Inicial do melhor global:
2,350619|2,728060|0,621059|0,408860|0,504278|1,049483|1,748435|3,970175|0,186716|1,283588|1,333122|3,299332|0,314967|2,337673|3,698365|3,065083|0,171256|2,001552|2,281560|0,996593|0,635571|0,427716|3,783702|3,373400|1,768171|
Particula Final do melhor global:
2,278631|2,297826|0,300285|1,658553|3,038944|2,204962|3,342777|1,835939|1,798345|3,636273|3,318731|2,077513|1,048417|2,628129|2,808613|3,448132|1,064766|3,012631|0,941825|1,179622|0,652312|1,221971|2,452590|2,683649|0,907619|
A melhor solução desse PSO é:
2 20 24 18 
12 16 19 21 3 8 7 
11 5 0 1 22 13 23 14 
17 4 10 6 15 9 
Quantidade de trocas de:0,000000
Makespan: 196,000000
