1072|1152|1011|1316|1188|994|1140|969|890|1053|1272|891|1053|1388|1045|1125|1160|1222|1475|1063|1157|1336|820|1239|1121|1009|1169|1052|1107|970|964|1497|1256|1158|1056|889|990|1434|1111|1133|1380|996|1166|1205|1224|1385|1521|1174|1106|1598|1082|1392|923|1173|961|1038|1245|1153|1109|1184|1220|986|1074|1328|1166|1015|1024|1283|1167|891|1205|1157|922|1159|876|1275|934|1232|1139|1167|984|1714|933|1466|1103|1449|1027|1219|1175|1107|1121|1133|1300|1217|1158|1101|1035|1036|1181|1138|1387|946|1175|1011|1058|1227|1260|861|1029|993|892|1234|1089|1117|895|1261|1098|1578|1357|859|1154|1122|1129|1225|1467|1037|1272|1183|1028|1137|1209|875|1184|1244|1100|1351|1076|934|1300|1425|1060|1248|1076|1109|980|1017|1390|1093|1137|1195|1052|1061|860|1121|1063|969|1096|954|838|1207|981|1071|1216|897|1005|1180|1139|1162|1183|1616|1077|958|1014|1131|1006|1173|1362|903|1745|971|1371|1028|1091|1097|1101|1429|1333|988|1141|1245|1232|1228|1103|1003|979|1125|1180|1122|920|1217|956|1169|1286|1069|1462|1314|1028|918|1084|1130|1071|1082|1180|822|1225|1049|1111|1029|1247|1174|1003|953|1312|1128|1470|1221|1099|859|1521|991|981|979|889|1295|1031|1138|1188|1273|1163|941|1387|1260|912|1305|999|1037|1003|1016|1606|1018
601|581|581|616|595|614|581|581|581|581|625|616|583|612|616|581|616|582|581|581|614|581|581|583|581|649|649|625|583|634|581|594|581|639|581|581|581|624|656|581|601|597|581|581|622|622|649|581|595|615|581|581|581|617|639|612|652|647|581|649|582|581|583|617|612|581|616|627|581|581|581|652|624|581|639|581|581|595|626|616|624|659|581|615|583|629|658|581|634|581|666|633|620|581|587|581|626|635|581|601|581|581|614|581|633|581|581|581|581|643|581|669|621|687|581|581|581|581|581|581|581|581|581|583|581|581|581|581|582|581|648|581|581|581|581|581|581|686|617|635|581|582|612|582|582|684|581|612|599|581|581|583|583|649|614|632|583|581|649|632|594|657|581|583|582|581|640|581|581|581|581|630|594|677|581|691|692|618|618|581|612|581|581|581|623|652|581|696|581|581|581|583|583|666|581|581|581|581|618|618|614|581|628|616|595|581|581|614|581|614|581|581|581|583|597|581|583|581|635|581|581|633|638|597|693|581|581|581|581|581|581|581|631|630|581|683|581|628|583|581|581|616|630|601|581|635|581|581|581|581
Iteração que foi encontrado o Melhor Global: 23
Quantas vezes o Melhor Global foi alterado (Lembrando que a verificação na inicialização acumula nesse contador): 12
Particula Inicial do melhor global:
1,502349|1,976434|1,801237|1,691220|0,173292|0,417229|1,324154|1,654626|1,993630|1,499011|1,587681|1,469787|0,424688|1,370387|0,932746|0,017049|1,301994|1,077137|0,867760|0,283538|1,666824|0,853075|1,769348|1,568145|1,463660|
Particula Final do melhor global:
0,730288|0,689429|1,368243|1,221091|1,172185|1,445017|0,404594|0,935947|1,794595|1,971552|1,025611|0,735953|0,466136|1,612510|1,808377|0,902204|0,153249|1,079472|0,068384|1,286989|0,015717|0,384260|0,731481|1,539777|0,611307|
A melhor solução desse PSO é:
20 18 16 21 6 12 24 1 0 22 11 15 7 
10 17 4 3 19 2 5 23 13 8 14 9 
Quantidade de trocas de:4,000000
Makespan: 581,000000
