1251|1589|1128|1226|1355|1350|1102|1279|1561|1246|1999|1032|1287|1485|1206|1132|1360|1234|1339|1756|1494|1432|1234|1372|1303|1145|1235|1590|1327|1413|1674|1396|1414|1766|1447|1644|1370|1773|1192|1334|1471|1199|1357|1414|1288|1352|1545|1191|1420|1353|1655|1279|1252|1580|1257|1232|983|1213|1701|1573|1219|1164|1425|1786|1460|1827|1293|1005|1275|1397|1413|1657|1483|1366|1611|1622|1488|1474|1711|1139|1238|1343|1211|964|1307|1000|1519|1444|1209|1486|1516|1635|1443|1418|1363|1473|1661|1133|1412|889|1425|1471|1297|1119|1162|1524|1231|1437|1208|947|1126|1638|1846|1312|995|1350|1759|1411|1294|1313|1146|1537|1674|1485|1386|1344|1335|1774|1348|1070|1700|1354|1120|1576|1133|1552|1223|1407|1483|1394|1209|1504|1181|1912|1493|1408|1081|1558|1351|1648|1138|1538|1128|1094|1127|1234|1199|1354|1623|1916|1462|1710|1275|1224|1235|1426|1174|1084|1104|1024|1896|1286|1712|1433|1278|1470|1329|1173|1218|1053|1223|1678|1526|1258|1310|1291|1442|1288|1185|1038|1464|1231|1224|1227|1713|1354|1211|1383|1254|1386|1187|1318|1262|1538|1396|1463|1279|1358|1326|1542|1277|1340|2034|1256|1118|1394|1522|1116|1307|1369|1156|1480|1282|1153|1105|1101|1403|1376|1041|1115|1225|1641|1288|1217|1311|1647|1270|1039|1636|1528|1565|1463|1621|1602|1259|1297|1874|1222|1233|1426
739|761|776|762|786|655|786|775|830|749|786|821|726|786|724|764|770|720|803|768|719|839|682|812|818|655|831|655|795|786|779|820|751|724|737|718|750|823|743|655|855|655|786|655|742|712|750|820|655|818|657|817|653|726|775|718|682|732|854|795|744|732|798|655|682|725|718|722|682|655|819|828|833|682|765|735|718|750|655|684|718|853|653|654|652|683|801|655|684|802|723|690|716|818|751|815|800|800|652|809|786|689|710|835|652|749|786|744|718|738|788|759|790|791|653|718|755|821|830|720|653|708|740|708|750|786|755|722|756|764|734|655|790|842|790|826|805|655|739|683|740|718|794|823|718|727|775|804|786|786|846|759|655|817|759|804|806|770|754|740|844|764|772|775|716|684|718|819|797|793|781|766|784|655|655|850|655|775|836|734|655|718|740|729|719|820|682|738|740|832|746|720|835|682|786|819|790|683|655|774|805|682|719|718|710|766|819|682|736|785|786|830|753|708|788|825|794|698|804|708|682|810|776|791|652|682|823|756|828|799|655|730|735|886|770|812|682|723|655|793|790|773|655|755|759|754|655|790|841|718
Iteração que foi encontrado o Melhor Global: 305
Quantas vezes o Melhor Global foi alterado (Lembrando que a verificação na inicialização acumula nesse contador): 9
Particula Inicial do melhor global:
0,404965|0,333752|0,068392|0,020210|1,389285|0,163169|0,960526|1,264216|1,988320|1,405175|1,648938|1,829237|0,147182|1,453680|1,322371|1,506197|1,257908|0,095523|1,908105|1,791141|1,484854|0,057354|1,611198|0,161093|1,349613|
Particula Final do melhor global:
1,201796|0,154500|1,779469|0,616237|0,916124|1,750305|1,582225|0,994029|0,761739|1,319272|0,263002|0,009591|1,256068|0,509788|1,885900|1,970842|0,098046|1,092656|1,709427|1,647778|0,261683|0,924670|1,009181|1,742392|0,545136|
A melhor solução desse PSO é:
11 16 1 20 10 13 24 3 8 4 21 7 
22 17 0 12 9 6 19 18 23 5 2 14 15 
Quantidade de trocas de:9,000000
Makespan: 652,000000
