1467|1096|1557|1401|1633|1435|1706|1339|1011|1363|2015|1128|990|1577|1319|1208|1357|1513|1331|1324|1198|1523|1091|1134|1808|1231|1621|1341|1090|1191|1080|1149|1779|1316|1095|1220|1256|1319|1399|2110|1370|1083|1209|1620|943|1551|1611|1228|1385|1319|1144|1331|1504|1427|1289|1542|1164|1347|1374|1294|1178|1612|1230|1348|1831|1745|1746|1516|2079|1599|1204|1586|1696|1328|965|1470|1187|1437|1348|1153|1050|1740|1718|1529|1522|1334|1011|1480|1300|1450|1511|1165|1502|1361|1238|1335|1362|1601|1412|1790|1463|1374|1464|1116|1710|1781|1185|1065|1247|1222|1566|1267|1305|975|1429|1466|1503|1170|1147|1386|1376|1135|1162|1130|1347|1280|1326|1233|1256|1586|1211|1345|1678|1073|1262|1576|1107|1384|1468|1214|1498|1319|1241|1326|1410|1605|1518|1330|1794|1042|1530|1347|1167|1236|1341|1691|1454|1204|1557|1277|1127|1504|1534|1562|1402|1135|1139|1880|1357|1195|1181|1130|1030|1755|1296|1193|1517|1884|1426|1388|1503|1360|1461|1163|1375|1228|1297|1414|1528|1546|1958|1144|1534|1291|1297|1097|1293|1656|1426|1340|1335|1861|1581|1110|1215|956|1358|1109|1125|1211|1356|1276|1149|1100|1365|1044|1473|1372|1290|1320|1440|1257|1701|1090|1377|1454|1246|1073|1188|1937|1193|1218|1605|1520|1489|983|1410|1366|1168|1100|1498|1208|1753|1394|1138|1114|1500|1296|1258|1536
818|788|726|807|766|791|716|826|718|716|818|910|853|842|886|870|823|842|803|758|751|846|798|851|790|855|790|811|784|754|862|778|797|853|716|842|692|829|823|867|692|837|700|757|849|719|850|783|700|757|815|702|855|797|817|692|716|716|692|892|796|881|810|819|732|808|750|692|866|788|716|823|783|748|820|716|786|826|894|856|857|785|692|784|830|759|692|787|823|756|718|900|716|716|821|763|806|852|716|750|784|733|779|750|730|784|751|716|817|770|825|716|859|769|783|816|773|716|716|716|786|716|773|846|739|836|775|863|852|843|825|740|784|842|783|760|837|821|829|776|731|856|716|812|716|867|801|784|868|750|756|795|865|882|716|762|851|819|716|854|855|826|733|854|760|819|754|860|829|835|785|789|796|760|737|783|827|805|886|879|716|758|792|860|839|751|749|830|818|786|852|864|865|766|716|861|854|762|823|716|768|716|786|716|891|826|860|835|803|843|781|794|716|692|759|820|716|718|886|722|750|823|843|824|787|829|757|847|785|700|788|788|857|758|716|869|786|819|716|818|718|692|823|716|845|874|794|716|784|692
Iteração que foi encontrado o Melhor Global: 591
Quantas vezes o Melhor Global foi alterado (Lembrando que a verificação na inicialização acumula nesse contador): 9
Particula Inicial do melhor global:
1,616912|0,945099|1,905517|0,263938|0,152063|1,274375|0,569101|0,635086|0,548639|0,121023|0,358007|0,203116|1,175760|0,869989|0,606495|1,358939|1,448913|0,045363|1,454223|1,994370|1,975293|1,142241|0,194286|0,698043|0,522022|
Particula Final do melhor global:
1,760497|1,929032|1,066997|1,498696|1,189825|1,380628|0,584771|1,846081|0,659280|0,262442|0,725312|1,724949|0,498654|0,427241|1,616980|1,268864|0,262039|0,632714|1,624793|0,646786|0,255292|0,347872|1,733662|0,721450|1,864610|
A melhor solução desse PSO é:
20 16 9 21 13 12 6 17 19 8 23 10 
2 4 15 5 3 14 18 11 22 0 7 24 1 
Quantidade de trocas de:10,000000
Makespan: 692,000000
