326|389|469|302|337|444|333|532|381|341|338|431|376|331|314|483|314|435|365|300|337|493|539|375|551|418|418|346|484|394|349|421|473|414|351|358|637|334|455|308|375|385|348|291|365|501|393|372|339|322|443|401|300|430|338|351|440|429|376|434|422|368|361|412|497|554|293|484|381|270|548|512|394|377|328|337|586|315|437|445|374|368|373|408|314|404|358|359|382|589|413|425|361|326|493|434|430|382|454|356|345|391|329|548|296|451|334|414|578|345|364|413|395|301|415|364|388|356|449|376|389|434|440|342|336|397|398|396|397|388|414|477|331|357|354|430|540|393|447|337|313|342|472|465|419|439|303|285|342|406|468|414|299|446|387|368|589|379|557|505|426|366|292|401|357|469|373|363|452|395|454|452|382|367|372|392|399|427|403|466|432|520|393|403|374|510|375|458|435|349|300|345|437|345|509|358|368|440|322|475|552|484|409|398|433|480|408|373|327|359|342|370|407|468|416|382|297|441|335|304|323|376|322|484|597|328|345|341|306|373|445|439|427|393|350|322|387|430|622|346|461|349|343|407|357|412|525|493|281|380
254|236|265|261|253|264|256|245|251|254|246|265|262|245|261|248|273|264|253|269|243|256|263|268|250|253|264|264|257|259|258|257|260|264|232|245|251|261|257|250|236|247|262|258|259|252|259|266|251|252|242|268|265|254|243|253|262|261|251|260|259|251|248|250|258|268|242|256|244|261|257|258|263|254|245|255|256|267|244|263|256|254|255|261|256|252|250|262|262|274|252|257|254|261|255|244|253|255|247|258|265|250|258|264|246|258|261|262|248|262|260|252|249|255|266|250|263|263|258|256|252|251|255|251|254|271|250|236|258|251|250|259|240|251|265|263|258|256|261|259|257|257|252|260|267|265|260|255|245|243|259|254|266|245|256|250|252|260|253|255|257|251|236|260|247|242|260|264|266|259|267|261|254|252|258|254|252|254|232|260|261|256|252|253|269|263|247|258|256|251|247|252|258|271|246|258|267|258|262|247|257|253|255|266|256|249|253|270|255|256|258|259|246|256|247|266|264|255|254|268|273|261|260|260|263|255|256|255|256|256|241|254|256|268|247|264|249|254|254|259|243|242|265|260|265|258|254|247|255|261
Iteração que foi encontrado o Melhor Global: 984
Quantas vezes o Melhor Global foi alterado (Lembrando que a verificação na inicialização acumula nesse contador): 12
Particula Inicial do melhor global:
3,046533|1,777695|1,881425|0,503495|0,291548|1,384273|0,425917|3,461431|2,690173|0,168911|1,027379|1,366578|1,497239|2,387368|1,580876|3,950873|1,102004|0,575646|1,410925|3,590645|3,255494|0,843917|1,715592|3,709534|1,701947|
Particula Final do melhor global:
2,214378|1,210059|2,342593|3,241338|0,819013|1,004696|2,286127|3,761700|3,091902|0,730700|3,308248|1,636183|0,967569|2,895273|0,539095|1,751961|0,294739|0,268365|2,216221|3,114263|1,530707|2,555178|2,545866|1,859885|1,934736|
A melhor solução desse PSO é:
17 16 14 9 4 12 
5 1 20 11 15 23 24 
0 18 6 2 22 21 13 
8 19 3 10 7 
Quantidade de trocas de:4,000000
Makespan: 232,000000
