734|808|534|974|450|832|697|743|579|472|399|604|721|517|510|578|686|679|457|583|451|556|580|730|648|464|386|570|389|484|841|642|464|807|408|467|829|483|485|716|626|528|439|497|1170|581|416|584|485|484|669|458|956|575|503|397|526|541|901|600|784|930|639|607|527|436|587|674|859|418|456|534|373|690|570|641|694|468|618|792|434|811|509|679|1017|1294|623|481|677|464|623|589|811|447|549|627|523|691|477|654|662|538|527|580|1164|745|703|1053|716|586|517|454|880|535|520|684|554|928|523|601|382|543|687|728|519|589|384|488|870|519|696|630|612|457|561|764|429|1018|475|405|476|441|701|450|461|779|835|403|569|871|577|883|939|611|714|567|442|613|595|650|703|464|495|651|498|961|648|625|566|553|701|512|432|721|599|524|690|437|565|390|866|574|466|668|407|460|638|593|589|778|732|438|557|470|587|627|410|461|422|415|1057|435|846|1044|644|833|494|601|555|464|695|484|461|810|599|798|453|681|680|556|584|542|649|685|561|575|433|728|578|997|577|560|476|503|843|551|555|551|889|622|429|674|677|499|800|481|601|375|361|503
196|185|180|211|226|209|208|215|249|252|226|292|261|234|192|180|208|282|251|259|276|252|227|180|185|192|291|304|293|209|184|180|213|238|194|238|199|322|252|180|185|199|187|257|184|215|199|209|253|238|297|211|236|187|246|199|188|180|272|207|281|245|180|259|260|234|223|191|203|257|181|250|251|271|296|264|185|306|263|180|229|262|187|187|243|275|194|209|245|292|180|237|194|267|212|284|301|208|231|237|235|185|197|222|208|230|259|207|252|220|315|290|303|244|180|196|287|208|183|281|202|205|284|216|207|209|208|187|222|314|208|267|224|235|286|209|209|193|202|243|228|268|257|208|255|285|292|251|185|242|247|255|215|276|209|304|225|240|220|263|190|259|220|180|236|189|309|288|267|274|282|194|215|224|205|193|207|213|231|252|245|302|183|216|246|197|249|207|250|292|265|214|289|209|219|201|185|244|245|272|223|202|280|233|221|215|289|214|224|180|275|263|200|245|268|187|194|185|183|213|185|285|208|306|210|262|215|217|194|320|185|248|199|180|255|242|221|180|260|225|238|221|195|259|180|228|183|217|275|254
Iteração que foi encontrado o Melhor Global: 657
Quantas vezes o Melhor Global foi alterado (Lembrando que a verificação na inicialização acumula nesse contador): 21
Particula Inicial do melhor global:
2,568138|2,057962|2,978280|3,891877|1,775809|1,704815|1,277717|1,869308|3,873338|1,464913|0,638461|2,210385|2,013870|2,330357|1,121737|3,640046|3,147943|0,344110|3,930205|3,484470|2,514022|1,294852|1,575921|0,120909|0,932226|
Particula Final do melhor global:
1,119864|3,085234|0,279890|3,333227|1,373140|3,204791|0,537922|2,778778|1,202905|1,033985|2,378843|3,890921|2,468657|3,477486|3,230376|0,083366|2,004577|1,569640|0,458661|0,899453|3,649440|2,867083|0,239815|3,276504|2,072381|
A melhor solução desse PSO é:
15 22 2 18 6 19 
9 0 8 4 17 
16 24 10 12 7 21 
1 5 14 23 3 13 20 11 
Quantidade de trocas de:0,000000
Makespan: 180,000000
