1079|1121|1259|1182|1289|1235|1009|1123|1148|911|1163|1406|1129|1010|1082|1738|1054|1115|1239|1397|1369|1135|1468|1748|1517|1200|1312|932|1167|1011|1312|1557|1402|1596|1098|1536|1148|1510|1038|1291|1357|1083|1109|1700|1214|1199|1226|1879|1168|1264|1064|1359|1694|1582|1125|1354|1003|969|1119|1151|1169|1400|1332|1033|948|1177|1400|1201|1057|1545|1512|976|1145|1241|1191|1563|1308|1113|1066|1124|1222|1043|1063|1616|1277|1262|1272|1222|1140|1292|1225|1097|1275|1290|1168|1326|1649|1389|1180|1718|1110|1285|1102|1022|1299|950|1168|1330|1121|1276|1051|1031|1482|1279|1066|987|1168|1159|1125|1158|1396|1563|1978|1420|1203|1340|1778|1131|1481|1379|1589|1080|1193|1629|1010|1038|1359|1118|991|1064|1167|1188|1512|1230|1630|1252|985|989|1220|1833|1171|1063|1113|889|1500|1034|1003|982|1191|1225|1080|1406|1152|1641|1575|1136|1153|1377|1089|1373|1171|1434|968|1748|1048|1043|1027|1445|1313|945|1468|1012|1066|921|1397|923|1301|947|1334|1218|1298|1276|1026|1657|1446|1067|1296|1117|1566|1134|1602|1267|1091|1311|1248|1111|1460|1377|1064|1465|1429|1479|1313|1440|1511|1142|1176|1060|1219|1111|1120|1190|1311|955|1066|1361|884|1589|1381|934|1321|983|855|917|1381|1152|1369|1267|1422|1867|1506|1237|1353|1288|1381|1201|1402|1060|859|1359
679|644|631|608|608|608|608|608|639|608|608|608|624|608|608|608|608|767|626|642|608|626|608|608|608|608|608|694|608|620|641|612|626|649|608|608|608|608|608|645|608|608|661|645|641|608|645|625|608|608|608|608|608|608|608|608|608|608|645|608|608|654|608|647|641|608|656|679|608|608|608|675|645|608|608|627|693|608|608|608|608|626|608|608|612|608|608|608|666|608|608|713|608|608|608|648|645|693|608|608|608|608|645|608|645|608|608|608|626|608|644|608|608|608|608|626|608|608|608|608|608|645|608|639|608|608|645|608|608|663|608|656|608|608|608|608|608|608|608|608|751|608|608|608|608|608|608|644|608|608|645|608|608|645|608|608|608|642|608|608|608|608|608|608|608|608|608|608|656|608|645|608|694|608|608|608|608|608|608|608|608|608|608|656|608|608|608|648|608|644|626|608|608|672|608|608|608|626|656|626|608|608|672|608|608|608|608|608|674|644|641|608|645|650|608|675|608|608|608|608|646|608|608|608|626|608|608|645|608|608|673|608|608|608|608|654|608|608|608|608|639|608|608|647|627|608|608|608|608|639
Iteração que foi encontrado o Melhor Global: 27
Quantas vezes o Melhor Global foi alterado (Lembrando que a verificação na inicialização acumula nesse contador): 9
Particula Inicial do melhor global:
1,352802|0,560011|1,552149|1,120292|0,058477|0,420191|0,690758|1,034895|0,748999|0,101975|1,775011|0,957188|1,253805|0,402648|0,166905|0,231768|1,524421|1,782857|1,582827|1,886178|0,151677|1,583056|1,490704|0,760109|0,421922|
Particula Final do melhor global:
1,207690|0,843889|1,112628|0,700468|1,345203|0,873503|0,099282|0,590586|1,246639|0,575678|1,210541|0,491845|1,928491|0,452878|0,131567|0,531962|1,330300|1,564385|0,426232|1,463127|0,307784|1,019547|1,657220|0,704508|1,455618|
A melhor solução desse PSO é:
6 14 20 18 13 11 15 9 7 3 23 1 5 
21 2 0 10 8 16 4 24 19 17 22 12 
Quantidade de trocas de:5,000000
Makespan: 608,000000
