663|1243|1026|746|1084|899|586|1242|1126|774|1003|789|1156|710|1114|874|603|730|808|818|1027|602|792|1643|913|785|849|788|674|895|654|741|797|910|823|574|1015|915|666|731|1104|1048|577|963|869|836|684|1111|1069|622|1211|926|916|970|625|1040|1282|1004|707|940|892|1200|1054|805|832|1121|840|903|685|804|861|558|1177|924|610|729|856|914|879|847|754|902|777|1004|1189|1047|995|856|959|882|1375|966|1062|1217|598|730|788|875|689|1433|821|751|1116|1017|827|889|747|691|680|1323|1125|1059|903|742|1134|813|664|711|932|795|622|1105|1026|994|759|692|562|672|578|830|889|865|761|884|567|1176|667|1162|698|797|742|799|772|1037|873|746|922|1130|695|838|888|838|697|671|1037|792|1061|909|717|1128|1208|664|780|926|780|805|863|775|734|745|844|750|739|664|657|666|1255|1009|966|878|822|717|930|973|1099|715|793|1059|1083|1188|735|1009|759|653|736|654|1021|923|583|707|922|691|669|1267|945|959|1000|967|1056|1026|806|557|752|877|1329|734|687|783|831|551|903|1071|1102|1005|1131|657|916|511|1021|1225|1069|1178|1311|663|1125|710|1198|953|1058|749|1014|725|903|856|906|1363|913|939|1007|803
429|345|452|309|423|431|332|425|428|449|435|397|327|410|370|352|431|376|454|329|427|345|401|441|441|383|363|427|431|451|327|352|388|452|433|487|443|373|437|352|367|390|376|417|389|368|327|441|394|352|445|499|329|327|477|331|329|406|368|450|349|334|417|382|400|327|429|413|332|396|350|432|419|329|368|327|403|329|433|500|450|392|345|445|441|406|332|428|394|332|394|424|440|389|368|433|403|455|342|419|375|345|388|327|384|389|413|419|433|373|437|445|309|441|368|354|466|329|400|454|327|441|332|438|395|332|434|309|430|329|370|373|338|332|367|385|416|329|371|368|439|392|402|435|386|444|422|460|327|431|391|383|456|352|409|463|439|405|478|396|352|439|451|332|351|430|436|414|371|435|408|373|377|388|436|327|433|417|368|447|484|392|429|403|476|370|379|381|327|469|456|413|430|329|355|466|392|454|388|393|446|447|327|420|323|378|385|388|364|441|327|327|385|416|408|468|456|368|473|332|437|441|392|389|365|332|432|457|412|309|471|441|448|404|414|366|447|411|333|391|438|469|350|342|418|327|441|383|415|423
Iteração que foi encontrado o Melhor Global: 812
Quantas vezes o Melhor Global foi alterado (Lembrando que a verificação na inicialização acumula nesse contador): 13
Particula Inicial do melhor global:
3,381318|3,996872|2,150917|0,323927|3,033634|0,857909|1,843934|3,263843|0,907901|3,079119|3,532447|1,591778|2,505221|3,215451|2,673536|0,871078|1,992262|2,808586|1,348376|0,926443|1,810418|2,826063|0,236136|0,019303|1,928657|
Particula Final do melhor global:
3,807282|3,955516|0,236497|3,579592|1,820390|2,574465|0,398995|3,475955|0,134570|0,374869|2,144737|1,380293|0,869504|1,309432|3,232771|3,274004|2,978069|1,612336|2,788238|3,776586|1,163278|2,977399|3,263849|1,436716|1,603168|
A melhor solução desse PSO é:
8 2 9 6 12 
20 13 11 23 24 17 4 
10 5 18 21 16 
14 22 15 7 3 19 0 1 
Quantidade de trocas de:5,000000
Makespan: 309,000000
