449|500|424|553|488|442|454|572|666|511|439|678|502|578|491|447|576|503|464|474|512|589|510|818|375|554|516|541|524|631|431|519|453|485|464|542|476|656|424|480|491|427|606|466|446|437|651|477|498|481|449|456|570|572|425|421|557|595|775|469|473|703|436|665|428|502|538|443|408|625|430|645|629|570|524|505|465|542|478|639|480|616|412|436|456|482|442|413|566|478|551|420|512|733|493|405|415|504|646|608|622|575|553|443|448|608|417|663|456|509|391|594|554|517|442|444|442|439|634|483|453|594|555|572|513|435|425|454|567|545|470|546|676|449|459|643|445|592|655|442|528|522|620|528|551|552|535|569|576|483|530|521|561|449|539|528|687|478|690|525|499|464|389|584|482|915|544|438|523|595|630|456|419|525|468|392|397|431|601|574|519|418|496|673|750|419|475|555|573|651|429|516|490|497|511|434|465|488|511|583|651|558|542|431|412|646|377|427|603|542|646|527|405|387|670|545|503|619|410|437|389|563|737|416|600|445|501|612|462|798|760|626|459|440|496|535|728|756|478|580|493|499|639|428|500|496|422|474|595|528
299|309|299|315|305|300|299|320|320|298|290|270|270|324|282|312|324|270|307|308|298|270|331|311|270|333|304|299|326|342|280|299|299|305|291|270|270|291|291|319|299|305|290|318|319|270|270|273|307|270|291|270|299|314|270|327|280|329|292|299|280|270|270|270|289|270|314|270|341|305|307|270|331|270|277|295|270|304|313|338|295|295|297|270|293|270|270|280|337|273|271|332|299|270|337|287|279|270|295|270|300|270|303|304|270|280|270|312|309|324|338|271|309|270|308|306|299|327|302|293|300|291|295|305|270|288|299|295|318|323|270|296|304|270|316|270|291|310|309|304|292|299|270|289|313|292|333|282|270|270|299|295|326|299|280|299|280|270|305|302|270|270|304|299|316|299|291|305|299|283|280|270|296|292|325|281|280|321|280|299|301|299|270|291|270|301|280|299|305|277|270|317|311|270|310|292|292|305|295|270|301|316|288|345|304|317|310|288|304|288|270|311|299|312|270|328|304|270|270|271|287|270|327|341|270|270|299|304|290|284|304|299|299|291|304|292|270|325|295|315|324|299|270|270|270|315|273|270|295|331
Iteração que foi encontrado o Melhor Global: 465
Quantas vezes o Melhor Global foi alterado (Lembrando que a verificação na inicialização acumula nesse contador): 14
Particula Inicial do melhor global:
2,704769|1,949573|0,084371|1,865051|1,130716|2,907373|1,824380|2,606274|0,113468|2,818426|1,932224|2,466062|2,567565|2,320826|0,376294|1,678897|0,506790|1,980546|2,281937|0,705673|1,060125|0,315858|1,712970|2,561280|0,159148|
Particula Final do melhor global:
1,644357|1,460824|2,146359|2,454078|1,261274|1,366611|1,120413|0,738967|1,270721|1,456921|2,898331|2,647555|0,361613|0,705377|1,886097|0,617352|2,466098|1,223887|2,079540|1,321966|0,498361|0,524074|0,300957|0,344775|2,621913|
A melhor solução desse PSO é:
22 23 12 20 21 15 13 7 
6 17 4 8 19 5 9 1 0 14 
18 2 3 16 24 11 10 
Quantidade de trocas de:1,000000
Makespan: 270,000000
