329|413|341|517|457|330|392|249|354|310|325|412|335|439|406|290|244|221|416|321|248|355|391|333|318|468|328|381|275|436|290|281|438|290|316|300|344|478|384|298|274|380|280|347|279|303|296|402|448|372|344|255|271|404|277|268|368|333|366|419|390|277|329|392|292|529|416|282|258|307|263|283|346|441|444|300|438|465|538|296|369|312|324|282|348|395|362|334|273|256|337|251|434|356|362|255|298|421|368|289|338|287|277|304|246|343|311|355|310|313|333|338|359|331|265|310|676|355|270|385|278|313|267|299|393|318|285|298|387|411|274|332|298|343|367|349|438|292|303|284|352|288|315|357|391|339|291|333|301|287|366|433|532|363|375|258|411|283|311|353|369|503|317|357|254|398|320|361|430|273|397|253|289|385|283|375|378|293|274|262|269|421|373|357|550|360|295|344|349|424|390|287|334|313|375|287|374|276|308|356|393|410|418|422|337|315|334|371|476|334|387|277|294|410|479|266|279|232|288|267|305|284|345|357|284|309|336|275|383|286|220|395|381|293|334|346|280|322|370|469|338|317|346|482|430|273|352|309|315|321
208|192|205|215|194|193|203|210|207|194|208|200|188|215|207|199|204|209|210|213|202|208|181|207|198|210|202|207|205|210|211|207|195|205|186|209|190|207|210|207|209|194|204|186|193|202|215|192|223|201|196|204|196|206|197|203|192|196|192|212|200|204|208|211|202|195|197|199|209|211|205|215|202|193|198|210|199|200|201|198|202|214|205|203|206|203|186|186|203|212|203|218|208|192|200|195|197|192|200|207|188|203|199|201|193|196|203|206|214|201|217|196|195|217|199|186|215|216|174|204|203|217|197|192|200|202|197|205|197|203|197|200|200|192|212|170|194|209|205|203|209|209|218|190|216|202|210|195|194|204|209|192|203|199|203|203|215|210|198|207|220|198|199|225|210|210|197|205|193|210|204|209|216|193|198|201|209|206|214|208|204|204|193|194|213|202|197|212|220|212|206|212|198|198|200|195|190|192|216|216|197|211|208|204|206|218|212|186|195|196|193|204|207|209|193|205|201|210|199|192|205|215|205|199|211|211|217|200|204|221|203|204|200|203|214|215|208|209|208|210|207|198|201|209|208|206|213|206|192|195
Iteração que foi encontrado o Melhor Global: 955
Quantas vezes o Melhor Global foi alterado (Lembrando que a verificação na inicialização acumula nesse contador): 12
Particula Inicial do melhor global:
1,622089|0,239921|3,162567|3,378392|3,895746|3,941535|2,607137|0,980272|0,643311|0,497001|1,529422|1,562879|0,012587|3,423530|1,191491|0,331356|0,729031|1,098383|1,803048|3,973333|1,241231|0,989061|1,837016|1,855454|3,676302|
Particula Final do melhor global:
1,275871|0,480581|3,473434|2,844931|3,193813|0,278664|3,195367|2,214934|2,732299|3,539296|0,727302|1,213228|2,875916|0,707017|1,150085|3,008382|3,878891|0,838145|1,245341|2,204123|1,229830|2,668626|0,961848|1,806780|1,673012|
A melhor solução desse PSO é:
5 1 13 10 17 22 
14 11 20 18 0 24 23 
19 7 21 8 3 12 
15 4 6 2 9 16 
Quantidade de trocas de:3,000000
Makespan: 170,000000
