1271|948|1033|854|996|1111|1102|997|926|937|831|1343|1032|807|1115|1296|1034|847|1094|940|1091|1191|1239|1330|1106|1188|987|1123|772|1404|1106|794|1249|865|967|995|915|1023|1145|1018|1044|959|799|770|1020|1035|976|998|949|1152|1163|1468|1280|842|935|942|668|977|1035|973|902|969|864|1021|1010|1032|851|863|884|1401|1047|818|851|820|949|1052|1340|970|895|1266|1054|933|1058|1133|936|846|1053|1211|1097|711|1022|918|1352|839|952|746|794|1001|965|782|1227|1209|1008|987|925|856|828|911|948|949|1155|1125|925|1326|912|1012|1002|805|1014|1047|1269|968|967|857|861|1160|808|883|956|1097|927|917|850|915|943|874|977|874|1044|1027|1086|1007|1187|1284|1257|956|675|721|844|1231|1087|1019|1298|1169|1200|1231|934|1052|939|1036|1021|1143|1191|896|1156|1065|894|990|836|1218|820|759|1041|998|1039|879|930|1108|848|1131|842|1217|1252|810|1086|666|1107|980|1082|1040|933|947|1388|1057|1004|1006|1133|1079|858|870|914|828|885|928|1216|1051|975|1000|883|1142|911|1184|871|898|961|788|1281|897|877|848|877|1149|1011|1051|1001|902|1047|856|1091|1278|884|881|724|1032|1059|947|1024|888|905|953|855|1015|1152|892|959|1266|873|844|1075|1224
565|512|540|584|521|478|511|584|582|478|521|478|551|524|478|513|547|521|523|611|581|551|478|521|615|519|579|520|521|563|559|512|556|555|478|557|478|521|496|513|591|580|584|589|525|525|521|580|538|558|478|529|518|512|555|584|557|537|521|558|492|478|523|521|581|478|478|545|653|521|521|478|568|521|478|579|512|551|514|478|521|478|478|556|580|521|536|478|552|478|478|519|512|546|478|545|478|521|485|521|478|580|478|478|478|571|521|478|557|521|478|559|511|512|511|553|592|478|478|545|560|603|521|587|581|627|558|548|511|478|534|544|517|521|512|568|570|531|521|545|521|521|515|560|481|478|544|608|552|511|525|512|478|566|555|595|565|544|545|531|519|578|478|553|588|518|492|478|566|551|478|616|512|595|561|525|536|557|512|581|545|521|597|543|482|478|581|572|478|556|536|596|578|521|521|515|580|552|514|521|572|561|512|579|478|512|481|556|478|534|521|530|478|555|545|587|499|579|478|524|478|482|544|585|512|478|545|512|478|579|587|578|581|568|603|478|598|580|492|553|512|569|546|580|588|571|590|521|521|612
Iteração que foi encontrado o Melhor Global: 624
Quantas vezes o Melhor Global foi alterado (Lembrando que a verificação na inicialização acumula nesse contador): 18
Particula Inicial do melhor global:
1,373342|1,942155|1,930118|0,754183|0,859178|0,605810|1,611642|1,906552|0,182993|1,611618|1,104367|0,583270|1,272930|1,241866|1,347677|1,110232|0,766719|1,973647|0,884416|1,552749|1,279305|0,043127|1,029392|1,861742|1,924636|
Particula Final do melhor global:
0,621223|0,367083|0,795530|0,154254|1,779957|0,896703|0,400965|1,141476|0,978830|0,347743|1,331308|0,441890|1,848472|1,242532|0,836923|1,578240|1,427880|0,374826|1,234792|0,325201|1,686242|1,224998|1,172074|0,888435|0,241250|
A melhor solução desse PSO é:
3 24 19 9 1 17 6 11 0 2 14 23 5 8 
7 22 21 18 13 10 16 15 20 4 12 
Quantidade de trocas de:4,000000
Makespan: 478,000000
