473|406|577|481|382|397|442|348|476|428|351|373|429|440|440|508|438|389|355|652|340|324|527|652|332|423|373|433|357|403|399|437|454|308|478|432|487|512|401|372|300|382|471|352|331|333|420|386|298|447|444|406|310|534|333|394|379|311|378|384|428|511|583|351|541|395|406|410|303|328|320|364|380|350|476|398|356|343|364|423|403|387|328|390|472|330|289|380|394|362|316|406|323|601|448|410|379|331|448|281|428|485|393|540|424|265|441|395|337|330|471|361|313|526|353|329|369|411|363|370|380|376|361|450|447|439|382|554|385|412|369|328|323|298|277|419|505|347|502|519|466|292|310|436|363|338|424|437|604|611|455|372|308|405|315|394|455|369|422|464|430|563|402|484|379|532|433|481|431|376|397|348|406|385|313|606|535|382|309|402|367|483|389|397|307|382|362|505|498|381|312|445|422|392|314|433|368|385|477|347|315|358|680|384|420|319|318|388|508|495|396|355|498|397|344|457|294|321|349|411|474|350|493|450|512|367|398|305|354|409|307|329|347|388|384|410|568|355|427|378|442|515|399|733|358|418|494|461|331|394
253|247|258|259|253|233|265|265|259|270|248|264|248|243|250|258|258|253|257|253|246|271|248|250|258|252|255|242|248|247|249|262|263|240|250|253|248|261|253|263|270|267|261|249|248|236|267|247|255|255|262|254|258|263|255|250|254|260|251|253|233|251|226|240|252|259|260|264|259|255|255|247|260|258|250|244|247|255|266|254|252|256|246|257|253|263|248|245|254|240|252|258|250|251|257|254|240|255|240|255|255|263|256|263|263|252|250|242|248|256|248|247|251|263|247|262|255|251|264|267|259|247|240|250|248|249|245|256|252|261|239|256|264|251|259|262|258|263|238|237|257|257|249|256|259|242|263|261|274|257|252|252|254|251|246|250|260|265|263|258|264|264|252|253|255|258|259|250|245|253|260|255|264|246|249|256|256|255|258|259|265|258|262|251|262|238|242|249|254|226|249|249|251|242|262|248|262|253|245|262|276|265|237|242|260|261|252|261|268|266|248|241|247|248|235|264|261|262|258|242|253|255|263|247|260|247|254|262|226|256|267|250|258|245|246|257|258|257|262|242|267|248|249|263|247|248|261|256|255|269
Iteração que foi encontrado o Melhor Global: 440
Quantas vezes o Melhor Global foi alterado (Lembrando que a verificação na inicialização acumula nesse contador): 11
Particula Inicial do melhor global:
0,058950|2,380209|3,950112|0,423496|3,897206|0,616772|0,382440|3,833110|2,061490|3,904786|3,076782|1,566167|2,730682|0,998260|1,438106|3,376499|2,612576|0,245671|3,436673|0,787643|1,578426|1,760417|3,423852|2,903283|0,365943|
Particula Final do melhor global:
3,467676|1,403964|2,357872|2,381666|0,316693|3,486900|0,443891|1,156473|1,322741|0,166470|1,841765|2,331900|2,420835|3,837490|0,685654|3,048783|2,789663|0,506485|2,520942|1,810421|2,128480|0,385456|3,478937|3,916577|3,212280|
A melhor solução desse PSO é:
9 4 21 6 17 14 
7 8 1 19 10 
20 11 2 3 12 18 16 
15 24 0 22 5 13 23 
Quantidade de trocas de:1,000000
Makespan: 226,000000
