548|396|307|533|323|293|473|429|396|379|346|384|507|367|365|372|450|375|393|425|414|347|409|435|387|466|400|369|329|525|386|357|478|387|648|265|408|319|430|495|463|379|334|325|321|578|426|361|417|310|342|371|466|461|414|357|353|390|404|377|336|320|357|356|411|481|356|294|501|441|451|336|391|495|468|424|371|408|356|444|332|319|422|593|467|308|470|346|378|348|445|407|328|440|508|448|375|367|314|545|393|433|385|359|416|329|347|337|353|320|384|492|310|405|332|443|457|359|377|325|348|418|581|322|500|394|357|573|346|301|407|422|472|371|312|332|447|363|503|351|333|310|323|342|504|659|364|351|363|322|367|507|336|389|400|465|399|406|400|347|506|372|361|415|460|358|392|387|378|463|395|422|336|478|405|434|416|286|544|359|358|469|356|385|414|319|344|395|403|339|410|453|386|341|446|460|372|531|364|353|353|379|377|368|500|513|391|526|388|349|419|327|387|328|381|308|496|392|342|480|369|335|370|468|410|483|455|513|284|430|373|577|356|308|351|334|433|505|363|433|298|448|364|287|315|356|459|310|264|296
240|271|230|253|263|236|237|252|245|236|248|251|236|243|244|236|236|236|242|249|245|243|248|246|260|230|242|248|236|236|264|243|257|236|226|265|239|230|236|236|236|242|236|256|250|236|236|226|236|241|254|236|253|247|256|264|254|255|248|254|260|248|236|240|245|256|236|249|250|257|236|230|258|252|247|259|251|258|253|257|242|257|237|242|245|272|237|260|236|240|256|255|244|249|260|236|243|243|236|253|236|236|236|236|236|261|233|236|241|248|250|236|236|248|236|243|236|236|236|251|248|243|258|265|236|233|232|261|267|249|236|243|260|245|236|241|236|236|236|236|250|256|236|262|239|246|259|236|236|236|256|256|235|256|248|236|236|256|236|253|247|247|237|239|259|237|243|259|236|251|243|236|270|226|236|253|236|236|247|249|256|236|250|236|248|243|236|246|257|236|240|265|256|236|256|248|248|253|246|243|260|246|256|247|247|255|243|262|250|255|245|271|236|236|241|268|236|236|236|265|253|259|254|236|264|261|256|241|256|236|246|260|253|253|243|266|262|236|252|236|260|236|252|246|236|240|259|262|236|236
Iteração que foi encontrado o Melhor Global: 884
Quantas vezes o Melhor Global foi alterado (Lembrando que a verificação na inicialização acumula nesse contador): 8
Particula Inicial do melhor global:
0,392063|0,030915|0,446440|1,266536|2,917892|0,053758|2,122924|1,427387|0,241791|0,885445|0,312109|0,692552|0,231847|2,463434|1,610692|0,370170|0,817462|0,264221|0,886807|1,403898|0,178326|2,132046|2,122234|0,617136|0,177923|
Particula Final do melhor global:
2,406632|2,228690|2,189845|0,611116|2,768616|0,101331|1,493284|0,374184|2,534482|1,121243|2,021554|0,056730|2,380352|1,293302|0,207377|2,443732|0,215452|0,632270|1,245745|1,889244|0,581947|0,682421|1,841718|1,248023|2,612846|
A melhor solução desse PSO é:
11 5 14 16 7 20 3 17 21 
9 18 23 13 6 22 19 
10 2 1 12 0 15 8 24 4 
Quantidade de trocas de:3,000000
Makespan: 226,000000
