844|1214|911|1477|1124|1119|1250|1216|1208|1163|954|997|1098|1352|1271|1185|983|1310|1113|1036|1278|860|1297|1274|1124|1418|1088|1203|1012|1314|1194|1052|855|1133|1165|1150|1164|1318|1251|1144|1038|1004|1294|1073|1188|1112|1121|1053|1094|1040|1502|942|1080|1502|1438|1148|1234|1504|1140|1138|1332|1147|1128|1182|1268|1594|1227|894|1355|1242|1305|1146|1033|1049|1094|996|964|1045|1005|1446|942|1386|1229|924|1204|1041|1145|1325|1049|1094|1083|956|987|939|1059|898|1101|1293|916|1281|1046|947|864|1040|1535|1362|1208|966|820|986|989|1140|1046|968|1047|1061|1168|965|1108|1115|961|1366|1080|1005|966|1253|1004|944|1094|1436|1057|1129|1259|1028|1222|1127|913|1593|1170|1335|1247|1065|1064|1452|1018|863|962|1187|1411|1249|1332|1198|1029|1091|1589|1493|992|1273|1046|1073|1016|1106|918|1346|1068|1103|1133|1096|1024|1283|1363|980|959|985|1279|1146|1222|911|1202|1308|1178|1054|1159|1050|952|1395|893|1049|1756|1112|917|1043|1129|1046|1209|932|1135|1327|1010|1127|1188|1335|1161|1016|1359|1269|1031|1106|889|1042|1195|1001|1526|1243|929|1397|1161|1110|1161|920|1341|1148|1157|1277|1170|830|1330|1715|1277|1088|1032|1169|941|1086|1365|1234|856|1400|1009|1289|1058|914|1166|967|1068|1232|1261|915|1246|1527
581|582|582|582|625|581|594|582|582|581|582|582|581|582|582|582|581|582|582|582|612|581|582|622|582|601|601|582|582|653|601|601|631|582|582|582|582|582|582|665|581|671|582|582|582|581|582|582|582|599|582|582|582|628|658|582|616|651|582|582|582|582|581|582|650|582|582|582|653|582|616|582|582|582|582|582|582|582|650|582|581|601|582|582|630|582|582|581|582|582|582|594|582|601|682|582|667|616|647|581|582|630|697|616|581|583|582|582|650|582|582|582|582|581|582|582|612|582|581|581|582|650|582|582|582|581|582|582|594|582|582|582|629|582|582|582|581|582|582|582|582|582|581|582|582|582|582|582|582|582|582|582|582|659|601|582|582|582|583|638|582|582|601|599|622|582|582|620|581|582|582|715|582|635|581|582|601|582|582|582|617|582|653|633|582|582|581|582|582|582|612|582|597|582|582|582|581|582|582|582|582|614|582|581|629|582|582|581|582|601|582|582|582|582|618|582|581|660|657|582|582|582|582|582|582|652|582|581|582|582|582|582|582|601|582|601|582|581|582|583|582|582|581|582|582|582|582|582|581|581
Iteração que foi encontrado o Melhor Global: 477
Quantas vezes o Melhor Global foi alterado (Lembrando que a verificação na inicialização acumula nesse contador): 10
Particula Inicial do melhor global:
1,657677|1,110997|1,828224|1,387758|0,883835|1,944682|0,990937|1,970324|0,026117|1,472883|0,104075|0,386594|0,778108|1,274395|0,568693|1,162903|0,287547|0,779311|1,202440|0,576588|1,788587|1,941422|1,153998|1,520876|0,505770|
Particula Final do melhor global:
0,288088|0,724867|1,439193|1,738455|1,854632|1,494107|0,899679|0,603108|1,724658|1,934480|1,036777|0,790617|0,820215|1,406415|1,547372|0,453852|0,992466|1,436675|0,630752|1,767542|0,867078|0,129726|0,965937|1,298648|0,368620|
A melhor solução desse PSO é:
21 0 24 15 7 18 1 11 12 20 6 22 16 
10 23 13 17 2 5 14 8 3 19 4 9 
Quantidade de trocas de:4,000000
Makespan: 581,000000
