560|718|783|866|966|1103|850|591|615|884|604|824|513|605|949|1165|619|991|1279|781|857|705|738|917|924|561|850|707|734|665|806|905|1006|807|599|828|709|729|705|769|598|768|852|662|955|756|694|776|600|779|763|567|828|1144|720|913|930|1000|716|1151|718|745|666|759|530|1036|849|931|1173|889|805|673|551|520|953|873|736|863|849|862|904|606|738|819|798|578|991|416|606|749|890|703|899|809|972|777|679|640|886|852|676|1056|743|992|603|994|663|928|686|746|721|717|699|698|699|620|560|880|661|693|621|919|1067|1147|831|736|719|747|664|904|688|852|1028|564|788|679|704|816|631|781|796|853|968|785|765|695|646|713|838|896|992|650|1145|712|701|819|875|867|751|1056|941|748|746|1189|1309|979|1060|809|1328|1006|510|609|709|820|860|730|781|707|731|692|756|646|605|935|699|1002|795|1181|663|625|706|606|952|640|679|1228|576|776|609|702|866|954|935|810|1096|1222|778|1092|708|658|796|586|781|825|635|758|663|1126|862|721|689|568|777|578|620|611|658|563|856|1237|694|791|814|675|686|990|740|798|881|618|1238|687|629|623|930|895|883|790|850|705
411|376|397|390|369|398|404|391|376|390|376|355|443|442|355|376|376|411|389|408|416|403|355|421|368|345|355|376|391|441|380|409|410|369|376|394|355|376|398|361|355|403|399|419|396|418|355|385|416|401|381|423|475|345|405|432|380|381|376|355|436|409|378|376|469|359|376|450|355|444|355|355|380|418|381|402|393|441|376|404|356|425|402|429|402|376|408|398|399|409|355|419|355|403|427|402|376|389|368|381|403|355|440|382|355|381|376|415|411|364|419|355|363|391|431|376|417|419|359|369|395|400|442|381|376|402|376|386|457|370|403|376|355|376|401|388|396|416|391|419|457|423|376|404|376|359|400|381|414|371|398|394|376|421|376|437|427|359|355|355|355|430|376|421|359|411|369|401|431|376|466|435|383|406|389|359|431|355|407|379|406|405|431|418|401|423|381|398|409|426|441|359|400|376|426|392|413|419|444|411|400|456|378|411|369|376|436|402|376|369|437|364|422|355|376|429|391|430|447|409|448|355|376|413|377|445|426|387|400|393|433|381|355|376|409|443|376|355|382|370|381|378|395|429|396|398|389|380|376|355
Iteração que foi encontrado o Melhor Global: 947
Quantas vezes o Melhor Global foi alterado (Lembrando que a verificação na inicialização acumula nesse contador): 9
Particula Inicial do melhor global:
2,341168|1,903573|2,030828|1,529536|1,367221|0,272950|0,936959|2,091572|1,746024|1,885178|0,559154|2,513909|2,980972|2,981668|0,816180|0,244289|2,274468|2,655972|1,060774|0,765727|1,062923|0,553578|0,077100|1,166295|2,611801|
Particula Final do melhor global:
1,130132|1,751756|1,011333|0,502481|0,657973|0,753861|1,840889|0,089789|0,704932|2,054315|0,860293|2,732686|1,483869|2,688515|1,370389|2,421728|2,736217|1,854887|2,944420|0,688710|2,813173|1,721388|2,772640|0,160726|2,354163|
A melhor solução desse PSO é:
7 23 3 4 19 8 5 10 
2 0 14 12 21 1 6 17 
9 24 15 13 11 16 22 20 18 
Quantidade de trocas de:1,000000
Makespan: 345,000000
