2168|1672|1600|1405|1206|2193|1985|1782|1477|1704|1761|1285|1698|1629|1419|1400|1517|1362|1363|1696|1387|1225|1581|1699|1422|1608|1838|1418|1601|1498|1486|2050|1355|1912|1670|1421|1736|1471|2071|1952|1587|1656|1842|1405|1844|1272|1658|1551|1519|1794|1438|2032|1167|1893|1605|1799|2308|1575|1740|1485|1684|1536|1772|1528|1563|1409|1549|1789|1860|1459|1472|1408|2026|2293|1278|1500|1874|1487|1661|1436|1908|1440|1450|1898|1866|1673|1548|1241|2197|1621|1705|2166|1594|1519|1534|1249|1317|2222|1632|1547|1269|1684|1323|1360|1760|1910|1802|1306|1589|1564|1562|2328|1419|1621|1813|1705|1543|1526|2069|1536|1510|1579|1798|1836|1488|1747|1857|1465|1428|1484|1958|1966|1634|1361|1378|1416|1481|1864|1436|1433|1769|2070|1520|1802|1695|1606|1462|1543|2049|2141|1858|1352|1328|1908|2099|1903|1604|1280|1317|1787|1534|1639|1788|1273|1432|1751|1706|1534|1594|1671|1504|1447|1363|1578|1919|1500|1752|1517|1794|1750|1433|2014|1584|1383|1283|1485|1572|1556|1691|1602|1822|2222|1811|1487|2115|1364|1550|1557|1724|1930|1422|1664|1338|1692|1486|1508|1478|1596|1742|1516|1835|1996|1316|1934|1822|1961|1389|1487|1885|1517|1827|1700|1706|1554|1658|1533|1599|2288|1417|1760|1481|1360|1826|1488|1637|1913|1843|2021|2263|1277|1443|2130|1890|1635|1526|2312|2306|1563|1401|1665
912|857|833|984|1030|854|854|963|1078|1046|1042|983|833|981|999|974|865|1061|1042|1095|971|913|900|1083|1041|999|921|1052|996|1099|854|1073|900|1074|932|1059|1072|1003|1010|976|924|997|1087|1082|1049|1012|1060|1010|833|1099|1046|1045|999|930|1109|833|1046|1000|974|966|964|958|921|897|999|1047|1059|945|1012|854|1082|999|1085|833|979|1069|897|1083|1051|945|833|1026|990|1016|947|979|1017|978|979|1052|865|959|1092|1045|994|1157|1013|1089|1048|999|967|1022|996|854|1089|956|1098|900|1031|1013|956|1011|930|1110|1022|833|1012|955|900|891|1059|1045|924|990|995|897|981|1047|1080|1072|986|1014|1119|865|887|1089|952|1011|925|1034|900|985|970|1050|948|1033|1039|833|1051|900|999|991|1024|991|1067|967|1057|833|1050|1042|980|999|995|1043|1013|1017|865|1018|958|981|978|953|887|833|976|1035|999|854|900|1079|991|932|833|1094|833|1017|946|1085|936|1072|956|1022|833|902|1045|1018|952|979|961|1055|1025|1151|833|1136|1109|970|833|900|1039|1007|922|991|1051|900|1063|1070|833|1014|1046|976|900|913|900|1001|921|955|900|945|833|1037|993|1031|1068|833|1027|833|951|1087|991|976|1074|1012|1056|1022|1078|974|988|865|1014|1035
Iteração que foi encontrado o Melhor Global: 520
Quantas vezes o Melhor Global foi alterado (Lembrando que a verificação na inicialização acumula nesse contador): 17
Particula Inicial do melhor global:
0,383947|1,062307|0,234797|0,675137|1,098259|1,961539|1,817225|0,599193|0,781921|0,256207|1,474317|1,862247|0,363946|1,677481|0,328561|0,797303|1,268666|0,936190|1,058812|0,673496|1,561940|1,988276|1,106036|0,063940|1,821685|
Particula Final do melhor global:
0,259431|0,377081|1,655871|0,330981|0,811999|0,253474|0,494389|0,311022|0,310431|1,890309|0,603443|1,418893|1,854138|1,860723|0,546095|0,754973|0,858862|1,534749|0,937510|0,420635|1,140554|1,544017|0,224181|1,192662|1,536761|
A melhor solução desse PSO é:
22 5 0 8 7 3 1 19 6 14 10 15 4 16 18 
20 23 11 17 24 21 2 12 13 9 
Quantidade de trocas de:12,000000
Makespan: 833,000000
