836|1215|1202|1046|834|1154|1134|1248|1373|1034|1337|1440|1094|737|739|1039|1202|971|1066|792|1085|988|765|1372|1090|1126|1217|982|1809|925|982|1217|1065|812|1092|1603|1077|1467|1056|779|1029|1083|874|944|1008|1209|1189|854|1225|1323|1119|903|1240|1185|1106|1293|1249|919|921|1378|961|817|1088|1431|785|800|1108|966|1000|892|973|974|1679|1026|866|1076|1393|1270|1274|1264|1429|1423|873|963|1171|1081|1037|1015|1569|991|966|1147|966|1137|1207|765|1204|981|850|923|1032|1021|1682|968|900|1253|1087|947|807|1248|985|1007|1833|900|1379|765|1073|1204|1005|1304|831|1029|1195|911|953|1049|1029|959|827|1026|1053|864|1138|915|1023|980|1048|833|1366|950|1048|671|1087|1398|996|1020|1096|1044|1454|1005|1021|725|968|1301|1063|1093|1138|848|1421|778|960|1010|859|1137|1026|1337|1139|1078|1122|1068|1005|898|1332|1198|1262|638|1480|968|1056|1725|1084|1182|1052|1127|933|944|792|1243|1115|1332|916|1134|1330|1108|997|1333|776|1047|1391|1030|981|1207|1038|1108|939|1151|1094|954|1033|847|1125|920|1814|792|914|1493|1364|832|1001|1057|825|1269|1693|852|950|1031|1263|1112|985|1311|1103|1474|1150|970|1084|1407|1215|1080|1006|1175|1587|838|1110|1352|1073|992|828|1143|794|930
553|586|501|566|600|634|499|535|522|499|543|603|499|562|557|542|611|605|580|498|595|595|607|599|499|597|549|574|542|560|601|541|643|573|522|528|538|574|533|569|514|488|528|619|533|585|579|529|544|513|568|629|622|538|591|499|535|634|603|550|548|600|571|553|499|591|533|556|591|564|528|573|544|572|586|547|542|592|544|488|513|561|623|559|564|552|591|562|603|536|499|499|547|543|546|558|592|574|539|638|555|547|515|488|600|585|513|566|604|596|569|548|498|553|498|640|499|499|597|488|552|545|513|558|596|526|499|525|569|568|616|498|552|567|499|527|655|639|527|595|561|529|521|544|499|532|594|564|561|570|499|499|499|592|499|556|566|574|498|529|499|616|614|575|578|499|605|621|585|550|583|521|499|531|575|614|607|592|540|582|600|600|475|499|499|498|618|498|549|621|567|579|546|561|556|532|604|540|627|499|595|499|501|499|558|601|538|576|561|626|613|582|614|499|498|519|618|552|499|575|615|499|499|607|581|561|524|584|526|570|544|499|499|552|498|557|594|651|499|544|544|523|612|549|552|551|498|549|620|595
Iteração que foi encontrado o Melhor Global: 973
Quantas vezes o Melhor Global foi alterado (Lembrando que a verificação na inicialização acumula nesse contador): 8
Particula Inicial do melhor global:
2,173558|0,279172|1,456052|2,821356|2,422440|1,760825|0,029077|1,778329|2,358587|2,130603|1,393296|1,887031|1,643115|0,497359|0,171500|2,074442|1,127255|0,224987|2,403403|2,175853|1,529739|1,237682|2,067419|1,270386|0,825732|
Particula Final do melhor global:
1,523989|0,523788|2,897061|1,546246|2,125037|2,730429|1,403576|2,186785|1,034656|1,527741|2,370307|0,960495|1,761615|1,636138|0,676671|2,696494|0,494033|0,045492|0,692454|2,666748|1,092396|2,101421|2,596992|0,375347|0,796094|
A melhor solução desse PSO é:
17 23 16 1 14 18 24 11 
8 20 6 0 9 3 13 12 
21 4 7 10 22 19 15 5 2 
Quantidade de trocas de:9,000000
Makespan: 475,000000
