721|857|520|521|629|504|728|523|491|345|843|880|604|538|575|311|789|467|368|594|427|569|510|523|552|528|515|508|522|553|461|364|714|387|538|433|511|541|482|609|434|728|410|465|621|614|622|457|448|491|689|530|725|616|503|450|424|619|411|604|568|585|666|711|717|625|330|404|630|704|745|697|467|839|726|475|642|802|518|605|691|282|464|1048|749|532|481|523|513|457|701|528|460|1078|468|572|378|665|599|581|566|703|672|584|633|496|478|753|453|710|447|451|574|552|510|603|446|684|612|766|394|732|728|714|540|459|655|708|381|693|764|714|895|692|364|459|635|496|364|714|605|476|818|484|482|618|467|413|461|486|379|521|592|485|593|650|695|398|457|412|766|490|427|719|469|624|556|371|445|663|361|501|553|491|735|474|584|600|503|435|531|746|392|662|424|422|507|428|962|521|428|533|536|421|434|487|681|436|473|586|585|448|647|419|552|509|448|618|370|360|328|568|460|510|500|665|837|485|368|551|528|542|662|623|476|447|727|762|519|503|615|568|371|496|414|463|551|701|726|417|548|400|548|587|629|526|776|562|502|402
212|213|312|208|188|214|272|274|194|260|195|249|283|234|204|229|195|192|194|197|250|192|185|263|204|194|281|208|245|255|234|265|184|194|221|195|244|194|239|193|208|246|236|267|227|185|238|207|192|192|262|189|194|225|264|195|250|257|207|261|263|249|271|184|252|190|261|227|185|196|228|272|244|272|282|221|213|192|224|217|194|282|229|228|242|195|310|237|195|256|273|195|249|249|272|234|221|299|216|187|299|236|244|192|277|206|193|227|184|210|182|236|209|181|184|206|293|281|185|248|221|228|211|194|240|199|195|238|246|269|272|229|243|214|197|231|181|195|250|236|201|199|194|273|182|181|283|210|260|250|257|249|195|241|220|212|195|246|195|194|234|234|256|234|236|185|212|216|249|204|236|195|251|260|192|242|185|234|260|274|218|232|218|225|193|194|189|233|264|213|213|198|202|228|268|241|199|238|198|226|213|224|224|199|254|199|231|236|260|233|184|204|211|233|277|224|263|195|232|239|193|182|190|188|186|219|232|185|187|185|245|247|277|199|241|211|185|245|193|196|185|299|250|181|186|185|216|192|222|227
Iteração que foi encontrado o Melhor Global: 812
Quantas vezes o Melhor Global foi alterado (Lembrando que a verificação na inicialização acumula nesse contador): 17
Particula Inicial do melhor global:
0,045413|1,850531|3,917841|1,632007|2,648820|0,713208|3,203547|1,283356|3,621954|2,549244|2,789404|1,575691|3,762249|2,684306|0,595190|2,275722|2,617753|0,156560|3,999015|3,400206|1,764174|0,684830|2,957502|1,378069|3,808514|
Particula Final do melhor global:
1,919874|2,516135|1,540746|2,193365|1,007128|1,868652|1,224706|3,197999|1,235743|2,768104|3,188273|3,716283|0,661720|0,865915|0,834503|0,813062|3,809957|2,355347|0,372145|2,146596|1,564476|0,657542|0,988099|0,606889|3,119744|
A melhor solução desse PSO é:
18 23 21 12 15 14 13 22 
4 6 8 2 20 5 0 
19 3 17 1 9 
24 10 7 11 16 
Quantidade de trocas de:0,000000
Makespan: 181,000000
