811|646|684|749|967|759|853|658|665|803|583|671|781|530|577|1092|843|828|1137|908|1006|672|811|982|571|568|812|908|724|919|626|840|867|562|746|819|646|790|980|794|952|1453|1376|705|654|852|1137|625|656|853|986|1065|915|731|753|1156|744|866|873|987|622|756|740|842|1153|828|761|812|919|760|723|1182|898|678|1121|682|951|948|632|716|797|990|1034|615|654|646|779|514|626|928|1072|649|672|637|700|686|1105|1047|805|1126|1097|916|625|666|713|680|691|849|805|1020|847|563|925|930|787|1125|583|575|636|749|1052|560|654|766|741|765|626|747|757|717|553|960|713|775|757|688|805|707|890|670|1041|933|798|660|627|912|763|674|920|636|573|874|857|973|1146|751|677|765|917|545|667|771|970|902|1250|616|547|629|767|655|1092|959|720|677|827|1104|954|1118|703|708|878|591|670|713|867|816|714|613|809|611|1059|781|614|935|620|881|766|871|756|665|681|675|876|848|543|918|727|651|636|1103|1226|502|748|588|647|819|952|609|893|658|839|689|518|781|676|792|698|637|714|762|618|685|708|468|876|757|951|763|694|885|1062|1088|729|639|700|684|682|816|674|725
340|340|341|333|411|344|333|430|333|333|340|396|333|345|333|333|340|358|380|368|333|395|340|344|383|365|355|340|353|333|333|384|333|333|333|333|389|436|405|340|345|333|424|340|354|367|377|345|340|396|414|377|333|406|333|338|333|354|361|333|389|403|333|418|389|333|340|443|333|340|384|340|333|333|362|355|333|340|333|355|398|349|333|340|390|354|340|340|349|396|340|333|349|355|333|345|369|398|349|333|340|345|333|340|378|333|333|340|396|409|340|333|356|333|354|345|340|424|428|340|373|340|361|355|349|381|340|340|340|345|404|344|344|349|333|333|385|340|364|361|425|469|333|343|415|397|400|345|333|340|340|340|333|340|355|345|340|340|361|436|333|369|349|340|340|340|367|417|345|333|340|390|379|340|385|333|345|333|410|391|392|389|381|333|340|345|333|344|406|340|344|340|333|340|460|395|338|362|345|333|333|340|345|401|333|398|333|340|340|333|340|340|333|333|333|407|340|333|340|370|349|340|458|369|333|333|333|390|393|340|345|333|462|386|333|340|390|333|333|333|333|361|340|390|376|370|361|344|340|340
Iteração que foi encontrado o Melhor Global: 293
Quantas vezes o Melhor Global foi alterado (Lembrando que a verificação na inicialização acumula nesse contador): 12
Particula Inicial do melhor global:
0,234704|1,672681|2,994730|1,244495|0,639428|2,546983|0,759569|1,337415|0,801777|0,094710|2,759938|1,651654|0,846756|1,039896|0,227053|1,606205|2,181645|0,643406|2,505489|2,733953|2,749458|1,287797|0,661173|2,469468|2,754984|
Particula Final do melhor global:
0,428174|0,567380|1,347089|1,462836|2,998066|0,428958|1,359696|2,087493|0,362093|0,081851|2,806519|0,525850|2,769420|1,335765|1,596880|2,743541|1,773497|2,748753|1,168978|0,828021|2,930170|1,252676|1,890058|1,357318|0,867177|
A melhor solução desse PSO é:
9 8 0 5 11 1 19 24 
18 21 13 2 23 6 3 14 16 22 
7 15 17 12 10 20 4 
Quantidade de trocas de:1,000000
Makespan: 333,000000
