378|707|729|305|413|338|432|488|320|487|981|548|649|397|486|416|432|377|384|614|525|576|436|396|490|502|512|671|371|429|403|427|490|374|498|426|487|486|665|635|281|656|466|387|398|415|460|314|921|641|595|581|749|451|404|453|636|383|426|588|383|551|800|652|346|421|464|642|392|372|600|370|459|313|361|547|530|425|762|445|392|558|626|465|491|430|481|452|370|404|487|783|352|403|521|438|581|499|414|804|386|573|618|487|833|405|383|607|577|571|487|836|526|514|540|527|545|476|448|629|513|548|432|548|385|509|527|539|590|729|455|328|421|387|529|674|363|433|532|414|404|360|408|435|593|423|413|559|464|896|386|367|334|411|508|444|696|456|612|585|440|476|335|422|335|389|519|435|560|356|402|337|485|609|601|422|396|600|524|528|459|593|411|571|340|604|413|390|630|693|511|466|411|925|495|345|330|728|637|562|443|318|340|546|551|388|385|382|554|391|485|312|650|489|615|566|556|513|388|729|519|743|549|486|422|341|668|551|465|306|523|394|389|489|432|531|418|444|568|725|590|490|490|468|500|422|670|450|464|235
194|164|161|234|198|159|179|223|196|214|180|189|196|179|227|179|179|184|155|186|197|225|185|158|209|160|179|194|199|159|209|188|212|217|188|223|204|223|222|182|189|158|199|174|202|192|184|227|179|176|213|204|212|184|155|209|204|166|179|190|226|199|171|179|199|158|208|179|158|208|222|181|230|175|179|185|224|174|203|187|199|211|207|198|234|181|172|215|224|223|196|184|196|221|196|175|179|204|192|175|193|248|184|235|219|158|200|197|223|206|157|158|192|190|222|179|164|226|179|181|240|202|166|171|189|168|196|188|208|186|174|225|180|184|184|179|157|191|179|179|192|209|179|198|183|231|162|154|200|242|159|171|205|171|178|158|175|186|208|215|202|193|218|212|174|191|188|157|198|154|163|190|181|200|184|189|179|193|225|190|160|176|228|237|173|180|179|197|198|199|178|196|225|185|158|185|229|202|189|191|195|197|232|199|212|164|198|184|235|194|205|194|192|155|184|180|182|165|179|184|186|179|214|164|166|169|206|227|167|209|186|185|180|184|212|201|179|205|217|198|191|158|229|215|164|204|205|179|200|188
Iteração que foi encontrado o Melhor Global: 553
Quantas vezes o Melhor Global foi alterado (Lembrando que a verificação na inicialização acumula nesse contador): 12
Particula Inicial do melhor global:
3,603731|0,351469|2,551901|2,456383|2,711154|0,498610|2,205591|3,626405|3,200713|2,642898|1,330809|2,256573|2,413013|1,108061|3,256535|0,238330|0,276418|1,075867|3,315100|3,099620|1,546350|0,274079|1,676727|2,055002|1,222448|
Particula Final do melhor global:
1,109253|1,048694|1,173064|1,242848|1,727803|3,369347|3,128361|1,620563|2,892294|0,953501|2,802068|3,060752|3,533487|2,410272|1,716523|0,782025|0,027421|2,743936|0,080620|2,158523|0,862383|0,237864|0,699301|3,665085|3,353030|
A melhor solução desse PSO é:
16 18 21 22 15 20 9 
1 0 2 3 7 14 4 
19 13 17 10 8 
11 6 24 5 12 23 
Quantidade de trocas de:0,000000
Makespan: 154,000000
