683|628|622|503|715|578|644|709|495|559|698|664|662|740|653|795|857|829|672|985|657|584|414|444|648|679|478|604|930|410|750|468|595|751|641|571|786|690|800|648|1155|1047|583|568|567|632|519|588|586|555|597|777|588|969|550|573|588|661|1136|626|497|742|517|673|640|603|576|617|641|439|926|571|616|884|545|645|678|576|814|672|817|560|449|535|675|533|757|486|481|726|678|541|666|501|483|502|762|606|538|1071|861|557|774|754|549|711|644|543|530|409|743|675|569|552|532|1200|661|976|631|596|614|685|987|616|1031|527|1008|599|600|483|469|676|430|555|499|1018|915|535|869|853|453|908|589|556|561|403|471|586|596|553|694|415|412|479|664|599|685|789|798|659|640|748|1018|935|503|671|671|477|526|715|635|508|702|544|821|543|481|631|651|427|1281|583|583|530|848|443|695|562|815|763|371|690|628|966|741|609|631|690|732|596|427|731|502|605|681|1166|447|632|516|739|654|399|913|574|663|584|506|526|425|532|869|607|725|774|615|767|829|682|797|883|753|474|371|475|765|509|593|778|833|989|923|451|380|805|781|985|934|539|874|474
306|258|204|222|204|205|214|288|218|224|230|214|205|213|205|205|257|222|204|205|267|296|244|214|204|206|255|222|234|214|222|205|249|206|206|220|230|262|205|237|204|247|214|253|209|205|214|220|272|294|234|325|268|249|206|214|231|206|244|204|315|228|283|306|310|224|207|206|205|205|204|237|290|207|311|205|206|240|206|292|206|224|320|259|329|300|206|299|237|303|283|237|290|320|206|250|220|253|237|204|221|205|205|204|300|232|206|214|205|206|278|223|206|204|242|219|226|241|219|250|221|268|253|246|222|215|224|204|240|225|228|214|336|231|234|205|205|215|224|257|228|204|232|205|322|205|204|251|297|234|232|306|224|284|204|205|206|214|206|284|267|204|212|206|269|279|204|265|206|217|205|346|297|291|224|280|277|207|224|205|288|206|227|222|292|205|206|311|211|237|273|204|231|207|205|206|228|271|205|266|291|206|250|226|250|245|219|214|223|211|265|244|290|251|228|224|258|228|302|251|207|223|213|224|206|279|206|246|228|214|205|205|271|290|205|307|224|292|231|230|228|257|220|284|250|322|243|278|258|205
Iteração que foi encontrado o Melhor Global: 680
Quantas vezes o Melhor Global foi alterado (Lembrando que a verificação na inicialização acumula nesse contador): 10
Particula Inicial do melhor global:
0,003694|2,686756|2,695101|0,658501|2,792796|0,145927|2,760749|0,031266|0,476448|0,897074|3,633464|1,353750|2,837608|3,418413|1,973290|1,158373|3,997833|2,081469|1,017996|3,336611|2,410294|2,584321|1,392923|0,227112|3,196841|
Particula Final do melhor global:
1,650291|3,054022|2,933791|2,575184|1,834946|3,824422|1,045428|3,129488|1,279153|1,652586|0,631821|0,410956|1,708509|3,500233|2,069911|1,776341|1,619699|2,300835|0,797601|0,491218|2,632684|0,401610|0,212069|3,421697|1,484248|
A melhor solução desse PSO é:
22 21 11 19 10 18 
6 8 24 16 0 9 12 15 4 
14 17 3 20 2 
1 7 23 13 5 
Quantidade de trocas de:0,000000
Makespan: 204,000000
