315|331|544|386|272|462|309|304|552|483|327|591|325|466|368|407|465|377|450|361|379|355|420|324|303|317|325|419|416|389|398|307|362|346|481|488|309|370|493|338|464|281|515|309|467|314|494|380|406|389|341|399|530|271|598|460|423|305|476|339|417|372|370|512|357|321|410|502|371|367|389|455|327|368|338|456|533|681|310|328|491|478|355|333|269|285|307|328|454|289|317|302|344|403|516|455|324|433|360|491|429|408|399|623|369|519|300|397|381|314|390|343|427|404|462|403|455|378|363|329|432|445|322|391|352|388|308|330|514|397|323|310|554|506|441|309|390|439|571|367|418|408|591|304|371|505|478|344|360|416|410|321|570|412|444|565|397|341|324|483|477|326|551|316|313|542|428|472|483|355|413|381|306|451|420|392|372|334|324|489|566|360|395|400|343|420|401|396|464|415|410|357|354|378|314|448|554|313|393|463|487|475|307|341|591|349|468|461|477|393|461|558|410|328|386|504|446|390|503|460|468|405|333|324|382|424|342|415|440|368|352|425|445|312|384|341|506|419|399|434|362|374|329|387|415|422|306|397|481|315
251|258|244|248|246|240|252|243|249|260|268|236|243|249|247|242|230|239|247|253|254|251|225|263|233|259|256|239|244|262|242|247|250|249|254|259|251|253|236|250|251|245|243|239|249|247|245|233|255|244|257|248|255|261|247|248|257|251|240|259|242|260|255|232|232|254|257|251|242|251|241|244|252|252|245|247|257|251|247|255|260|248|240|245|260|258|237|251|251|247|244|245|245|245|245|225|258|247|248|255|244|241|254|252|249|261|254|251|250|263|254|242|261|254|251|236|249|247|232|243|246|237|256|245|259|247|252|253|243|253|245|251|241|250|242|245|254|225|250|254|252|235|248|245|261|252|236|259|248|260|254|246|255|258|266|254|246|236|242|239|248|249|265|243|247|259|244|252|243|239|264|261|255|245|245|249|255|250|241|252|257|239|252|249|252|257|249|256|245|258|230|256|235|239|254|248|226|231|254|246|251|247|230|235|247|242|254|250|242|258|244|250|250|247|238|256|258|247|241|246|257|256|251|251|253|248|246|250|252|242|252|244|245|253|237|245|244|256|239|251|246|260|244|241|254|260|249|243|230|247
Iteração que foi encontrado o Melhor Global: 692
Quantas vezes o Melhor Global foi alterado (Lembrando que a verificação na inicialização acumula nesse contador): 10
Particula Inicial do melhor global:
2,651245|1,044105|3,926252|1,492130|0,514511|2,681067|2,809538|3,509513|1,172039|3,892404|1,619366|0,988180|3,935195|3,902001|0,690902|0,311036|3,819855|3,760585|2,863278|3,017647|2,773144|2,777845|3,105653|0,999120|1,536487|
Particula Final do melhor global:
0,518561|1,636960|0,579258|1,945542|3,562203|0,423217|3,100052|1,021404|0,703316|1,540969|2,677303|1,453980|2,056628|0,703860|3,547634|2,527322|0,907599|3,004853|2,309921|1,024524|2,223901|2,528361|0,643098|3,507604|3,962128|
A melhor solução desse PSO é:
5 0 2 22 8 13 16 
7 19 11 9 1 3 
12 20 18 15 21 10 
17 6 23 14 4 24 
Quantidade de trocas de:1,000000
Makespan: 225,000000
