493|440|301|399|370|464|433|392|374|319|406|385|412|377|357|313|343|312|378|375|355|422|290|342|411|337|313|424|392|383|347|442|324|552|502|360|348|432|443|380|366|287|282|458|458|306|365|421|438|449|435|434|369|344|369|396|325|341|325|445|517|302|334|407|415|325|412|292|513|298|371|300|348|385|541|402|326|467|488|448|359|328|374|630|423|405|397|420|375|419|446|376|331|556|349|543|353|318|524|370|506|414|311|425|480|385|469|381|418|418|363|421|435|566|332|443|346|378|320|474|535|522|480|329|336|377|312|357|334|293|330|482|356|376|369|384|321|346|390|415|465|389|565|681|504|491|373|406|447|577|538|322|342|476|484|388|306|420|335|366|375|357|381|350|481|356|710|396|370|531|355|453|409|421|379|302|499|369|461|447|597|402|485|431|419|424|320|474|381|428|280|503|419|401|387|438|507|384|558|553|439|311|372|384|427|321|371|423|376|497|357|403|533|294|299|502|511|440|409|356|356|429|463|389|440|352|413|497|380|337|347|468|343|389|375|421|377|458|550|379|407|419|381|313|371|498|454|382|328|709
213|232|216|224|216|238|217|244|207|211|229|215|217|207|229|204|225|230|246|226|240|209|220|209|222|237|228|216|212|209|223|207|218|219|248|219|224|207|207|214|217|207|230|216|213|224|209|247|244|230|226|209|207|207|225|226|208|245|246|228|236|236|224|257|245|214|236|207|217|227|207|216|234|220|212|214|228|241|216|226|251|238|207|237|226|231|208|242|226|243|236|218|231|208|228|237|209|234|217|235|207|207|218|234|207|222|207|220|207|209|207|213|209|222|218|230|234|219|248|226|209|237|214|224|234|209|216|229|207|209|209|208|209|208|229|221|216|223|212|207|207|226|218|236|207|233|208|216|213|217|226|214|227|213|216|229|221|235|234|249|242|244|227|247|212|216|223|207|218|207|217|227|236|223|203|212|221|207|208|220|207|232|235|226|223|231|225|238|218|228|221|210|237|240|208|228|228|214|228|229|214|223|207|214|214|209|246|212|232|239|231|211|244|207|240|214|217|224|208|230|222|207|229|214|229|238|214|212|231|207|218|206|221|225|207|230|207|244|220|209|212|224|235|234|230|207|236|235|221|238
Iteração que foi encontrado o Melhor Global: 829
Quantas vezes o Melhor Global foi alterado (Lembrando que a verificação na inicialização acumula nesse contador): 13
Particula Inicial do melhor global:
3,154236|3,604832|1,838890|1,414962|3,986956|0,702675|2,610053|2,955751|2,303463|0,645721|3,833075|3,031559|2,916507|2,490333|1,817492|2,337100|0,220521|0,008674|2,469153|1,087837|2,419652|1,925061|3,270394|3,757904|3,258346|
Particula Final do melhor global:
0,660730|1,716113|3,740818|0,553062|3,005426|3,728970|0,053273|2,196425|2,932073|1,545226|2,682934|3,940992|1,683182|3,630905|0,907855|1,890607|1,759697|2,943254|1,293836|3,090316|1,875124|1,746520|3,094640|2,297436|0,993776|
A melhor solução desse PSO é:
6 3 0 14 24 
18 9 12 1 21 16 20 15 
7 23 10 8 17 
4 19 22 13 5 2 11 
Quantidade de trocas de:0,000000
Makespan: 203,000000
