1330|2483|1691|1652|1472|1491|1863|1515|1437|2108|1595|1709|1398|1732|1949|1930|1504|1904|1928|1792|2136|1789|1458|1697|1385|1633|1791|1742|1676|1582|1576|1985|1367|1715|1514|1383|2299|1464|1512|1882|1588|1892|1910|1955|1495|1361|1421|1621|1448|1305|1867|2205|1817|1926|1710|1583|1638|1443|1751|1558|1674|1423|1644|1768|1893|1407|1583|1583|1235|1836|1409|1683|1454|1848|1439|1444|1655|1805|1611|1744|1932|1754|1581|1734|1317|1414|1641|1411|1765|1791|1859|1858|1442|1525|1562|1908|1470|1641|1832|1818|1505|2062|1791|2353|1487|1368|1361|1442|2016|1418|2017|1399|1522|1782|1766|1539|1847|1311|1556|1530|1521|1358|1857|1706|1505|1829|1290|1535|1746|1909|1577|1946|1503|2071|1283|1539|2126|1348|1764|1821|1559|1462|1378|1578|1308|1484|2060|1311|1324|1274|1939|1618|1786|1859|1933|1919|1675|1579|1665|1953|1409|1560|1914|1761|1723|1762|2032|2040|1595|1552|1688|1767|1702|2370|2035|1683|1701|1762|1258|2009|1865|1350|2066|1836|1495|1561|1481|1645|1542|2358|1728|1278|1506|1939|1638|1552|1348|1755|1498|2160|1560|1425|1319|1435|1470|1302|1720|1953|1436|1557|1605|1396|1390|1472|1461|1591|1623|1637|1389|1326|1980|1559|1410|1392|1470|1366|2028|1710|1526|1454|1380|1958|1818|1616|1876|1517|1694|1682|1987|1523|1524|1305|1480|2316|1620|1494|1693|1993|1517|1330
1072|1030|912|1045|912|1079|931|912|1079|1021|1010|979|967|886|963|988|1022|953|1025|1023|1019|946|1045|1032|1019|953|953|978|1049|1034|1045|956|961|1046|935|1013|1010|1002|886|953|925|956|971|992|925|912|922|1043|886|951|1039|965|949|975|923|953|1046|1004|1057|935|983|1000|932|912|1035|886|947|993|1040|967|953|990|989|950|912|992|1023|1027|953|992|988|1018|901|886|998|935|993|1027|1048|886|1068|940|994|888|886|984|967|1024|1018|989|960|933|989|980|994|1016|958|898|999|1024|886|912|999|1053|1023|915|933|967|953|953|984|1057|935|973|886|973|935|1053|1022|992|886|1003|922|984|980|1045|978|953|1013|1059|953|956|1078|1060|1053|1016|886|886|1040|912|1020|886|1003|912|1038|886|953|945|1020|976|953|947|969|995|952|935|1020|935|1022|1048|921|1028|886|1082|978|953|1014|935|1020|1113|886|945|979|935|995|912|886|952|919|1034|1000|1006|886|886|935|988|1043|1019|986|982|886|951|953|893|982|967|1099|901|886|991|1110|1016|886|1016|886|1022|1059|935|912|1021|1024|1001|1013|998|992|886|947|953|935|933|953|1040|886|1020|999|991|965|953|942|1023|928|967|1013|1024|924|886|1000|1005|992|912
Iteração que foi encontrado o Melhor Global: 180
Quantas vezes o Melhor Global foi alterado (Lembrando que a verificação na inicialização acumula nesse contador): 13
Particula Inicial do melhor global:
0,158399|1,330018|0,198306|1,015370|1,144351|0,146738|0,888396|1,719913|0,040212|0,512109|1,303553|1,227630|1,426931|0,668403|0,372886|0,811517|1,515487|0,646437|0,808564|0,087626|0,578693|0,370413|1,363887|0,732376|1,672097|
Particula Final do melhor global:
1,070351|1,282831|0,787872|0,597486|0,819289|0,150486|1,895263|0,758124|1,323586|0,916032|0,703099|0,184702|1,501009|1,688013|1,082191|1,053699|0,476319|1,761168|1,417045|1,292027|1,829015|0,007604|1,335877|0,944593|1,645578|
A melhor solução desse PSO é:
21 5 11 16 3 10 7 2 4 9 23 
15 0 14 1 19 8 22 18 12 24 13 17 20 6 
Quantidade de trocas de:14,000000
Makespan: 886,000000
