1523|1519|1988|1461|1482|1581|1868|1776|1540|1791|1568|1597|1803|1987|2187|1429|1504|1506|1590|1522|1384|2043|1192|1468|1613|1775|1498|1426|1492|1544|1827|1571|1367|1434|2250|1411|1729|1552|1285|1989|1465|1489|1647|1498|1439|1844|1873|1446|1491|2383|1713|1864|1471|1644|1669|2120|1823|1980|1838|2034|1437|1676|1540|1575|1876|1364|1636|1561|1324|1544|1363|1644|1745|1832|1573|1656|2016|1412|1764|1868|1769|1742|1781|1718|1914|1502|1431|1784|1992|2046|1763|1945|1765|1561|1441|1285|1687|1620|1503|1518|2267|1185|1447|1735|1651|1846|1637|1724|1872|1615|2157|1625|1663|1474|1737|1403|1870|1558|1695|1453|1549|1881|1662|1890|1732|1687|1583|1628|1389|1393|2320|2033|1614|1213|1319|1359|1953|1558|1659|1729|2146|1548|1417|1754|1452|1544|1259|1725|1547|1732|1741|1592|1498|1823|1671|1421|1540|1387|1860|1833|1500|1694|1680|1872|1752|1419|1626|1673|1645|1877|1631|1999|1783|1660|1914|1498|1361|1894|2025|1845|2180|2045|1760|2168|2205|1737|1372|1463|2036|1508|1926|1354|1599|1438|1713|1530|1516|1550|1565|2154|1847|1601|1674|1636|1484|1558|1667|1703|1639|1204|1395|1847|1793|1512|1864|1862|1508|1591|1929|1741|1679|2640|1554|1983|1245|1459|1410|1712|1642|1562|1992|1316|2001|1543|1501|1313|1642|2497|1528|1473|1538|1635|1632|1545|1676|1375|1702|1980|1512|1748
1066|953|966|922|1020|1095|922|1087|922|1036|1123|1012|1099|989|1051|1057|1048|1006|964|922|1048|982|1010|1046|1014|922|1070|1151|1012|1044|1036|922|1027|1048|1027|1048|953|986|998|1051|995|1002|1005|1061|922|922|938|988|952|966|922|1033|938|1151|922|1019|922|956|1020|966|926|922|969|991|922|1081|1026|1031|1081|953|1102|977|922|922|1084|996|1079|922|1085|989|966|1039|1088|922|1062|1063|938|922|1112|1028|997|922|922|966|1065|922|938|1051|1028|1032|1033|1027|922|1018|1012|969|922|938|922|1084|922|938|983|995|1016|969|950|950|922|922|966|938|938|989|922|1018|966|922|1026|1065|1017|922|1027|989|1113|1019|938|952|962|997|966|1033|1046|1033|919|1030|1047|1044|1013|990|950|1045|922|919|1014|989|1053|1065|1067|986|1002|938|1036|969|938|922|989|1019|1030|1084|1026|1080|1008|1053|1024|1019|1059|938|1039|1045|922|1012|1063|1002|1036|1016|1022|1036|1041|922|922|989|1006|969|991|1088|919|1029|960|1025|1056|950|1046|1069|938|1008|1084|1019|1050|1047|1024|1024|1017|922|1092|1080|1042|1048|1020|953|1070|922|1087|922|1092|1046|989|1020|1013|1036|922|1113|1073|922|966|953|986|1098|1040|1031|989|1058|952|988|996|977|989|922|1019|985
Iteração que foi encontrado o Melhor Global: 559
Quantas vezes o Melhor Global foi alterado (Lembrando que a verificação na inicialização acumula nesse contador): 11
Particula Inicial do melhor global:
1,548603|0,950149|1,055688|1,484294|0,582353|0,588339|1,006088|1,005026|1,059819|0,640786|1,716233|1,533008|1,913327|0,046880|1,209104|0,495542|0,504728|1,855910|0,082616|1,745296|1,840650|0,853362|0,948998|1,224329|1,181427|
Particula Final do melhor global:
0,847907|0,541331|1,489503|1,439990|0,542322|1,172872|0,728544|0,919490|1,398932|1,943131|1,301824|0,836891|1,284881|1,915267|0,726872|0,563750|0,567943|1,732758|1,801999|0,607979|0,186252|0,771144|1,136946|1,944512|1,541081|
A melhor solução desse PSO é:
20 1 4 15 16 19 14 6 21 11 0 7 
22 5 12 10 8 3 2 24 17 18 13 9 23 
Quantidade de trocas de:15,000000
Makespan: 919,000000
