757|449|351|723|787|521|730|446|595|493|606|716|570|404|601|502|557|548|596|433|501|594|454|391|496|471|584|739|598|742|690|423|476|785|503|675|819|369|643|511|338|607|649|466|351|441|675|580|389|623|843|413|520|381|502|720|684|587|598|602|380|750|545|964|460|632|535|518|604|618|633|724|456|529|513|433|408|616|740|495|671|753|582|396|729|843|738|626|423|976|526|443|404|418|602|746|452|443|703|524|526|675|848|426|648|474|556|310|543|418|626|468|530|452|517|464|507|459|545|397|575|623|403|527|414|534|419|465|580|407|422|412|425|587|595|700|536|462|440|622|534|438|842|761|596|396|565|715|847|609|612|537|341|768|456|487|570|451|757|504|519|608|500|418|638|568|385|562|430|654|376|716|856|511|722|678|604|431|603|542|504|498|543|441|715|712|621|456|456|515|859|558|532|519|674|569|534|514|383|544|972|553|528|496|574|501|557|471|381|371|631|635|513|611|541|767|710|532|352|516|458|445|606|439|427|697|498|433|481|593|637|386|456|787|503|684|477|696|482|394|631|446|493|414|440|325|525|614|550|462
187|272|249|264|187|249|231|219|210|250|228|264|186|246|271|271|242|219|206|197|219|245|273|186|238|249|278|214|246|252|258|264|237|271|269|253|260|228|254|265|214|274|259|230|225|265|226|240|202|238|213|239|199|245|236|186|203|255|233|232|208|217|242|211|207|254|241|237|241|231|200|203|231|257|192|203|239|203|252|185|226|276|232|278|258|253|232|186|211|248|241|263|238|239|263|245|225|188|222|255|185|220|219|251|215|186|256|257|255|239|235|224|282|282|186|259|187|187|248|237|254|246|259|186|262|219|214|231|219|271|257|199|267|263|252|201|253|238|261|263|257|247|247|248|244|250|255|259|220|260|246|254|232|254|255|262|217|261|210|256|268|243|250|261|186|259|202|209|252|286|259|247|238|240|261|185|250|230|262|235|235|246|231|242|285|245|240|247|223|185|255|257|269|220|211|241|234|257|297|224|249|267|221|189|185|220|219|299|275|203|211|211|266|236|203|226|235|248|268|256|273|205|245|257|261|250|248|187|215|186|203|264|212|274|186|207|277|261|219|247|262|200|200|187|206|277|249|203|266|200
Iteração que foi encontrado o Melhor Global: 748
Quantas vezes o Melhor Global foi alterado (Lembrando que a verificação na inicialização acumula nesse contador): 15
Particula Inicial do melhor global:
3,763385|0,668016|1,678194|0,696660|1,246035|1,758695|2,635455|2,886923|2,738101|0,453575|3,334950|2,956256|2,984133|0,758911|3,231401|3,116563|3,156265|0,983426|0,265028|1,073367|1,354887|3,893847|0,486870|0,328065|1,265739|
Particula Final do melhor global:
3,716991|0,981126|3,510580|2,657374|3,229151|0,048666|1,403201|1,106371|3,513386|3,618745|1,293092|0,813632|2,868347|3,505921|2,010686|2,845887|0,554170|1,192627|2,162454|1,397148|0,885171|2,561098|2,332673|2,850351|3,992028|
A melhor solução desse PSO é:
5 16 11 20 1 
7 17 10 19 6 
14 18 22 21 3 15 23 12 
4 13 2 8 9 0 24 
Quantidade de trocas de:0,000000
Makespan: 185,000000
