554|799|524|442|659|717|463|656|406|824|467|944|453|627|440|434|625|554|452|483|612|661|552|495|488|574|517|547|509|441|530|582|426|684|906|788|639|432|631|778|495|600|540|518|590|559|654|611|450|719|660|472|655|611|565|565|787|610|580|459|510|517|442|507|429|620|864|484|560|558|531|564|755|407|530|575|625|429|678|580|669|713|480|577|514|798|617|483|510|578|775|619|658|575|612|552|556|518|534|563|502|699|599|430|543|539|557|840|470|539|496|754|687|534|664|703|513|535|899|572|601|627|621|565|577|612|554|687|685|642|555|537|1005|741|814|663|613|678|548|513|567|779|478|551|759|587|854|510|470|578|530|560|497|602|610|705|499|746|500|497|670|835|580|455|494|682|669|439|623|490|666|665|797|511|652|564|488|599|593|599|817|438|664|414|565|482|469|746|596|450|499|482|479|523|554|659|390|803|563|494|606|809|467|609|523|502|558|459|645|463|761|499|593|515|760|417|562|423|454|954|442|695|667|695|508|525|588|539|690|673|482|663|658|683|553|761|626|459|839|817|484|691|540|574|546|720|680|494|1013|736
345|279|334|317|311|342|279|297|279|319|311|334|351|340|321|291|301|328|335|349|338|301|313|316|296|345|279|300|291|330|336|343|331|280|325|300|353|328|326|305|306|357|349|312|279|291|318|376|308|280|336|346|335|300|356|334|312|342|343|325|350|316|280|300|292|303|347|328|323|343|322|340|335|291|291|329|344|342|344|302|334|291|313|359|291|318|346|332|349|328|323|295|289|311|355|329|301|343|279|306|316|319|311|343|341|301|322|333|351|291|331|341|291|340|296|279|291|319|322|339|338|365|351|371|295|343|284|300|338|296|332|305|279|325|345|291|362|316|321|344|311|331|321|321|355|321|355|296|345|301|338|348|351|317|279|319|311|339|301|345|333|295|333|284|292|316|328|308|342|360|315|334|317|298|340|325|358|362|324|359|331|309|320|372|361|319|298|322|344|326|349|338|340|347|334|328|347|322|298|312|338|344|300|335|332|342|352|303|337|279|356|350|340|291|335|335|319|299|296|347|316|342|311|308|307|335|334|291|347|340|325|342|333|312|355|326|348|336|331|326|340|340|325|332|334|314|354|349|280|343
Iteração que foi encontrado o Melhor Global: 836
Quantas vezes o Melhor Global foi alterado (Lembrando que a verificação na inicialização acumula nesse contador): 21
Particula Inicial do melhor global:
2,405986|2,897901|2,659135|1,573967|0,838038|0,238925|0,476293|2,374453|0,250062|2,949735|0,465428|1,844656|2,377516|2,179206|2,559420|1,297914|1,342684|0,243515|0,717295|2,668279|2,359910|1,353237|2,411623|0,877875|0,748055|
Particula Final do melhor global:
1,112120|2,321628|0,294182|0,601483|1,679311|0,131365|2,633898|1,002989|2,096776|2,348925|0,127314|1,768744|0,847537|2,478028|0,603473|2,621369|2,223284|0,784287|0,316816|0,065824|1,478631|1,073717|1,763272|1,476986|2,536975|
A melhor solução desse PSO é:
19 10 5 2 18 3 14 17 12 
7 21 0 23 20 4 22 11 
8 16 1 9 13 24 15 6 
Quantidade de trocas de:6,000000
Makespan: 279,000000
