402|361|421|441|324|423|318|405|319|487|444|330|303|383|339|329|303|385|392|333|340|375|348|366|358|457|322|422|337|423|371|450|477|578|469|379|299|380|378|358|354|404|346|415|438|348|298|457|414|340|384|282|476|582|355|400|338|579|296|405|357|501|400|379|319|362|387|361|451|349|362|339|328|354|306|389|396|461|368|327|409|348|531|392|331|366|387|396|291|356|413|370|359|538|509|424|438|610|311|442|354|411|347|332|355|361|342|380|412|475|342|340|302|341|528|393|278|391|435|449|387|426|413|485|390|468|381|491|347|338|352|615|285|506|294|465|321|459|370|492|407|357|404|314|373|403|330|365|318|500|457|533|318|367|310|414|323|310|276|318|417|395|400|309|293|389|463|593|476|362|388|348|501|305|434|380|442|463|492|294|379|484|428|361|363|331|428|357|514|414|364|394|426|592|497|345|369|382|343|347|410|272|443|414|402|377|627|294|371|301|352|334|411|370|411|358|581|324|387|447|287|395|364|572|403|313|366|318|352|347|450|471|392|376|313|452|453|434|373|394|373|314|415|386|316|303|496|383|593|312
244|254|260|244|239|230|258|233|258|231|231|229|259|233|248|229|242|241|232|229|242|238|257|233|229|258|252|232|229|242|229|255|236|229|250|229|229|259|258|255|233|255|229|238|229|233|233|247|250|249|232|267|253|248|242|260|229|245|229|236|249|229|229|246|234|233|242|229|253|251|239|231|259|233|259|230|229|251|229|234|229|229|230|240|239|254|239|258|242|232|250|233|253|229|245|239|240|233|231|230|229|256|229|255|248|230|229|233|252|246|229|243|238|229|242|242|271|244|234|249|267|235|255|229|254|230|242|230|254|237|259|246|242|256|245|231|234|254|250|260|230|270|242|253|232|229|260|244|260|260|254|249|229|258|259|232|229|229|238|236|229|254|242|229|250|252|255|229|229|236|234|233|250|229|252|258|229|241|246|250|248|230|240|234|248|229|230|262|261|242|247|233|239|247|229|250|260|242|233|229|242|255|243|254|255|228|257|260|235|256|247|238|233|261|245|247|229|262|235|239|259|231|229|231|229|238|229|264|242|245|239|237|247|230|229|240|242|253|255|252|256|265|242|242|230|255|260|242|229|238
Iteração que foi encontrado o Melhor Global: 951
Quantas vezes o Melhor Global foi alterado (Lembrando que a verificação na inicialização acumula nesse contador): 8
Particula Inicial do melhor global:
1,888769|0,414542|2,661513|0,651240|0,733932|0,361669|0,347549|0,531293|0,818727|1,148157|2,204012|0,622121|2,976852|0,618423|1,864980|0,447973|1,881720|2,808215|1,991024|0,382370|1,081064|1,635696|2,566019|0,193015|2,797179|
Particula Final do melhor global:
2,250826|0,977624|0,414645|0,735679|2,769009|1,886397|2,608482|2,806996|0,766037|1,467051|2,200431|0,409109|1,711334|1,541443|1,887296|2,314953|2,229617|0,457619|1,675465|2,201701|1,487301|1,828412|0,898115|1,833960|2,192955|
A melhor solução desse PSO é:
11 2 17 3 8 22 1 
9 20 13 18 12 21 23 5 14 
24 10 19 16 0 15 6 4 7 
Quantidade de trocas de:3,000000
Makespan: 228,000000
