407|413|449|480|433|347|535|463|582|462|501|468|400|408|351|372|541|386|395|525|533|482|465|306|530|295|531|513|604|484|418|361|389|363|432|311|395|378|314|608|464|424|541|386|516|355|292|370|435|452|458|460|393|476|378|383|457|588|578|454|390|338|613|419|344|395|465|513|463|383|418|437|449|554|401|435|392|327|487|316|387|496|749|414|501|381|565|416|500|322|389|451|358|459|372|283|427|402|483|588|360|378|376|534|418|332|712|385|400|553|535|311|338|326|392|365|416|734|468|409|386|457|405|494|415|524|323|339|433|467|371|440|602|387|310|351|289|423|417|439|346|367|385|407|384|437|352|556|403|475|471|510|696|370|524|332|504|475|389|421|389|432|548|409|453|358|398|460|382|548|662|376|443|590|457|575|409|495|570|554|589|384|449|461|464|316|360|601|514|463|462|469|500|367|419|361|493|462|351|388|515|442|383|304|389|410|441|356|426|573|519|365|388|416|516|375|360|511|442|394|352|482|424|385|504|345|498|374|585|345|314|471|444|373|539|436|382|383|434|391|270|307|357|358|511|487|508|397|333|381
227|263|245|247|260|240|262|255|254|264|271|268|246|252|262|239|238|253|247|247|268|268|246|260|263|243|230|246|268|255|237|265|249|253|229|252|235|256|239|244|221|255|260|235|248|258|266|244|221|238|225|239|246|260|229|246|231|227|262|262|258|236|270|238|241|239|246|253|258|254|249|250|247|247|236|265|227|263|253|244|248|237|272|234|255|254|273|229|239|261|259|267|238|258|236|257|228|265|269|251|247|270|261|244|269|253|259|254|261|264|239|256|269|254|245|242|256|239|229|255|246|233|221|257|258|239|211|266|246|217|275|272|230|268|272|274|216|243|240|264|229|252|245|244|258|253|263|276|268|258|272|245|249|247|253|229|229|231|239|248|251|214|260|229|253|239|227|256|229|267|243|254|261|255|277|261|241|236|261|255|245|254|271|255|254|254|238|254|229|257|281|260|238|266|262|243|241|263|263|229|282|266|269|251|260|262|252|249|264|267|262|221|222|260|232|262|253|258|229|229|258|244|229|219|275|267|263|269|229|258|235|262|264|244|221|234|256|256|250|247|265|241|227|245|263|266|269|276|247|253
Iteração que foi encontrado o Melhor Global: 745
Quantas vezes o Melhor Global foi alterado (Lembrando que a verificação na inicialização acumula nesse contador): 15
Particula Inicial do melhor global:
3,773152|2,449308|3,150234|2,193122|2,915677|0,962137|2,847042|1,117226|0,413154|3,984571|0,206690|0,170311|3,375401|1,618690|2,682387|1,335043|1,607848|1,536863|1,091025|0,256506|3,158491|3,911374|1,361981|0,412942|0,100644|
Particula Final do melhor global:
2,525350|3,377939|3,059102|1,389347|3,377303|0,817693|2,277359|1,007226|3,332577|0,926762|2,090517|3,141309|2,656873|1,212544|0,658147|2,098547|2,192869|1,509445|0,531637|2,007241|1,271940|1,697378|1,074169|3,311482|2,096970|
A melhor solução desse PSO é:
18 14 5 9 
7 22 13 20 3 17 21 
19 10 24 15 16 6 0 12 
2 11 23 8 4 1 
Quantidade de trocas de:0,000000
Makespan: 211,000000
