231|159|211|201|160|258|202|263|192|212|205|221|243|227|241|231|205|188|176|194|198|192|192|236|230|158|143|161|220|170|222|137|175|176|217|191|201|185|208|171|146|193|199|234|161|181|195|215|177|175|223|189|188|254|243|217|160|191|202|249|178|148|208|282|197|176|240|196|224|208|155|264|143|224|162|222|184|182|215|193|251|163|169|233|168|187|183|147|194|198|161|205|172|154|219|266|175|215|234|177|152|214|207|279|181|265|198|248|201|220|198|203|187|185|172|210|178|146|205|195|137|186|197|172|160|183|182|183|162|215|159|195|191|177|146|205|145|216|195|157|237|179|209|202|244|186|177|186|204|220|161|179|222|169|175|194|154|209|137|188|176|201|193|162|142|247|190|264|282|179|158|238|165|164|202|247|189|157|188|248|195|210|200|248|201|186|253|177|267|193|234|160|238|184|218|182|166|162|214|229|153|239|187|233|186|205|165|162|200|167|227|140|178|165|262|171|198|165|294|222|180|188|209|224|185|192|172|199|148|148|189|263|187|169|197|205|177|284|133|169|222|253|161|176|146|245|186|189|189|217
133|134|134|135|132|135|132|129|133|133|134|132|132|133|136|133|136|131|132|133|133|130|132|137|133|135|133|133|132|128|131|132|131|133|132|133|135|134|129|132|132|131|134|132|134|136|132|133|131|132|131|135|133|132|133|131|135|133|132|134|133|135|134|133|133|129|136|131|131|133|133|132|135|133|133|136|133|138|133|136|136|133|134|133|134|131|132|133|131|134|131|133|133|131|133|134|134|132|131|135|130|132|135|137|129|134|131|133|132|132|132|135|131|129|134|137|133|132|129|131|137|129|134|129|131|134|134|134|133|135|132|131|135|134|131|134|133|133|132|131|134|134|132|131|130|130|132|129|131|132|134|131|134|134|129|129|131|134|133|133|133|131|133|134|134|133|130|131|139|133|132|131|133|134|132|137|133|133|134|132|133|129|131|129|133|133|130|135|132|133|132|132|133|133|130|132|132|135|129|133|132|135|134|132|132|132|129|133|131|132|132|132|129|131|131|132|133|132|130|132|135|130|131|132|133|131|132|134|136|133|133|133|129|133|131|130|133|130|133|135|132|134|137|134|133|131|129|131|132|133
Iteração que foi encontrado o Melhor Global: 855
Quantas vezes o Melhor Global foi alterado (Lembrando que a verificação na inicialização acumula nesse contador): 5
Particula Inicial do melhor global:
2,056110|1,562756|2,019099|2,164928|0,004055|1,401767|2,921433|1,258308|2,820473|1,194637|2,384239|0,607641|0,945046|1,903117|1,550159|0,870010|3,417246|0,057188|3,601813|2,946367|3,806988|0,279323|1,743577|3,188564|0,874635|
Particula Final do melhor global:
1,702759|0,211935|3,543848|1,081903|0,073476|3,264555|2,578067|1,116254|3,443835|2,150281|1,550912|2,368254|1,955400|2,191434|0,691887|3,580995|1,097857|1,945132|2,588500|2,523547|2,049285|1,329189|3,042627|0,303189|2,979103|
A melhor solução desse PSO é:
4 1 23 14 
3 16 7 21 10 0 17 12 
20 9 13 11 19 6 18 24 
22 5 8 2 15 
Quantidade de trocas de:5,000000
Makespan: 128,000000
