1073|847|1511|981|1301|1219|1135|1246|972|1188|1356|1283|1257|905|1029|1144|1210|1270|1015|1098|1010|1037|1673|976|876|977|1195|1428|1426|904|1080|1013|924|972|1095|1097|1408|1379|971|1099|1523|1046|1309|917|1195|1317|1178|1157|1034|1329|1311|1507|934|1303|1246|1326|1148|1534|1124|988|1310|1611|1095|1223|1273|1280|848|1210|864|1200|1028|1068|879|1233|851|1036|1156|1426|1411|1169|1143|1307|1274|995|997|1021|970|924|938|1065|1073|1064|1583|1031|1091|1326|812|1234|1292|1050|803|960|1164|1229|944|923|1190|833|1181|1336|1060|1124|1395|1333|1133|1549|1081|1402|1248|880|1176|1224|1121|1204|1005|1390|1101|1084|1036|1295|1261|1254|969|1020|1145|1191|1210|818|1268|1105|946|1162|1024|1067|1122|1091|990|1140|1364|985|1260|1320|1515|1181|1394|1396|1026|1481|1148|1020|1247|920|1220|1064|1295|1160|1177|1030|1040|928|1191|1012|881|920|960|960|1004|941|1488|1170|892|929|960|1293|1098|863|1077|937|1257|949|1098|1188|871|966|1153|1174|1397|1175|1239|1344|1762|936|1691|1056|1096|1402|1221|1283|1095|891|1043|971|1337|932|1583|851|1778|958|1436|961|1090|1327|991|936|1471|1062|1222|797|1209|1154|1046|1290|886|1375|888|1110|1118|1121|1346|1344|1067|910|1017|1673|1080|1077|1473|1243|1113|1106
584|538|545|613|577|604|557|538|538|653|538|557|580|601|545|538|601|545|538|612|601|651|670|572|567|638|538|553|553|601|538|609|538|538|538|555|538|538|581|601|538|604|538|538|538|584|615|574|617|571|604|593|584|603|538|548|638|592|571|538|606|538|572|538|538|571|538|538|538|583|538|601|538|538|538|572|538|538|610|538|601|538|538|538|538|545|581|538|540|603|538|618|538|601|547|538|564|572|592|610|538|557|592|583|538|618|538|538|654|538|574|538|646|538|594|572|620|545|538|614|555|538|571|653|603|601|538|538|567|538|538|582|538|555|538|538|608|611|538|538|547|538|538|538|579|538|628|538|584|538|570|634|538|538|648|603|538|604|538|538|553|538|538|571|545|538|571|603|584|549|646|572|538|538|538|601|571|603|601|571|538|538|583|577|604|571|538|581|604|608|601|601|595|538|574|545|628|601|604|572|546|538|601|572|538|545|583|538|538|538|622|538|567|592|571|538|569|615|601|588|538|538|538|637|630|603|574|538|538|538|593|538|567|538|538|603|642|623|538|571|584|606|540|601|601|545|595|579|538|538
Iteração que foi encontrado o Melhor Global: 219
Quantas vezes o Melhor Global foi alterado (Lembrando que a verificação na inicialização acumula nesse contador): 15
Particula Inicial do melhor global:
1,233031|0,508151|0,582156|0,837770|1,943772|0,789666|1,737705|0,907826|0,486973|0,439548|0,064996|1,551533|1,657752|1,578912|1,253475|0,192921|1,532623|0,691537|1,291818|1,285356|0,413300|0,797933|0,024182|1,651176|1,590766|
Particula Final do melhor global:
1,461202|1,482137|0,623610|0,911694|1,531163|0,954998|1,343292|0,822008|0,946794|0,579574|0,590545|1,693879|1,194406|0,623069|0,430895|1,781883|1,554564|0,244507|0,862677|1,014261|0,302890|0,796265|1,731781|1,154908|1,468857|
A melhor solução desse PSO é:
17 20 14 9 10 13 2 21 7 18 3 8 5 
19 23 12 6 0 24 1 4 16 11 22 15 
Quantidade de trocas de:5,000000
Makespan: 538,000000
