276|310|268|343|324|423|355|270|388|475|275|306|450|354|331|297|276|402|383|308|308|320|395|361|362|343|379|234|455|307|269|307|250|294|280|407|300|291|491|253|451|306|353|324|357|412|300|323|231|364|234|320|370|381|358|419|493|290|405|288|265|482|299|359|310|389|289|405|303|278|256|250|366|497|404|331|447|407|310|337|313|319|366|326|287|308|309|364|243|394|312|278|346|538|289|271|370|360|286|385|319|292|304|346|327|302|452|332|287|328|409|263|289|382|301|429|282|419|234|333|303|263|274|297|343|312|312|316|370|526|300|352|278|355|255|244|350|400|406|320|361|263|367|289|357|295|280|258|379|283|274|386|359|284|315|296|420|340|298|322|331|386|412|264|303|360|348|385|292|329|283|430|356|332|315|306|413|286|336|233|325|313|290|303|289|341|361|386|450|313|259|327|292|337|435|364|333|261|325|334|418|440|262|304|547|387|407|234|335|329|326|341|347|406|293|384|518|371|339|346|288|290|280|246|347|312|286|261|348|345|307|430|224|290|389|303|296|352|364|368|341|323|248|293|295|301|332|382|423|437
191|202|180|199|180|189|207|204|190|205|203|207|198|194|201|189|192|190|219|197|192|214|185|189|185|196|180|209|199|186|200|201|195|205|193|195|203|180|180|190|199|206|201|204|192|180|180|186|200|187|199|193|190|194|201|204|204|185|190|209|200|191|206|180|198|187|205|186|189|180|213|213|190|203|184|180|205|209|208|180|182|194|191|213|199|210|194|180|190|180|198|205|210|190|180|180|199|190|184|184|192|196|205|202|204|189|188|185|214|189|185|183|195|216|213|180|194|195|203|205|196|180|184|196|180|180|180|199|194|196|213|195|180|209|194|204|208|209|197|211|189|205|199|180|180|203|210|207|195|188|202|184|200|207|208|183|197|180|189|189|199|186|199|185|180|194|188|180|196|180|200|186|216|183|197|198|180|205|210|206|180|204|188|202|180|209|198|215|208|216|180|194|204|198|205|203|192|189|211|196|186|198|218|195|195|196|213|204|204|197|180|206|184|204|184|194|199|207|180|192|210|189|195|198|195|186|189|193|198|187|193|180|213|193|203|198|201|189|181|180|180|200|190|180|180|205|205|180|191|180
Iteração que foi encontrado o Melhor Global: 15
Quantas vezes o Melhor Global foi alterado (Lembrando que a verificação na inicialização acumula nesse contador): 5
Particula Inicial do melhor global:
3,663460|3,309160|2,705271|2,088565|3,241958|0,995228|2,532284|0,959369|3,799510|2,612555|1,884238|3,317691|3,483941|2,369834|1,201153|2,429403|1,919764|0,041351|1,850907|3,210449|2,303545|2,420993|1,133105|2,593365|1,094936|
Particula Final do melhor global:
1,123894|3,041238|0,314310|1,181650|0,813896|3,014515|2,499114|2,238714|1,010863|0,705047|1,547393|3,014041|2,044008|1,948195|3,041035|0,537197|1,877977|2,850878|0,900895|2,636787|1,005626|2,885359|0,936373|3,665006|3,306926|
A melhor solução desse PSO é:
2 15 9 4 18 22 
20 8 0 3 10 16 13 
12 7 6 19 17 21 
11 5 14 1 24 23 
Quantidade de trocas de:5,000000
Makespan: 180,000000
