1016|746|658|759|820|1069|1251|717|889|648|998|679|758|883|1160|793|1291|778|657|891|714|686|595|657|736|753|713|661|686|710|655|1050|575|797|716|658|583|936|1073|624|707|981|737|684|822|819|718|791|683|709|636|989|626|906|595|894|733|805|647|827|1390|676|791|691|1040|688|1179|939|728|905|732|888|803|743|1170|734|697|576|609|663|615|512|835|663|941|962|600|1013|828|783|793|729|686|719|645|671|648|669|645|888|695|978|1027|861|765|805|613|878|818|589|604|763|1410|542|750|873|731|739|902|868|533|739|714|712|730|959|656|1061|568|646|851|771|653|941|815|825|604|842|849|620|1303|741|958|1019|986|678|803|721|798|721|837|554|765|740|764|620|638|831|775|928|703|865|835|939|690|670|669|778|999|747|704|908|946|707|839|673|1051|587|1182|700|613|808|748|608|932|662|646|676|589|719|873|858|980|693|678|726|697|801|946|726|703|710|615|913|580|817|1112|757|1148|648|953|985|1021|998|835|1009|645|743|811|669|866|917|816|646|702|681|865|898|802|772|1087|895|818|668|576|933|843|709|646|931|851|872|810|1073|1016|701|915|578|779|1059
418|345|350|356|367|356|399|382|356|425|377|433|415|356|356|438|366|429|335|335|460|400|401|389|356|356|405|406|442|427|356|412|389|414|414|356|404|355|356|350|444|405|356|401|406|448|425|391|425|369|401|450|356|484|345|413|356|335|477|413|435|420|450|452|377|412|449|408|382|379|387|378|428|350|430|390|350|345|488|356|379|367|414|345|345|406|371|335|356|366|438|345|345|356|447|371|356|448|475|431|416|350|454|356|405|394|382|416|467|404|359|356|404|366|356|366|345|345|345|412|431|447|456|398|409|377|357|407|429|429|397|405|335|429|380|446|473|443|357|456|439|382|351|434|335|345|357|388|463|401|356|356|405|426|384|356|429|356|356|356|356|454|355|382|401|377|356|356|356|356|356|398|335|408|364|429|350|426|396|462|435|389|356|405|399|380|355|345|399|350|385|412|470|459|350|408|335|379|421|438|389|416|393|356|409|366|383|406|426|345|356|356|356|384|431|449|345|350|355|345|345|356|377|432|416|395|382|356|345|364|350|356|356|401|356|356|427|345|345|403|356|362|345|356|473|345|480|407|356|389
Iteração que foi encontrado o Melhor Global: 728
Quantas vezes o Melhor Global foi alterado (Lembrando que a verificação na inicialização acumula nesse contador): 11
Particula Inicial do melhor global:
0,136893|1,019168|0,869001|2,411866|1,415991|2,556187|1,261983|2,466246|1,218281|0,856453|2,493392|1,590138|1,702009|2,689066|2,007254|1,416812|2,139514|0,029351|0,459478|2,765259|0,166815|1,598763|1,380489|1,876058|2,092467|
Particula Final do melhor global:
1,136251|2,278906|0,930330|2,039928|0,568015|0,893883|1,992078|0,270916|0,646325|1,465183|0,776787|1,765532|1,580163|1,159178|2,711432|2,410329|2,561376|2,559922|1,222712|0,962038|2,621179|1,261477|1,449704|0,654473|2,764114|
A melhor solução desse PSO é:
7 4 8 23 10 5 2 19 
0 13 18 21 22 9 12 11 6 
3 1 15 17 16 20 14 24 
Quantidade de trocas de:1,000000
Makespan: 335,000000
