866|1289|678|753|622|873|1000|786|854|825|749|565|822|793|716|1087|728|815|1020|812|801|848|997|683|675|1037|930|660|860|1000|859|774|950|638|622|970|710|745|1027|666|930|964|798|798|776|866|534|918|749|841|867|541|1220|794|781|850|914|803|737|598|1081|646|709|578|709|744|646|837|711|1094|1292|934|815|798|1018|564|849|851|856|900|766|614|1125|742|698|1216|1015|900|726|848|832|574|567|834|577|1121|802|1419|852|687|855|814|719|731|730|681|695|809|919|645|545|646|620|1238|983|905|517|1005|590|705|984|624|676|843|629|875|970|699|739|759|545|819|872|710|834|775|711|756|787|836|754|847|632|1086|920|735|909|589|685|940|755|623|932|579|860|788|563|817|885|1076|691|826|665|791|943|720|809|720|835|643|916|665|889|882|763|963|813|569|799|684|663|976|462|871|768|679|996|993|1022|805|741|850|612|808|824|692|683|641|1018|774|697|794|955|915|882|605|622|703|738|674|846|675|650|949|666|676|698|689|842|934|1174|834|687|713|761|786|1040|1111|880|716|813|854|625|649|1023|596|916|667|903|898|660|824|680|965|672|581|953|887|748|821
426|410|344|396|386|389|387|371|409|385|344|346|346|356|356|420|386|453|393|378|425|380|411|362|344|402|406|388|344|440|346|435|402|415|388|402|344|417|346|379|424|344|356|385|404|396|383|421|350|380|391|423|416|420|344|370|379|344|401|382|402|431|418|459|456|429|346|346|356|353|398|460|370|402|439|371|439|408|427|415|422|405|344|344|372|406|344|411|415|346|397|452|424|390|356|388|356|455|479|403|386|386|417|449|414|429|346|456|356|418|354|400|388|380|356|422|436|397|413|414|404|353|464|356|421|344|386|388|362|465|416|405|405|401|354|356|356|380|387|372|356|444|356|395|344|422|422|358|346|425|388|346|346|444|422|370|420|376|347|378|419|384|408|398|405|452|344|344|391|435|346|422|377|397|346|422|346|390|379|407|450|440|374|398|409|446|344|344|344|353|344|346|370|465|411|344|356|344|382|450|344|384|356|412|405|442|344|428|394|356|369|399|344|356|400|379|370|441|473|404|386|375|395|420|356|369|395|346|438|427|419|394|382|354|394|426|387|409|457|404|344|422|394|344|378|380|344|395|370|422
Iteração que foi encontrado o Melhor Global: 589
Quantas vezes o Melhor Global foi alterado (Lembrando que a verificação na inicialização acumula nesse contador): 8
Particula Inicial do melhor global:
1,387526|2,356781|2,392308|2,186412|1,982985|0,648465|2,234615|2,142615|0,064938|0,701499|2,436060|2,394076|2,753837|0,291235|0,705066|1,871115|0,476017|0,806735|2,958654|1,351627|2,137870|1,121017|1,275556|2,357947|2,249760|
Particula Final do melhor global:
2,846449|0,740730|2,406188|0,795629|0,931584|0,327680|2,139617|1,863207|0,440683|2,337599|1,201293|2,138590|1,763757|2,732780|0,578947|1,035394|2,384717|1,299991|0,471678|2,408884|1,622515|1,197855|0,929088|2,638357|0,141049|
A melhor solução desse PSO é:
24 5 8 18 14 1 3 22 4 
15 21 10 17 20 12 7 
11 6 9 16 2 19 23 13 0 
Quantidade de trocas de:2,000000
Makespan: 344,000000
