723|934|642|589|569|513|682|842|867|488|744|599|697|687|664|716|801|771|708|654|1009|501|650|541|864|895|830|597|530|827|941|528|778|662|705|472|752|872|871|733|551|541|540|568|752|619|608|703|682|652|588|640|506|610|761|655|785|713|870|552|846|656|714|888|653|730|857|830|545|858|487|808|566|568|596|760|649|832|702|812|658|655|708|457|678|754|693|520|573|558|560|699|624|542|721|610|661|1003|520|609|932|717|769|570|501|925|689|692|1285|715|793|823|621|782|518|814|744|771|920|601|852|556|489|694|623|730|573|868|898|774|483|512|655|687|818|638|736|641|662|631|567|788|486|614|531|621|748|919|519|733|566|675|462|673|627|809|923|489|596|481|806|836|499|846|485|496|541|600|687|560|759|681|533|837|1039|655|562|700|721|521|551|666|847|549|706|522|714|511|672|645|1035|556|545|591|533|589|626|528|598|505|466|578|705|1060|948|499|635|569|779|635|613|587|1070|565|614|696|401|841|507|748|687|1357|683|626|836|814|485|641|513|911|920|592|789|676|654|671|629|704|841|697|455|1093|804|590|580|666|789|628|504|630
260|199|198|229|310|306|226|236|274|272|193|286|234|274|297|193|265|234|234|251|300|243|198|234|241|234|237|230|272|234|193|244|307|243|198|342|257|265|234|193|234|283|234|300|196|234|193|193|239|361|234|193|327|193|266|209|266|289|358|198|234|250|193|245|234|220|314|250|371|236|274|193|245|234|362|193|198|194|250|319|259|227|234|306|250|229|328|234|256|233|227|289|194|278|320|260|193|236|400|267|193|257|266|257|193|234|229|281|234|196|193|305|280|236|282|193|227|229|283|227|309|193|234|234|294|234|234|221|234|261|218|234|250|227|221|335|234|234|271|264|234|193|334|274|193|217|374|229|193|367|313|234|325|284|302|193|234|293|193|193|220|254|260|287|243|236|234|194|198|234|234|193|234|234|286|339|214|324|193|249|250|314|193|296|193|234|344|220|271|193|234|281|293|316|248|234|316|193|193|313|344|234|334|234|235|234|302|193|325|234|250|289|300|257|317|203|193|257|301|259|234|266|193|241|235|196|193|193|346|193|304|284|368|300|193|312|239|241|244|267|193|302|267|194|338|198|322|234|275|258
Iteração que foi encontrado o Melhor Global: 388
Quantas vezes o Melhor Global foi alterado (Lembrando que a verificação na inicialização acumula nesse contador): 16
Particula Inicial do melhor global:
0,976864|2,151877|2,989341|0,712921|2,590290|0,925072|1,473181|0,405657|1,136329|2,142380|0,609309|1,137711|1,552613|0,508701|1,025257|1,990357|0,630201|2,458264|1,991823|0,144904|2,677306|1,803316|2,012241|2,712451|2,620529|
Particula Final do melhor global:
2,689352|1,596724|0,731524|1,730823|2,577274|1,726536|0,359935|2,233361|2,201628|0,685204|0,842295|1,093536|0,391695|1,343832|1,527028|2,390909|2,981621|2,188209|0,590634|0,443827|1,009814|0,307468|0,457587|1,096435|2,311990|
A melhor solução desse PSO é:
21 6 12 19 22 18 9 2 10 
20 11 23 13 14 1 5 3 
17 8 7 24 15 4 0 16 
Quantidade de trocas de:0,000000
Makespan: 193,000000
