917|678|650|755|762|809|587|494|876|551|512|828|667|732|596|442|704|619|693|628|691|801|565|520|486|577|517|523|755|886|688|848|1052|826|538|588|1021|625|709|547|618|787|661|608|875|575|701|566|757|726|1056|809|538|688|721|1209|514|595|886|749|661|667|954|702|624|884|712|725|612|554|688|629|587|785|558|775|720|985|666|768|543|632|941|599|529|844|750|904|569|802|635|630|554|628|702|775|595|584|542|634|731|579|783|729|708|465|582|957|771|683|632|531|752|834|815|609|1141|875|592|699|617|502|905|551|1072|938|685|609|715|623|446|772|892|543|858|565|965|597|719|815|662|652|628|598|681|740|683|893|404|666|496|938|735|871|591|716|729|738|787|685|847|624|539|921|526|678|593|473|728|644|664|997|530|818|576|727|688|737|590|698|559|503|577|570|730|790|546|640|725|541|566|567|490|483|950|633|725|961|454|763|795|1021|797|837|596|947|868|647|677|656|596|599|571|653|843|692|1231|540|563|585|565|984|741|752|909|546|823|686|520|609|738|501|863|633|534|1025|679|740|582|984|972|764|490|658|582|635|765|615|656|1042
324|315|347|293|293|294|197|296|266|294|258|289|333|333|381|247|265|342|264|296|258|261|288|226|333|308|294|258|341|259|258|258|296|258|199|258|329|314|260|297|386|342|258|332|258|307|318|258|347|277|260|303|260|266|329|305|258|350|279|335|280|260|258|321|260|258|355|341|328|309|300|273|260|270|308|258|258|284|306|258|361|265|278|266|323|339|258|274|362|257|339|286|391|281|317|286|258|277|261|293|293|307|325|309|347|258|322|259|260|258|265|259|327|308|245|289|258|258|259|258|380|303|335|258|258|260|307|296|295|258|301|259|219|328|259|258|265|260|258|258|272|321|258|346|266|296|258|360|334|298|261|272|336|259|265|286|292|258|300|350|258|356|289|323|321|265|258|258|261|260|265|258|261|331|292|280|260|258|258|328|258|258|322|258|345|299|273|258|328|258|272|258|310|362|260|259|320|343|289|298|289|273|392|293|269|320|327|342|258|258|388|372|333|258|260|382|298|259|266|323|260|258|258|266|258|273|278|332|234|258|260|258|327|387|287|265|276|344|281|258|378|258|324|322|283|371|258|258|258|340
Iteração que foi encontrado o Melhor Global: 659
Quantas vezes o Melhor Global foi alterado (Lembrando que a verificação na inicialização acumula nesse contador): 15
Particula Inicial do melhor global:
1,533260|2,213707|0,301304|1,837330|2,637778|2,929717|2,975361|2,010753|0,058742|0,217082|1,009741|0,313725|0,903180|2,504818|0,266909|0,523700|0,411289|0,173485|2,189048|1,086089|1,835485|2,563260|1,452271|2,455178|2,603011|
Particula Final do melhor global:
0,022015|1,050725|2,683249|1,166569|0,714593|1,674265|0,777715|2,924038|0,710038|0,987918|2,037231|1,871572|0,924115|1,333853|1,379168|0,823698|0,302289|0,843192|2,228969|2,857053|1,274894|2,906453|2,857430|1,010286|0,137757|
A melhor solução desse PSO é:
0 24 16 8 4 6 15 17 12 9 
23 1 3 20 13 14 5 11 
10 18 2 19 22 21 7 
Quantidade de trocas de:0,000000
Makespan: 197,000000
