548|312|391|406|541|528|662|343|476|624|467|433|436|311|392|604|332|441|434|507|676|347|491|560|301|399|471|411|392|351|386|403|416|327|339|336|477|325|318|386|367|441|456|385|369|428|379|365|381|368|364|386|338|297|439|363|450|622|462|464|453|553|395|402|317|572|550|368|493|386|346|413|500|595|327|442|373|428|369|391|303|512|349|312|324|419|432|358|378|449|298|359|359|515|345|434|355|358|369|478|327|435|397|252|419|410|342|301|337|479|467|379|394|343|520|349|413|390|391|426|414|426|429|365|404|355|277|289|446|506|295|271|376|501|485|328|440|436|420|624|348|478|379|332|533|405|367|394|433|371|341|426|684|399|465|359|446|277|386|341|565|378|386|393|430|527|388|348|407|436|329|375|375|368|361|486|451|368|438|328|436|359|323|444|421|376|456|441|415|287|323|386|396|358|455|392|532|489|426|388|607|258|610|347|595|460|354|489|373|399|365|445|470|393|351|400|317|364|405|385|291|447|447|435|314|374|410|531|440|563|499|454|370|462|421|312|314|413|486|477|293|421|275|378|467|374|320|363|436|406
231|246|251|240|236|245|240|249|243|220|233|220|233|227|229|246|233|243|243|243|234|209|243|245|233|251|235|236|241|236|231|242|248|209|236|233|227|228|238|238|240|230|222|245|225|228|230|243|238|229|224|232|238|222|241|227|245|232|232|234|221|229|230|218|249|227|209|233|222|244|213|233|243|237|233|249|232|243|241|229|233|233|244|224|232|224|236|241|244|237|209|242|231|238|232|243|235|225|209|241|233|242|253|245|223|234|232|244|229|230|229|245|231|235|213|235|242|228|238|236|229|237|231|242|227|216|239|229|242|245|232|229|219|243|234|240|236|251|228|236|236|245|233|253|253|241|244|221|241|219|233|220|213|239|238|237|222|239|223|242|235|230|212|223|250|236|227|220|212|233|225|231|226|259|228|236|240|233|246|252|248|228|241|226|254|230|245|242|235|244|220|251|254|245|239|239|213|231|248|244|226|247|238|238|226|237|224|231|232|241|230|237|222|236|224|236|209|247|237|226|252|219|228|238|239|236|243|243|222|251|209|249|222|246|241|233|228|218|237|236|236|219|236|209|239|252|229|249|232|232
Iteração que foi encontrado o Melhor Global: 251
Quantas vezes o Melhor Global foi alterado (Lembrando que a verificação na inicialização acumula nesse contador): 9
Particula Inicial do melhor global:
2,952768|2,512369|3,853254|1,588789|2,683339|2,515526|0,311787|1,500328|2,536371|3,103141|2,892658|3,360050|1,709355|0,542853|3,729475|3,709301|3,026833|3,885789|3,507468|2,006348|1,365660|1,823785|1,500438|2,648913|0,246892|
Particula Final do melhor global:
2,894222|0,225361|3,553020|0,556018|3,088818|3,024096|3,170761|3,336076|1,576965|2,707339|0,376905|1,135659|1,166933|1,152943|0,481408|1,824847|1,979138|2,171540|2,732055|3,805345|0,931127|2,034782|2,189784|3,368343|2,181434|
A melhor solução desse PSO é:
1 10 14 3 20 
11 13 12 8 15 16 
21 17 24 22 9 18 0 
5 4 6 7 23 2 19 
Quantidade de trocas de:0,000000
Makespan: 209,000000
