494|561|411|503|406|285|507|516|501|387|372|365|322|394|456|546|500|451|427|434|423|337|450|395|349|441|392|353|545|427|383|330|336|517|309|385|331|369|336|293|308|366|389|384|413|394|453|392|404|402|500|558|370|470|549|322|402|382|302|343|322|339|544|460|361|333|402|406|302|345|567|315|323|339|342|350|340|337|444|333|390|373|572|456|505|342|413|339|306|430|344|294|416|407|310|359|338|401|332|506|437|351|409|285|392|366|311|420|455|437|405|342|472|364|338|442|589|458|455|347|452|369|395|313|648|344|293|366|397|377|620|486|395|352|355|303|414|412|552|357|430|347|448|556|533|374|371|342|362|477|357|479|464|483|321|460|411|387|396|334|356|311|361|591|457|367|453|447|491|308|424|469|364|460|396|359|297|445|331|431|335|393|357|401|376|403|427|321|436|435|374|458|394|361|319|492|325|505|480|361|349|410|363|397|351|383|434|375|426|315|343|429|391|401|449|371|417|492|386|400|343|373|302|405|358|441|378|435|315|420|415|349|459|409|429|377|330|388|429|415|470|491|417|359|356|401|389|310|363|388
228|246|260|228|228|228|258|243|228|228|228|253|228|228|255|244|228|248|228|228|268|228|249|269|228|228|234|247|228|228|251|260|228|249|254|228|255|263|236|228|255|259|238|228|243|228|228|228|228|228|263|228|228|228|267|228|228|228|241|228|228|228|228|244|228|232|228|228|228|262|228|234|243|228|232|228|234|228|244|228|256|228|228|228|267|228|235|228|228|244|228|228|228|268|228|228|228|228|233|228|228|230|257|242|228|228|228|261|243|228|228|228|228|228|228|228|228|241|249|243|228|228|241|228|246|241|228|228|241|242|228|228|256|228|228|228|228|246|228|228|228|228|260|228|228|228|228|239|228|228|253|244|228|252|239|228|248|259|253|243|248|228|247|245|253|235|228|228|266|228|228|261|251|232|254|253|228|255|254|228|228|228|228|241|247|228|228|228|250|248|263|228|228|228|228|228|246|247|228|228|241|228|228|228|228|228|248|246|228|228|244|252|261|228|248|228|228|233|246|228|246|228|228|248|254|233|228|228|232|235|246|228|228|274|251|228|228|228|228|254|249|243|251|228|228|228|228|228|228|246
Iteração que foi encontrado o Melhor Global: 96
Quantas vezes o Melhor Global foi alterado (Lembrando que a verificação na inicialização acumula nesse contador): 9
Particula Inicial do melhor global:
0,426949|0,158468|2,527954|2,283423|2,708462|1,329309|2,921643|2,895651|0,876581|0,269925|2,018868|0,175155|2,456746|2,167947|1,601360|0,124518|0,412922|0,320821|2,363227|1,217886|1,520584|2,704360|0,390169|1,170502|2,325681|
Particula Final do melhor global:
0,810444|1,432836|0,485798|0,824816|1,253303|2,528981|1,325965|2,799664|0,705616|1,033134|2,285824|0,849099|1,968702|1,232777|2,458588|1,826323|1,420593|0,916911|2,323447|0,758316|2,387387|1,559465|2,010692|1,497946|0,502203|
A melhor solução desse PSO é:
2 24 8 19 0 3 11 17 
9 13 4 6 16 1 23 21 15 12 
22 10 18 20 14 5 7 
Quantidade de trocas de:3,000000
Makespan: 228,000000
