419|420|361|406|320|494|390|441|367|338|364|381|436|474|411|516|356|374|298|394|423|458|399|393|342|348|370|290|400|331|281|388|554|410|345|469|385|415|378|325|359|393|367|388|368|317|377|309|323|363|359|421|416|328|286|306|351|362|459|378|355|303|361|394|510|483|430|362|325|573|288|349|504|336|441|526|468|346|447|395|360|326|329|406|302|304|455|344|587|451|355|355|411|367|394|433|486|401|424|522|327|387|456|482|380|366|390|538|371|323|333|393|502|361|356|398|367|311|383|328|365|373|263|519|534|331|488|345|374|446|350|343|320|289|389|335|344|383|468|297|388|315|344|438|304|463|411|289|326|316|346|399|347|350|424|440|358|635|385|379|435|353|417|403|480|406|335|554|426|393|493|517|472|332|552|312|424|384|434|340|487|332|492|302|324|477|367|406|328|509|336|340|432|292|309|523|381|430|393|430|329|398|400|322|422|359|409|342|360|415|384|419|336|309|431|556|314|438|375|423|457|317|362|346|375|377|505|390|424|390|312|360|358|306|400|500|416|584|345|351|360|531|368|371|398|347|388|469|338|324
260|250|259|236|252|241|239|253|260|244|255|247|273|238|241|246|257|261|259|252|249|264|259|236|251|251|241|258|257|261|242|263|241|254|257|254|254|245|255|250|261|254|231|263|252|255|251|241|243|247|251|252|249|255|243|241|234|254|241|241|252|252|249|250|267|256|247|247|263|246|260|255|252|248|248|245|249|249|246|247|255|251|256|253|253|240|227|252|250|259|253|260|259|256|249|255|241|249|255|244|243|263|236|239|248|259|250|235|256|257|242|253|238|251|246|252|257|252|247|246|266|245|249|260|247|254|252|265|246|271|250|238|247|248|240|254|250|245|245|246|258|258|246|234|244|251|253|253|242|244|253|248|248|243|244|242|251|237|246|245|263|248|245|263|262|260|246|259|246|263|258|244|253|260|245|232|242|236|237|253|253|238|253|239|254|255|250|250|244|248|259|249|254|253|259|247|250|246|250|254|257|258|266|249|246|247|253|257|250|258|249|252|250|267|257|250|241|236|255|251|254|244|251|256|248|248|236|255|244|243|258|250|250|249|240|255|246|244|236|248|253|250|253|262|257|254|257|241|243|231
Iteração que foi encontrado o Melhor Global: 492
Quantas vezes o Melhor Global foi alterado (Lembrando que a verificação na inicialização acumula nesse contador): 10
Particula Inicial do melhor global:
3,146233|2,314389|0,406639|3,772153|3,993039|3,618846|2,077269|3,243262|1,125606|3,133440|0,471757|0,073045|2,032299|0,321181|0,360061|0,900234|2,895423|0,881226|3,540776|3,084807|3,062241|0,584088|1,658513|3,192708|3,508812|
Particula Final do melhor global:
2,842479|3,170038|0,633545|0,763152|0,290317|0,984283|0,433524|0,087155|3,343339|0,744770|1,070377|0,789868|2,008801|2,896727|2,174706|1,522471|2,845752|1,355713|3,913972|2,923543|1,777318|3,064387|3,193172|1,638747|0,715830|
A melhor solução desse PSO é:
7 4 6 2 24 9 3 11 5 
10 17 15 23 20 
12 14 0 16 13 19 
21 1 22 8 18 
Quantidade de trocas de:1,000000
Makespan: 227,000000
