506|498|395|452|324|378|364|479|451|338|620|456|369|368|452|348|391|766|655|608|409|533|322|410|362|389|376|385|456|422|475|720|378|467|452|531|384|370|762|288|559|511|538|363|450|431|329|437|423|448|424|409|457|454|390|618|386|288|519|444|383|323|354|598|359|351|353|377|399|535|518|468|386|378|602|333|547|425|519|350|354|411|537|459|395|443|328|427|447|375|344|369|619|368|392|366|483|447|331|601|601|347|549|416|358|648|610|394|390|528|495|509|530|360|548|355|504|417|353|342|505|429|339|489|400|417|352|366|417|523|560|357|269|446|465|510|389|411|485|434|539|519|468|425|440|484|344|360|361|687|360|376|425|530|467|593|529|451|434|526|541|423|352|480|369|298|378|441|471|334|440|374|387|526|456|413|517|403|494|543|351|394|560|367|556|451|436|505|632|498|613|504|402|502|361|538|508|436|368|459|465|334|506|435|529|590|454|374|467|482|328|320|372|603|363|553|372|394|396|467|576|453|381|349|366|527|369|338|490|550|446|460|509|538|443|416|397|434|549|543|427|497|484|398|377|521|599|488|442|571
247|220|255|262|278|250|269|247|241|264|261|239|285|257|259|232|250|269|243|257|232|253|227|240|279|237|276|246|250|260|232|253|259|227|238|237|256|238|260|271|254|232|261|265|251|244|251|252|230|250|253|268|280|247|259|230|272|257|237|261|265|253|264|245|262|232|266|258|256|259|274|232|252|240|263|252|252|276|227|227|256|232|259|271|232|227|243|264|245|285|227|241|229|249|227|232|244|249|269|238|261|252|275|244|260|256|227|250|249|232|262|273|255|265|276|232|250|266|258|257|264|240|234|261|244|259|264|249|245|257|243|265|261|252|227|261|249|266|232|268|258|268|232|249|263|273|277|234|272|258|227|221|249|262|234|227|266|252|261|261|254|246|267|227|232|261|247|271|276|255|257|262|256|229|237|275|243|229|234|271|232|250|232|278|269|247|243|244|235|267|253|241|260|261|234|229|268|263|232|239|232|266|247|254|269|260|257|264|233|273|262|261|251|276|272|272|249|269|232|243|250|256|246|256|260|237|273|261|257|267|267|276|249|259|227|220|256|263|261|258|277|256|273|258|249|258|269|245|227|274
Iteração que foi encontrado o Melhor Global: 873
Quantas vezes o Melhor Global foi alterado (Lembrando que a verificação na inicialização acumula nesse contador): 8
Particula Inicial do melhor global:
3,168129|0,930072|0,616302|0,033435|2,247215|1,201446|2,082937|2,222868|0,140811|1,844621|3,258322|3,036752|1,268561|1,906611|0,402040|1,163637|2,673440|0,070066|1,140003|2,612340|0,304752|1,706309|0,496941|0,734496|0,734152|
Particula Final do melhor global:
2,969320|1,750119|2,802721|2,456305|1,053483|1,305497|0,551900|0,653003|3,367497|3,524094|0,781833|2,406341|0,195731|1,812330|3,888828|2,794402|1,655678|2,083425|3,285278|0,339561|1,432173|0,553442|3,352807|0,921520|2,309087|
A melhor solução desse PSO é:
12 19 6 21 7 10 23 
4 5 20 16 1 13 
17 24 11 3 15 2 0 
18 22 8 9 14 
Quantidade de trocas de:2,000000
Makespan: 220,000000
