346|432|416|478|474|445|315|273|276|450|435|394|309|472|379|357|222|329|363|324|344|315|399|325|231|300|317|272|350|296|246|365|384|303|333|331|322|285|414|319|285|357|379|301|278|292|296|272|379|251|352|285|480|302|314|323|422|297|446|334|415|293|313|384|426|472|300|304|342|255|363|330|243|474|275|301|372|296|623|418|287|449|279|361|372|336|345|370|491|308|372|327|346|289|304|263|407|283|253|322|277|282|336|430|298|346|300|400|421|330|298|421|407|332|305|326|343|528|391|319|389|309|258|311|345|300|345|270|296|474|261|335|238|304|312|296|407|371|399|555|326|389|350|319|348|333|339|344|332|318|298|280|436|247|314|297|300|376|257|338|514|361|303|282|362|363|290|372|358|409|293|452|419|328|273|353|408|296|376|317|323|375|276|327|289|341|268|272|295|359|293|355|338|383|298|297|261|319|318|457|387|357|325|401|275|278|282|363|371|421|311|299|321|282|365|285|308|263|394|299|275|267|250|378|252|350|389|290|381|276|384|469|475|391|394|312|444|369|297|443|369|405|299|351|304|364|333|429|287|498
202|207|210|210|204|188|210|202|180|201|200|208|201|211|203|185|206|199|205|204|183|205|193|180|202|205|206|198|210|193|191|180|204|195|204|189|205|185|194|209|193|201|204|197|202|194|180|199|199|208|180|196|200|214|196|201|193|201|208|211|200|197|203|192|204|182|202|210|214|187|210|202|196|180|192|202|203|199|208|183|205|205|198|193|213|197|187|207|193|201|180|195|192|214|204|194|188|208|222|202|200|196|188|207|206|199|203|200|215|206|195|207|210|206|204|208|204|191|204|203|180|208|198|203|180|183|216|183|198|201|201|193|198|195|197|183|180|207|207|210|202|214|201|208|190|205|196|212|197|203|198|199|187|205|203|200|202|208|224|187|207|197|186|184|185|211|206|198|198|205|206|195|197|211|199|208|202|194|183|210|205|188|199|200|201|207|194|191|205|204|210|207|208|205|193|180|196|196|203|211|194|207|180|199|201|188|190|209|201|199|197|211|183|200|192|208|212|201|220|214|206|180|211|214|194|194|205|180|215|180|190|203|207|200|199|194|189|211|205|212|211|201|200|197|192|199|207|213|207|202
Iteração que foi encontrado o Melhor Global: 218
Quantas vezes o Melhor Global foi alterado (Lembrando que a verificação na inicialização acumula nesse contador): 8
Particula Inicial do melhor global:
0,973699|3,673728|1,298923|3,269418|2,745469|3,494217|0,555619|2,628059|3,096021|2,009996|2,573432|0,458010|1,766470|2,745049|2,088844|0,169678|1,926332|3,278949|1,690088|2,466962|0,868190|0,023927|0,714432|3,766609|1,087029|
Particula Final do melhor global:
3,015702|0,145333|1,644979|3,025715|1,039498|3,017536|0,233755|2,336512|3,747204|1,908794|1,678236|0,764930|2,587934|3,187350|3,681263|1,717844|0,733844|0,744423|2,364923|2,948778|2,992959|2,363867|1,068564|0,739135|0,989954|
A melhor solução desse PSO é:
1 6 16 23 17 11 24 
4 22 2 10 15 9 
7 21 18 12 19 20 
0 5 3 13 14 8 
Quantidade de trocas de:5,000000
Makespan: 180,000000
