586|543|706|504|549|529|531|618|601|526|456|586|624|557|463|408|704|501|528|730|868|726|555|878|516|527|570|578|335|546|517|430|597|630|464|429|531|479|600|515|664|587|508|473|736|505|567|542|805|690|475|418|517|529|371|456|618|649|534|553|484|532|660|324|516|368|689|569|506|823|518|794|1047|578|398|783|723|448|486|489|728|730|480|481|534|532|499|701|446|493|786|771|603|423|570|472|656|585|454|484|596|442|713|656|584|630|590|553|608|511|751|694|567|474|483|610|445|464|579|539|525|507|449|692|439|649|527|553|444|491|458|411|594|345|424|591|391|538|348|954|361|527|784|527|578|664|924|339|475|619|611|636|431|347|317|523|516|508|473|632|419|652|741|392|442|507|536|839|719|640|523|533|477|720|415|537|539|542|815|370|822|502|508|564|388|484|798|487|756|678|547|621|450|556|491|478|357|540|442|487|632|841|667|543|583|666|755|851|521|663|468|440|759|672|977|437|642|473|651|776|429|846|744|702|572|591|506|477|515|462|524|511|470|322|509|463|343|442|521|387|417|465|476|506|483|810|325|522|560|1023
240|245|223|217|210|204|218|287|205|214|208|220|235|202|228|250|230|250|234|279|264|235|207|208|228|262|261|220|254|231|284|271|240|232|203|181|242|242|250|230|227|255|217|186|220|237|218|278|254|266|224|268|272|225|267|204|231|225|261|213|208|238|212|242|181|208|239|236|225|233|214|198|181|232|219|249|208|211|235|207|273|239|208|255|211|221|244|279|223|208|273|260|181|204|215|267|272|225|250|209|241|208|208|181|247|234|267|238|284|213|181|233|229|181|217|253|238|284|255|181|247|249|242|181|214|257|252|217|219|271|237|227|226|246|258|225|233|271|207|219|259|208|226|207|229|200|244|181|208|269|204|230|210|223|280|208|267|242|208|217|267|208|254|210|236|208|277|224|262|263|233|204|245|183|211|225|208|255|231|208|208|274|181|181|234|239|242|181|208|235|216|247|269|273|220|242|207|216|209|208|225|211|236|208|254|208|224|217|262|227|246|221|234|247|208|232|220|217|202|208|265|201|208|208|248|195|222|208|217|181|197|200|208|276|238|181|228|208|207|238|208|208|274|236|238|196|256|181|218|181
Iteração que foi encontrado o Melhor Global: 293
Quantas vezes o Melhor Global foi alterado (Lembrando que a verificação na inicialização acumula nesse contador): 19
Particula Inicial do melhor global:
0,174956|0,189945|2,775287|2,033269|0,749068|3,744955|3,093738|0,927838|0,493410|2,802793|1,726103|1,659274|0,249055|2,787963|2,538657|0,848859|3,802605|3,193014|2,191183|2,719118|2,940326|2,758988|0,752666|2,317609|0,573620|
Particula Final do melhor global:
1,794923|1,757455|1,679087|1,534333|1,331748|1,332200|1,669585|1,311406|2,578383|1,221231|3,475982|0,731169|2,211557|2,888581|2,106998|3,892458|0,929816|3,525145|0,721880|0,202062|3,819370|2,355178|2,897684|1,771145|3,236039|
A melhor solução desse PSO é:
19 18 11 16 
9 7 4 5 3 6 2 1 23 0 
14 12 21 8 13 22 
24 10 17 20 15 
Quantidade de trocas de:0,000000
Makespan: 181,000000
