459|497|727|527|440|604|535|545|564|471|827|649|548|568|618|812|500|864|547|723|549|741|726|778|443|453|528|550|773|673|652|463|541|620|541|502|811|551|633|526|577|527|635|411|666|554|520|581|538|702|726|605|539|747|544|550|670|493|649|553|521|619|618|549|546|727|601|649|674|671|482|472|612|624|565|495|668|582|545|921|482|549|485|642|555|748|676|428|672|590|763|475|655|572|447|615|514|530|496|457|599|621|466|470|671|860|767|520|522|547|525|797|766|650|501|573|544|525|572|504|507|652|660|532|479|491|638|668|740|593|457|573|473|474|587|488|636|518|501|664|689|693|549|770|669|614|573|713|809|553|710|488|608|525|645|648|519|445|507|441|651|424|590|760|851|411|563|736|677|517|914|723|733|884|672|662|571|521|765|491|520|576|585|597|513|592|427|655|422|594|573|506|715|470|586|509|862|582|728|405|419|494|547|607|509|453|729|536|564|803|525|563|635|616|703|499|548|569|590|511|699|546|627|592|655|514|523|631|601|512|529|697|436|383|677|529|672|476|557|529|602|446|776|593|640|453|548|635|465|472
299|299|335|307|337|302|319|324|341|299|332|342|310|317|345|349|278|319|341|310|290|322|299|299|278|299|312|363|315|315|284|350|309|329|328|298|292|316|332|353|323|333|340|333|313|352|299|343|333|299|290|348|339|344|340|299|356|343|342|325|302|339|329|320|337|293|340|321|345|323|344|284|316|341|323|335|325|319|278|333|299|327|299|313|278|352|316|329|343|295|336|335|363|332|324|322|321|348|314|338|316|353|278|312|343|313|293|278|315|278|292|317|319|341|342|322|338|299|310|284|330|325|278|361|297|313|336|351|329|313|295|344|292|299|330|299|307|339|341|302|326|330|336|320|339|278|338|298|341|355|344|293|317|284|352|324|300|321|331|307|326|322|325|322|299|300|314|356|330|315|326|367|293|333|301|362|306|312|321|302|309|334|319|326|339|281|311|318|338|323|295|300|352|327|316|323|320|342|347|295|322|298|299|324|367|320|342|278|348|333|362|299|341|314|321|336|316|336|334|334|314|358|322|312|338|325|317|313|298|312|302|339|317|310|370|343|325|291|278|315|278|299|327|293|313|299|324|317|299|319
Iteração que foi encontrado o Melhor Global: 774
Quantas vezes o Melhor Global foi alterado (Lembrando que a verificação na inicialização acumula nesse contador): 14
Particula Inicial do melhor global:
2,293968|2,803463|2,231665|2,870307|0,564717|0,592916|1,427641|0,909284|1,113035|1,409712|2,254473|1,467020|0,801925|0,383695|2,238206|0,136615|0,056961|0,543945|1,999035|1,947946|2,043290|2,986367|2,593306|0,549788|2,812782|
Particula Final do melhor global:
1,385778|0,225299|2,585291|2,227136|2,408756|1,913146|0,818620|1,538001|0,713491|0,397658|2,560347|1,434715|1,616879|0,728350|1,172069|0,707029|0,702575|2,415800|2,739606|2,244034|1,052249|1,989394|2,004950|2,336787|0,215357|
A melhor solução desse PSO é:
24 1 9 16 15 8 13 6 
20 14 0 11 7 12 5 21 
22 3 19 23 4 17 10 2 18 
Quantidade de trocas de:6,000000
Makespan: 278,000000
