783|899|818|818|899|711|715|964|841|848|738|787|793|835|978|1112|817|888|650|915|709|978|987|789|940|698|1006|1178|837|650|775|874|776|669|955|738|1195|896|930|710|651|648|802|832|1048|859|917|781|800|821|794|979|893|938|779|916|856|597|811|783|820|829|710|689|928|671|792|798|1054|822|938|903|1353|732|832|808|872|906|782|1037|1141|774|929|792|863|782|780|1176|784|1021|732|934|714|921|839|895|777|700|905|956|718|951|812|1083|1037|900|672|778|1013|782|589|846|741|776|616|730|977|742|925|714|846|645|763|855|779|805|877|800|791|844|733|811|864|1231|772|897|1086|861|622|1013|747|717|853|1033|976|1110|799|744|776|910|1082|713|793|822|892|717|668|610|1067|658|951|718|829|1125|884|821|786|1133|739|839|768|831|960|611|817|947|773|808|1045|726|816|814|674|1317|700|694|1080|688|1019|759|807|854|735|904|843|733|916|896|902|798|636|937|1070|851|872|822|754|694|718|1033|866|847|1269|770|839|726|893|902|740|950|838|741|719|702|796|1135|862|786|854|635|728|773|917|889|740|727|878|720|697|671|748|758|757|928|867|777|1228|757|843|776
481|423|490|423|473|483|478|512|425|423|491|433|446|425|423|458|423|425|423|430|425|503|457|451|457|487|425|459|441|445|425|452|450|512|496|485|426|423|423|423|509|425|481|425|426|423|486|423|425|423|445|423|465|457|441|423|457|423|423|423|425|423|425|457|519|425|484|423|450|425|534|423|423|514|493|468|425|492|425|423|446|481|433|518|451|473|492|492|441|465|425|423|451|425|450|457|425|423|423|467|468|433|454|423|451|423|460|473|461|462|423|423|425|425|517|441|423|455|423|426|426|513|445|457|423|423|423|425|462|425|445|425|491|423|423|461|425|423|476|423|462|496|469|425|465|423|454|457|423|425|425|491|511|423|441|425|494|447|547|423|457|450|423|425|465|473|425|446|468|468|425|451|465|425|452|423|497|462|423|445|423|454|505|445|423|450|471|423|462|465|463|451|425|430|441|425|491|450|423|484|425|495|423|470|425|536|423|473|423|425|425|425|506|473|423|486|441|423|423|464|478|425|425|426|488|464|423|423|430|451|423|454|425|425|457|425|423|423|426|425|425|471|525|491|423|425|441|512|493|423
Iteração que foi encontrado o Melhor Global: 495
Quantas vezes o Melhor Global foi alterado (Lembrando que a verificação na inicialização acumula nesse contador): 17
Particula Inicial do melhor global:
1,096570|1,696871|0,402414|0,115442|1,136125|0,206996|1,222455|0,908189|1,018730|1,992165|1,153911|0,574817|0,327063|1,976580|0,826166|1,147303|1,582831|0,118303|0,300012|1,796822|1,062621|0,005266|1,530438|0,447775|1,254655|
Particula Final do melhor global:
0,649612|0,476694|1,137636|1,325015|1,646483|0,777569|1,815761|0,233807|0,967622|1,936290|0,360967|1,379441|0,703657|1,130595|1,153706|1,201185|0,394638|1,114674|0,851782|0,447846|1,118207|0,614156|0,619216|1,208087|0,399332|
A melhor solução desse PSO é:
7 10 16 24 19 1 21 22 0 12 5 18 8 
17 20 13 2 14 15 23 3 11 4 6 9 
Quantidade de trocas de:5,000000
Makespan: 423,000000
