961|936|906|1518|884|1371|876|1015|1290|1121|1158|1045|1102|1041|840|1245|1194|1132|1268|819|1698|1204|1340|1333|1072|1093|991|1380|1205|1012|1684|1038|1020|1321|997|861|1307|1200|1058|1121|1101|1359|1061|1003|1115|978|1199|1176|991|826|1145|1048|1065|1215|906|1204|1046|1142|1534|1466|900|1127|1072|929|1158|1038|1132|1105|1223|978|1374|1187|1076|989|820|1243|1132|1285|1597|1068|841|900|1142|1026|1114|1217|1040|1357|1355|1481|1278|1065|1006|927|952|1411|874|1229|1146|1421|1224|1280|1761|1375|1019|1602|1166|1005|776|1078|1038|1173|1139|948|970|1158|1055|1072|1268|1303|1305|1113|1790|1161|1319|1262|849|870|838|1111|948|973|1057|895|1091|927|1341|934|1029|909|1159|1033|1374|1162|937|971|1092|1200|949|1484|1077|1208|854|1020|1098|1485|889|1041|862|1260|1329|1435|1348|1305|1048|1171|1532|1008|925|1177|1247|1265|1178|1014|1101|817|1365|1237|1154|1133|1281|905|1056|1171|1350|988|1113|1201|1369|1018|1248|1036|1295|1207|970|1118|1067|973|1019|1275|1145|1457|940|838|1176|1360|1066|919|1218|1808|1119|1080|916|1246|1039|1136|1460|1089|1200|1244|1441|1146|1482|1070|1191|1367|978|1290|1008|1244|1645|1351|881|1120|836|1016|1371|1027|964|824|1020|991|1431|1382|1178|1232|863|1244|1022|1366
538|538|538|538|538|538|544|538|566|538|610|538|538|605|538|538|538|538|538|538|538|574|606|538|538|538|538|538|538|538|538|538|604|557|538|538|578|538|584|573|538|538|538|538|538|538|557|582|584|538|538|538|538|538|711|581|538|538|538|540|538|538|538|538|538|538|538|555|538|538|538|670|538|538|538|538|538|577|581|538|538|538|538|538|538|538|538|538|538|538|538|538|538|538|538|538|538|538|538|538|538|544|538|538|538|538|538|538|538|570|538|538|538|538|538|555|573|538|538|538|538|538|538|538|540|538|538|538|538|599|538|538|538|692|538|538|538|538|608|538|538|538|538|538|538|538|538|538|581|538|538|538|557|538|579|538|538|538|622|572|538|538|538|572|570|538|538|538|538|538|538|618|538|538|538|538|538|538|538|538|538|555|538|538|538|538|538|553|555|538|571|581|538|538|538|557|538|538|538|587|538|538|538|538|538|538|538|609|538|538|538|538|538|538|538|538|606|538|544|538|538|538|555|538|538|538|538|557|608|538|538|538|538|538|538|538|538|538|538|538|538|538|538|538|538|538|538|538|538|542
Iteração que foi encontrado o Melhor Global: 67
Quantas vezes o Melhor Global foi alterado (Lembrando que a verificação na inicialização acumula nesse contador): 10
Particula Inicial do melhor global:
1,881199|0,721843|0,388832|0,012471|1,789110|1,724054|0,187614|0,917691|0,271000|0,619015|1,833548|1,916879|0,064881|1,001837|1,544294|1,240146|0,385158|1,469882|0,688094|1,248013|1,138119|0,111042|1,461303|1,817094|1,355649|
Particula Final do melhor global:
0,541623|0,482731|1,478052|1,502120|0,477341|1,596202|0,775769|1,729449|1,248294|1,126501|1,793144|0,282189|0,200754|1,323757|1,629019|0,710191|0,592747|1,523777|1,318082|0,575383|1,665123|1,781069|0,228688|0,985957|0,659472|
A melhor solução desse PSO é:
12 22 11 4 1 0 19 16 24 15 6 23 
9 8 18 13 2 3 17 5 14 20 7 21 10 
Quantidade de trocas de:5,000000
Makespan: 538,000000
