970|758|726|1056|1052|1344|847|706|491|681|696|877|540|948|817|1057|833|637|728|1041|934|802|618|581|813|753|951|914|683|894|748|656|1217|924|680|851|1040|832|1111|674|796|583|591|930|1091|721|1301|810|708|856|905|881|662|924|953|558|801|696|496|600|712|863|630|532|890|710|1141|566|804|807|765|796|592|771|1044|561|520|774|809|932|656|576|665|476|958|828|587|639|1076|766|1071|873|649|893|794|1266|980|630|833|1056|603|706|857|926|648|827|751|877|695|951|804|718|979|827|1067|1075|535|1041|791|860|1161|1034|831|908|882|650|857|647|822|749|567|1323|1172|838|595|951|775|1115|1305|724|858|993|645|854|974|1192|928|941|757|724|902|779|751|992|632|601|775|677|749|991|571|1046|673|759|900|797|895|702|807|972|1209|754|657|693|681|1057|630|952|623|614|658|692|661|821|605|603|690|1178|865|594|694|549|689|925|744|697|1067|832|628|1208|611|1130|852|1079|766|593|935|800|844|992|797|759|801|1196|648|653|699|987|793|850|741|824|619|581|804|1093|594|873|897|684|703|671|888|1110|867|833|1150|1325|628|785|806|862|1043|948|785|880|629|1011|781|707
392|378|356|382|419|442|390|400|408|421|409|416|404|351|372|403|395|456|410|421|424|376|395|410|370|436|396|413|412|435|425|402|430|400|437|415|433|392|415|371|431|383|354|404|397|408|379|350|398|419|397|400|428|388|404|427|400|398|375|363|422|351|418|450|404|367|398|389|396|455|391|445|404|407|418|394|420|390|441|450|394|434|419|391|375|410|420|357|423|385|444|350|444|437|429|408|432|381|397|404|460|406|356|454|452|445|430|419|428|400|366|454|387|433|382|439|429|401|418|354|419|389|389|403|421|439|414|409|356|386|414|354|409|382|448|397|396|441|408|400|409|430|351|423|424|410|455|351|354|382|385|405|371|420|400|368|409|448|423|436|403|392|436|357|414|357|442|377|418|413|409|451|383|393|386|437|407|391|435|418|406|421|410|411|400|423|419|434|465|435|364|419|377|371|449|408|375|395|393|458|451|386|415|431|434|375|381|354|422|368|389|385|424|404|422|414|406|423|376|428|358|441|360|399|441|412|409|316|421|389|414|426|428|397|410|429|441|393|424|436|381|386|401|350|400|396|354|404|437|413
Iteração que foi encontrado o Melhor Global: 888
Quantas vezes o Melhor Global foi alterado (Lembrando que a verificação na inicialização acumula nesse contador): 11
Particula Inicial do melhor global:
0,746476|1,971172|1,386766|3,996509|2,757942|1,461073|2,010495|3,571919|1,104319|3,911146|1,530385|2,797212|3,105258|2,740894|0,823478|3,991402|0,650488|2,149736|1,811974|0,513454|1,062298|0,400303|3,490302|1,483056|0,535150|
Particula Final do melhor global:
3,594559|2,497957|1,753817|1,044919|1,087670|2,722139|1,535668|2,619697|2,003887|1,983853|0,455607|3,032638|2,003980|2,355872|3,969757|1,368195|3,382784|0,888259|0,709918|0,327980|3,452739|0,903765|1,227620|3,660243|3,631535|
A melhor solução desse PSO é:
19 10 18 17 21 
3 4 22 15 6 2 9 
8 12 13 1 7 5 
11 16 20 0 24 23 14 
Quantidade de trocas de:7,000000
Makespan: 316,000000
