1248|1260|1271|1263|1260|1125|1039|1402|1113|1058|1253|1106|1411|1685|963|972|1506|1616|1323|1187|1134|1066|1518|1215|1252|1286|1337|1129|1414|1113|1362|1107|1323|1211|1283|1499|1434|1469|1094|1272|1270|1647|1122|1224|1170|1301|1261|1254|1122|1088|1284|1103|1336|1061|1388|1040|1306|860|1138|1777|1249|999|1142|1294|1333|1038|1255|1020|1527|1029|1017|1748|1134|1556|1124|1041|1147|1288|1153|1242|1001|1105|1311|1399|1004|1055|1211|1087|1073|1093|1386|1260|1269|1473|998|1284|1077|1053|986|1829|1397|1151|1402|1011|912|1557|1416|1394|1027|1004|999|1506|1133|1127|1013|1026|1064|1116|1245|1096|1226|1572|1253|1006|1252|1114|1440|994|1134|985|1368|1511|1526|1387|1460|1206|954|1287|1422|1463|1022|1476|1163|1032|1149|1430|1327|1677|1551|1034|1515|1151|1295|1323|1424|981|1009|1073|1055|915|1082|1182|1097|1005|1486|1608|1635|1235|1287|1110|1344|1529|1312|1200|1046|990|958|1001|1236|1385|1154|1105|1225|1025|1258|977|1015|968|1320|1364|1050|1297|1455|1318|952|1058|1080|1457|1604|1209|1265|1149|996|1230|1841|1106|1102|1062|1537|1103|1186|1161|1444|975|1097|1218|1454|946|1155|1585|1272|1717|1166|1452|1560|1217|1349|1223|1142|1288|1445|1798|1290|1271|1377|1435|1320|1372|1163|1165|1232|1167|1279|1632|1682|1017|1101|976|1041|1606
642|607|607|607|607|704|607|632|607|607|607|607|607|607|607|607|607|672|607|643|607|607|645|607|607|607|607|607|607|649|607|607|607|607|607|607|607|607|607|607|607|676|607|607|607|607|607|607|607|607|644|671|642|607|607|607|607|607|607|607|607|642|607|607|607|607|607|607|607|644|607|607|657|656|607|607|607|609|607|607|607|607|667|607|607|607|607|607|607|607|607|607|607|607|607|627|607|607|607|607|614|607|634|631|607|656|607|641|607|664|607|607|607|607|607|607|607|607|607|607|607|607|607|607|674|607|632|607|607|607|607|607|607|607|607|607|607|607|607|607|641|607|607|607|607|632|640|607|607|607|710|607|607|607|673|607|607|607|607|607|616|607|607|607|662|607|607|607|607|607|607|607|607|607|607|631|607|607|607|607|607|607|607|607|607|607|646|607|672|607|607|607|607|607|607|607|671|644|718|607|742|607|661|607|607|607|607|607|607|607|607|607|607|607|607|609|607|607|607|607|607|607|607|607|607|607|607|607|607|607|607|607|607|607|607|607|607|772|607|644|607|607|607|607|607|674|607|607|607|607
Iteração que foi encontrado o Melhor Global: 27
Quantas vezes o Melhor Global foi alterado (Lembrando que a verificação na inicialização acumula nesse contador): 9
Particula Inicial do melhor global:
1,940167|0,379189|1,042957|0,019026|0,419302|1,896368|1,955042|0,888654|0,408403|1,796997|1,883576|1,255703|0,458409|0,708377|1,263351|1,941998|1,443927|0,527723|0,532037|1,293284|0,981573|0,429487|0,734713|1,920986|1,908694|
Particula Final do melhor global:
0,751771|0,525309|1,312072|0,323372|1,882392|0,545380|1,095154|1,539924|0,920412|1,486430|1,347114|0,715523|1,270034|0,769381|0,586766|1,383670|1,061611|1,249636|0,645305|1,331879|0,366726|1,310302|1,428008|0,373754|1,478035|
A melhor solução desse PSO é:
3 20 23 1 5 14 18 11 0 13 8 
16 6 17 12 21 2 19 10 15 22 24 9 7 4 
Quantidade de trocas de:5,000000
Makespan: 607,000000
