607|591|440|649|435|449|529|504|687|678|436|604|444|597|447|468|492|545|637|535|586|668|724|487|537|586|491|470|547|525|438|546|635|563|716|521|530|628|525|490|672|675|570|889|608|709|529|508|717|589|516|507|537|456|565|647|563|487|467|536|924|469|460|614|484|636|635|728|507|577|519|394|504|530|487|461|518|414|522|553|464|501|381|592|624|623|573|563|485|546|519|488|472|519|539|618|435|473|496|542|455|560|470|480|484|539|579|405|729|484|612|453|520|528|592|562|449|483|435|476|422|722|787|536|520|391|512|642|627|529|518|500|662|818|482|488|510|611|435|573|492|470|677|509|489|477|474|496|519|610|498|831|514|495|561|430|467|594|491|572|626|630|610|503|507|733|464|411|604|754|532|454|400|755|552|440|437|521|417|495|471|595|578|480|479|606|577|548|458|499|490|476|605|541|690|634|514|497|662|511|657|440|576|514|600|447|451|546|384|625|442|530|421|522|397|481|582|695|479|491|523|501|513|554|461|463|675|449|701|553|464|538|435|558|569|493|398|655|640|491|589|650|738|497|544|504|451|522|601|612
331|354|338|333|348|337|341|343|349|336|338|342|354|338|343|361|339|338|333|356|350|327|344|339|350|337|343|316|361|339|331|338|340|347|332|331|331|341|345|348|343|347|343|347|347|351|353|331|358|343|339|351|336|347|329|341|361|334|348|333|336|343|342|333|359|342|334|350|347|340|345|355|346|335|337|340|351|337|342|355|349|336|335|331|353|356|314|343|338|347|341|326|343|348|314|349|347|334|351|354|328|350|349|348|336|341|335|340|356|353|344|354|335|344|339|368|323|342|339|353|371|335|352|340|347|353|346|334|349|350|350|363|329|374|333|339|357|335|344|346|362|360|326|347|352|331|314|331|347|343|351|318|314|359|347|355|359|336|344|334|351|356|349|336|352|334|341|340|338|341|343|352|366|358|317|345|371|355|330|351|354|337|344|352|342|339|354|340|342|358|338|345|357|342|347|330|357|328|335|347|330|353|340|330|314|353|362|347|347|314|341|331|355|362|340|354|332|357|339|347|322|366|325|344|336|340|344|366|339|319|342|343|345|331|354|355|338|336|343|359|351|341|339|353|344|342|354|347|314|344
Iteração que foi encontrado o Melhor Global: 672
Quantas vezes o Melhor Global foi alterado (Lembrando que a verificação na inicialização acumula nesse contador): 11
Particula Inicial do melhor global:
1,562587|0,007504|2,219591|2,999698|1,291638|1,933691|1,566247|1,401087|0,165022|2,233864|0,572049|1,178182|0,179337|2,343428|1,538321|2,732614|1,100242|2,259227|0,579055|2,573112|0,665633|1,446713|0,524985|1,791301|1,544228|
Particula Final do melhor global:
2,281904|2,486213|0,834295|1,916886|2,708126|0,963372|2,054149|2,872506|1,363999|1,595983|0,880815|1,621562|1,595172|0,238236|2,362415|1,546391|2,400255|0,233624|2,748733|2,071772|0,039342|1,796391|1,538952|0,912254|0,862028|
A melhor solução desse PSO é:
20 17 13 2 24 10 23 5 
8 22 15 12 9 11 21 3 
6 19 0 14 16 1 4 18 7 
Quantidade de trocas de:13,000000
Makespan: 314,000000
