999|1471|844|775|915|721|696|875|1078|1296|717|1018|912|800|644|1050|942|1197|802|925|628|1443|826|1188|1115|905|1001|732|601|982|691|876|931|811|691|676|836|792|985|763|644|887|1345|1066|956|606|1012|620|785|1124|814|1192|746|713|992|1025|1001|1037|1384|1066|749|742|1170|871|1231|836|1025|1030|1037|793|891|747|831|1017|790|741|934|1391|734|482|1151|859|854|889|807|1235|1024|1320|1184|838|842|776|788|793|669|765|1204|896|804|876|1081|1275|689|700|913|809|829|649|1008|784|627|1075|1130|861|632|939|904|1003|866|614|675|765|557|923|670|780|757|844|800|1052|740|1048|900|635|1294|803|1040|874|782|1161|1619|951|736|893|872|1047|741|833|777|761|1154|921|718|664|765|1402|650|937|953|706|941|768|621|794|745|679|942|767|1196|1081|911|990|727|934|806|1334|706|731|764|902|804|895|735|803|1296|711|848|727|728|1125|1562|1003|999|808|798|791|872|821|855|1104|761|822|600|901|1342|601|749|814|1345|995|676|834|880|1034|681|740|733|994|855|838|559|763|799|660|796|670|747|714|939|738|968|861|1144|878|636|1066|1293|681|1151|993|685|672|573|624|839|689|1007|576|883|677
454|393|433|438|324|366|371|311|412|396|305|414|418|472|446|376|400|340|439|428|379|439|413|409|468|321|457|331|320|441|457|305|457|449|408|421|369|456|460|363|433|427|395|421|436|304|311|462|464|430|378|480|407|401|377|458|383|425|402|470|425|397|404|372|419|416|305|405|408|463|361|416|464|393|396|476|385|367|470|475|468|467|434|382|420|412|444|398|434|327|343|399|460|404|390|395|443|401|401|420|421|439|334|438|317|414|351|441|446|415|467|435|422|360|430|451|379|391|424|376|305|414|459|305|311|440|427|462|440|387|327|367|446|418|408|459|504|446|438|417|457|297|423|490|425|388|312|304|353|415|446|390|389|338|481|444|444|356|442|310|437|376|352|366|274|378|319|326|452|374|274|459|427|471|420|371|297|460|446|328|411|366|412|305|330|406|426|431|304|443|483|433|305|423|382|381|405|387|401|297|426|312|424|418|300|373|408|476|472|407|424|387|428|305|384|305|382|443|436|305|430|420|305|313|402|440|396|453|466|406|441|319|438|475|390|479|439|391|401|378|297|274|449|420|401|399|446|305|457|455
Iteração que foi encontrado o Melhor Global: 975
Quantas vezes o Melhor Global foi alterado (Lembrando que a verificação na inicialização acumula nesse contador): 16
Particula Inicial do melhor global:
2,087318|1,132720|1,996643|3,137547|0,788051|0,214736|2,732153|1,340589|1,775165|2,272023|2,326565|3,538963|0,714454|2,961847|0,384316|2,106658|3,866780|2,441464|0,958585|1,585857|3,541771|3,186416|3,769701|2,600264|3,187589|
Particula Final do melhor global:
0,490010|0,497583|1,746074|2,521132|3,603747|2,248123|0,232425|2,611147|0,983034|2,545562|3,601433|3,668460|1,781694|1,119471|0,890543|0,507520|3,220676|1,311387|3,005580|0,647756|3,767486|2,731593|0,741804|2,829942|1,645134|
A melhor solução desse PSO é:
6 0 1 15 19 22 14 8 
13 17 24 2 12 
5 3 9 7 21 23 
18 16 10 4 11 20 
Quantidade de trocas de:3,000000
Makespan: 274,000000
