989|537|936|610|1108|701|761|942|1099|847|976|706|691|749|764|998|879|746|587|627|944|502|955|821|696|938|649|1261|799|838|881|713|733|1134|1201|660|785|667|716|991|1200|679|704|1164|730|846|838|898|692|860|851|1097|537|1273|673|666|760|962|811|802|911|675|789|806|798|1001|785|729|739|1413|954|989|967|550|896|816|642|765|747|835|534|866|570|737|663|716|719|838|658|817|754|992|658|863|543|956|853|685|861|775|875|1086|834|792|660|835|668|634|693|740|549|1078|1292|738|853|669|868|550|626|474|856|935|981|880|645|762|775|785|589|576|664|1098|1020|611|604|1049|1054|741|984|697|776|816|910|685|867|977|760|640|596|693|618|628|841|906|796|757|776|572|954|920|812|715|1009|1000|569|782|700|652|746|862|924|706|863|768|879|707|945|704|775|610|589|572|1016|645|908|510|911|605|621|749|846|699|820|637|702|808|704|1023|912|594|793|1056|594|736|897|792|685|888|757|1006|583|821|618|879|856|820|701|721|764|665|627|711|893|685|978|1039|766|728|748|907|778|752|900|1039|997|745|1313|934|596|737|655|747|1006|716|923|891|1080|619|634|727
378|341|355|366|430|383|416|390|363|391|382|456|341|341|344|347|450|390|341|397|344|448|418|411|432|341|422|410|395|394|432|374|424|341|450|440|392|341|379|420|360|378|414|360|396|366|424|341|358|379|433|341|435|399|420|354|395|360|386|379|341|425|347|391|428|393|344|341|365|371|379|344|424|341|360|441|433|415|390|479|422|402|344|344|415|344|387|341|454|373|356|361|433|426|401|419|431|372|427|422|341|371|354|387|443|382|438|341|341|429|400|341|420|343|362|422|394|443|341|377|432|360|341|384|343|389|393|373|388|343|354|395|400|351|360|398|374|378|371|392|341|388|426|382|386|412|423|341|374|465|341|457|407|360|424|417|385|341|451|378|405|341|426|347|419|391|375|430|358|412|434|400|382|408|422|341|431|348|421|390|435|433|372|382|431|367|405|386|415|391|418|446|341|360|354|341|386|341|366|451|401|341|341|341|350|392|445|392|341|343|375|445|341|414|389|423|344|385|344|374|402|341|341|351|390|344|341|386|411|379|341|404|341|438|360|415|388|415|430|350|453|356|344|382|370|405|396|375|394|379
Iteração que foi encontrado o Melhor Global: 186
Quantas vezes o Melhor Global foi alterado (Lembrando que a verificação na inicialização acumula nesse contador): 13
Particula Inicial do melhor global:
1,671315|2,581842|0,464726|2,892351|2,962980|1,410812|1,235572|1,909516|1,991435|0,775123|1,569469|2,795499|2,898416|2,501849|2,467595|1,667426|0,997226|1,866179|0,561624|2,403700|1,818518|1,336100|2,077365|0,238632|0,471184|
Particula Final do melhor global:
1,990657|2,672962|1,562484|0,654057|1,272801|2,427710|2,111440|0,027486|1,257830|2,593564|0,746552|2,698240|2,341917|1,572631|1,092760|0,438365|0,010034|0,379221|2,917089|1,222402|0,444489|2,019443|2,833211|1,028622|0,327690|
A melhor solução desse PSO é:
16 7 24 17 15 20 3 10 
23 14 19 8 4 2 13 0 
21 6 12 5 9 1 11 22 18 
Quantidade de trocas de:1,000000
Makespan: 341,000000
