1049|676|1062|1034|691|914|905|888|1147|820|836|797|932|890|729|835|659|1348|1144|849|1158|783|868|970|1001|682|861|963|1187|1166|866|813|758|788|662|777|756|863|1345|617|852|619|880|708|764|698|771|1096|604|881|1166|980|1018|729|1527|1107|1097|907|743|848|799|1102|651|835|1084|1327|926|772|819|796|689|919|935|671|1328|738|847|742|682|628|778|844|1007|757|1060|741|698|1053|802|851|746|854|929|718|718|1020|829|774|1103|1194|1018|1015|677|1187|769|1128|782|891|1020|748|1104|821|836|850|872|822|718|720|1127|1157|1006|748|810|726|1054|967|1283|917|915|1356|987|939|861|1377|1170|1125|795|875|864|792|1042|801|944|875|851|738|831|1104|981|822|956|883|705|968|724|855|918|863|752|717|685|1151|770|808|1275|858|1059|907|1098|658|1098|1057|738|697|1172|751|781|1156|922|834|808|981|1185|1272|934|1018|665|1001|873|998|640|1053|877|873|866|764|1152|912|952|670|943|889|789|1051|747|1164|874|1116|735|1009|975|818|780|727|1027|857|857|663|817|992|892|726|889|801|962|983|989|686|718|717|736|794|1000|644|860|1339|942|930|900|1214|853|773|850|1043|701|1296|1113|979|962|671
538|438|464|474|536|469|427|412|481|443|444|510|505|502|515|470|481|427|504|528|427|427|471|469|496|480|445|412|517|427|435|508|432|458|427|502|527|412|480|523|506|448|427|418|455|455|456|412|473|514|441|473|471|427|524|511|418|495|508|427|412|427|498|459|505|490|503|522|427|427|412|465|427|507|457|477|427|506|497|412|557|412|497|488|427|514|412|430|412|533|510|493|440|451|412|498|437|568|427|515|518|412|513|509|469|427|425|412|513|486|523|427|499|496|510|471|520|523|476|433|427|539|455|471|493|440|482|427|462|412|464|489|499|486|496|528|435|486|471|412|467|412|465|477|519|501|412|427|504|445|412|490|513|456|492|427|465|494|544|528|444|427|524|418|418|427|547|486|475|453|463|507|494|507|514|490|463|506|476|427|503|479|466|412|412|488|497|469|493|412|542|518|427|521|495|481|471|515|499|500|485|447|412|506|427|527|474|481|412|412|509|525|451|501|474|505|412|511|473|505|440|481|440|467|427|500|502|412|455|537|499|490|514|492|500|427|479|526|456|479|521|468|537|479|412|466|441|427|496|440
Iteração que foi encontrado o Melhor Global: 361
Quantas vezes o Melhor Global foi alterado (Lembrando que a verificação na inicialização acumula nesse contador): 10
Particula Inicial do melhor global:
2,497429|2,709397|2,765733|2,602913|0,178681|0,984816|2,047229|2,929529|2,183676|0,186745|0,633049|2,639009|1,340002|1,411558|0,563388|2,167699|1,874728|0,335173|2,691891|2,179825|2,226147|1,723752|1,149281|1,434277|1,869238|
Particula Final do melhor global:
1,461780|1,515883|1,143247|1,654570|2,188402|1,432705|2,893143|0,192024|0,214765|2,993052|2,058760|0,599969|2,130809|0,787703|0,929347|2,027320|0,942659|2,985514|2,520890|0,854512|1,218891|1,690537|1,233148|0,277211|1,119493|
A melhor solução desse PSO é:
7 8 23 11 13 19 14 16 
24 2 20 22 5 0 1 3 21 
15 10 12 4 18 6 17 9 
Quantidade de trocas de:3,000000
Makespan: 412,000000
