350|588|495|295|299|451|350|324|317|413|310|364|311|457|485|504|514|379|512|443|323|636|426|378|334|526|443|377|363|440|319|359|306|440|364|351|439|308|542|406|388|411|369|444|513|329|311|364|382|366|433|395|360|290|305|352|357|486|414|362|291|317|502|379|551|332|400|451|399|430|571|285|459|428|485|477|408|349|371|367|368|366|536|461|339|441|441|364|405|335|490|348|518|533|449|449|341|347|361|375|541|293|488|373|372|379|295|352|342|320|427|419|561|293|391|546|305|426|392|564|364|385|560|391|408|420|370|388|398|344|472|431|398|437|330|312|472|442|336|408|310|364|375|469|314|381|321|377|401|396|348|410|478|385|431|484|316|354|357|311|393|369|481|353|374|346|378|315|361|355|412|360|432|583|482|543|321|478|342|535|410|455|318|392|554|326|340|380|299|341|491|398|287|366|309|344|442|402|381|466|378|364|316|496|367|335|309|396|403|457|419|409|377|370|366|310|584|309|289|329|442|368|488|414|340|304|319|485|333|369|546|323|459|378|333|437|340|415|476|460|370|653|420|375|417|333|504|356|323|397
265|263|241|252|260|260|246|261|254|255|248|259|251|255|245|261|258|262|254|250|245|261|253|258|263|265|266|259|245|255|259|254|248|253|258|253|262|261|271|261|255|246|241|255|253|241|250|242|261|254|258|247|240|253|242|258|254|256|252|246|258|266|254|248|256|254|250|256|254|252|263|263|254|252|269|262|244|252|252|244|239|251|255|266|263|246|247|256|254|249|257|259|257|259|238|261|250|250|253|258|248|256|262|251|262|258|255|233|243|264|249|262|241|261|245|258|254|255|242|258|261|259|254|247|261|250|253|255|245|259|248|257|256|249|256|232|245|250|260|261|249|268|268|263|251|254|250|255|256|250|271|256|248|249|246|259|258|246|249|245|258|258|245|254|256|258|265|242|249|233|253|251|241|251|255|266|245|262|253|263|265|262|240|245|244|258|252|266|254|260|252|264|255|251|250|248|257|263|252|255|260|249|274|249|266|265|251|255|258|244|255|255|252|260|266|256|261|254|259|250|254|258|256|256|250|250|255|263|250|254|249|258|271|260|261|255|256|272|248|256|264|260|264|262|254|275|238|251|250|264
Iteração que foi encontrado o Melhor Global: 849
Quantas vezes o Melhor Global foi alterado (Lembrando que a verificação na inicialização acumula nesse contador): 9
Particula Inicial do melhor global:
1,134534|0,554143|0,421882|1,205920|2,249308|2,043097|2,433232|3,700957|2,254472|3,899851|0,871829|3,969371|1,571584|3,865938|2,484629|2,919855|0,576486|3,699353|3,511316|1,812977|1,061341|2,450039|3,816017|0,311349|2,824762|
Particula Final do melhor global:
1,313780|1,437430|2,957819|2,426294|0,668945|1,262022|1,268639|3,309457|2,196803|0,616385|3,678291|2,544518|3,462350|1,933082|0,411933|0,458450|2,104720|0,883394|1,391687|3,569848|2,025686|3,221427|1,468466|0,867955|1,211284|
A melhor solução desse PSO é:
14 15 9 4 23 17 
24 5 6 0 18 1 22 13 
20 16 8 3 11 2 
21 7 12 19 10 
Quantidade de trocas de:2,000000
Makespan: 232,000000
