986|657|675|729|794|734|986|958|754|608|909|697|803|768|782|905|1075|1022|609|780|692|890|828|635|940|1089|897|904|788|669|963|823|753|907|744|629|746|872|861|598|894|1047|649|1077|773|768|642|924|618|881|933|788|754|852|826|1007|913|611|724|966|692|718|680|1097|1047|792|1024|803|1017|1001|822|760|921|767|559|690|728|789|872|702|769|638|624|753|713|989|950|673|595|633|692|733|616|843|909|611|665|861|1062|767|723|1199|657|775|1003|785|723|776|702|1257|571|1122|1194|1009|626|847|698|658|713|634|776|773|645|1067|748|550|639|864|767|936|780|723|802|683|686|658|542|742|564|725|1118|914|710|695|743|768|710|750|620|1085|649|957|1225|944|765|811|768|559|719|727|733|780|743|750|749|814|819|901|640|966|1052|664|756|808|778|776|882|883|653|677|727|817|667|882|634|646|687|1170|835|1297|817|706|1019|922|1219|835|788|691|1158|690|709|711|988|796|799|1131|741|722|627|738|897|682|594|653|767|770|803|902|592|671|646|580|532|875|865|845|979|693|726|783|724|623|752|628|790|856|1098|756|804|648|902|723|1390|907|760|706|652|844|1014|888
358|336|444|336|410|336|395|345|398|336|351|351|420|336|336|358|351|336|398|336|336|336|336|358|336|336|369|362|336|384|384|388|389|345|336|336|380|336|345|434|385|351|336|361|343|336|336|393|336|336|336|420|336|336|351|336|427|372|336|336|390|336|336|336|361|353|336|336|351|336|428|336|346|336|386|336|358|336|359|364|351|437|336|411|406|393|336|336|351|374|412|336|336|336|336|336|336|336|375|336|336|336|452|402|428|372|356|336|336|336|425|336|360|336|336|388|337|336|336|336|336|394|336|346|358|336|336|336|336|336|383|341|387|374|373|370|351|336|334|345|336|336|351|336|336|336|336|388|391|336|403|353|413|336|398|390|336|416|336|385|336|384|375|425|336|336|336|336|334|356|401|440|375|336|336|383|336|338|362|336|345|336|394|336|385|336|400|336|343|430|348|375|394|443|370|384|375|334|336|336|336|336|336|358|379|336|409|387|336|336|351|413|397|388|384|336|432|358|336|435|336|372|336|358|336|336|336|384|351|336|336|378|343|336|372|336|336|358|336|336|336|358|336|380|379|336|373|406|336|432
Iteração que foi encontrado o Melhor Global: 634
Quantas vezes o Melhor Global foi alterado (Lembrando que a verificação na inicialização acumula nesse contador): 9
Particula Inicial do melhor global:
2,262708|1,613647|0,625820|0,530741|2,877033|2,420990|2,233338|0,274289|1,357371|1,274658|0,686609|0,306223|2,867449|0,550844|1,841450|2,671527|0,970247|2,128933|2,167542|2,986426|1,719050|1,797288|1,455623|1,135362|1,583997|
Particula Final do melhor global:
0,855345|0,828784|1,187235|1,530472|1,332074|2,029416|2,887733|0,016906|2,595004|0,873737|1,862230|2,310381|2,171564|2,660613|1,772127|0,169659|0,693769|1,190901|0,253462|1,390118|2,992059|0,049268|2,431669|2,411856|0,077988|
A melhor solução desse PSO é:
7 21 24 15 18 16 1 0 9 
2 17 4 19 3 14 10 
5 12 11 23 22 8 13 6 20 
Quantidade de trocas de:1,000000
Makespan: 334,000000
