402|275|326|299|239|433|307|360|410|303|266|225|275|278|305|545|308|396|270|444|449|526|323|341|310|314|267|268|411|305|311|370|359|374|386|395|485|288|401|310|385|305|366|358|274|325|348|327|502|416|319|240|475|341|543|312|421|272|305|353|261|381|280|347|363|373|411|256|387|460|352|314|413|431|418|309|249|274|272|301|429|317|334|300|371|271|288|294|276|342|252|272|317|310|601|431|331|334|416|397|264|351|263|401|325|302|506|273|314|349|290|335|301|345|501|267|240|360|297|412|243|308|290|243|327|325|476|382|450|470|382|429|281|268|250|314|400|326|281|276|395|280|443|382|353|320|339|385|301|367|286|457|325|366|338|332|495|329|346|371|295|374|457|323|393|412|393|292|369|476|273|285|402|467|439|375|343|373|319|389|348|281|334|312|360|391|216|273|329|292|354|348|277|350|333|291|293|390|393|327|335|390|335|404|252|348|372|257|371|382|288|356|397|392|332|321|443|393|450|410|299|351|305|389|448|359|362|489|468|371|257|252|390|520|311|320|495|350|238|245|472|322|481|395|266|466|342|301|292|298
201|200|198|207|207|204|222|201|213|206|191|214|208|194|186|213|218|192|201|180|205|188|201|203|190|210|199|201|192|212|192|180|180|197|209|211|211|174|186|207|220|217|196|202|190|196|198|203|210|202|177|197|218|210|196|203|184|202|210|188|201|199|180|195|186|215|188|215|177|196|185|211|185|215|202|220|225|203|210|200|186|213|204|195|180|207|211|199|212|198|207|214|198|206|196|206|204|205|188|180|192|201|207|197|213|199|191|220|187|206|215|212|180|197|211|197|199|177|206|220|222|207|208|182|203|201|203|200|206|193|196|208|219|177|218|212|189|206|207|213|213|190|219|202|207|208|204|219|198|217|198|197|205|201|191|206|215|201|206|203|208|201|192|188|181|210|188|221|211|188|207|196|193|200|196|189|208|212|213|174|180|197|222|179|205|204|193|200|207|200|217|206|194|180|207|211|185|209|207|208|210|190|203|192|207|191|196|181|204|180|207|196|184|180|192|212|193|204|204|202|211|212|192|196|200|196|201|185|189|180|214|189|195|195|180|190|188|180|198|219|199|197|205|203|200|210|184|198|190|218
Iteração que foi encontrado o Melhor Global: 921
Quantas vezes o Melhor Global foi alterado (Lembrando que a verificação na inicialização acumula nesse contador): 8
Particula Inicial do melhor global:
2,130401|0,663910|0,374930|2,657340|0,671242|1,839104|1,354458|0,596808|2,480541|2,768957|1,373811|3,082664|3,446589|1,010741|1,472744|1,977390|0,289602|3,655206|2,436265|3,632213|1,580986|1,107913|1,553317|2,087723|3,127246|
Particula Final do melhor global:
3,339272|0,560221|1,148029|0,520804|2,788326|2,039735|3,970381|1,482566|2,579762|1,940983|1,304516|2,642265|3,886055|0,934753|0,855640|3,210784|3,661459|3,760676|1,343903|1,165085|0,227360|3,430032|1,230764|0,549566|2,026579|
A melhor solução desse PSO é:
20 3 23 1 14 13 
2 19 22 10 18 7 9 
24 5 8 11 4 
15 0 21 16 17 12 6 
Quantidade de trocas de:0,000000
Makespan: 174,000000
