479|424|355|343|438|411|523|745|432|340|484|645|445|348|563|312|546|403|483|432|549|458|486|686|620|575|494|497|401|399|558|412|540|441|440|529|412|307|533|410|480|659|282|483|500|550|695|705|417|493|394|371|750|645|285|421|390|518|613|423|393|531|474|352|602|393|589|416|619|489|403|386|514|478|530|280|589|786|426|370|461|756|639|576|501|561|386|737|513|383|386|582|327|466|513|395|307|430|387|374|491|507|330|451|483|589|599|409|337|361|457|343|360|650|346|413|329|553|353|601|535|272|373|500|408|532|508|403|317|364|349|432|492|419|536|408|384|661|377|502|583|530|484|591|360|264|696|308|544|941|341|507|297|474|540|635|608|612|317|463|386|472|453|414|462|349|366|464|458|524|530|448|443|727|777|404|469|519|670|366|462|519|523|763|433|404|583|626|521|444|631|418|416|590|445|388|465|406|528|408|649|323|410|574|502|481|537|394|424|445|523|367|393|515|502|774|467|381|291|577|573|378|394|311|771|308|370|368|455|538|703|581|431|298|471|384|537|454|377|391|762|338|531|384|375|416|519|490|584|381
238|187|193|201|244|228|203|160|166|175|225|160|175|166|157|166|160|173|166|227|203|229|176|222|160|166|210|160|226|157|188|160|162|204|204|242|217|218|157|233|198|208|174|199|157|182|190|178|204|227|182|202|178|176|199|224|157|203|199|157|180|214|183|173|168|219|191|194|223|208|215|235|163|232|178|204|176|230|226|241|222|160|218|175|166|157|170|202|199|187|178|166|219|192|239|181|176|235|176|214|166|160|195|157|168|160|157|206|219|233|230|229|213|187|157|166|228|223|170|160|176|208|166|186|157|184|191|171|189|216|201|228|166|196|173|175|160|166|237|230|160|196|205|157|163|244|184|243|157|201|173|231|217|160|163|166|224|166|240|220|191|207|222|201|196|236|220|230|190|214|195|166|166|210|198|171|227|179|157|160|222|244|157|201|188|160|157|176|178|166|174|168|166|184|199|157|210|208|189|184|178|199|230|192|166|212|160|203|168|157|199|160|160|166|208|210|198|157|225|181|211|184|198|198|176|182|220|160|221|175|216|184|214|205|225|160|157|181|166|202|200|212|191|166|160|207|183|222|196|228
Iteração que foi encontrado o Melhor Global: 513
Quantas vezes o Melhor Global foi alterado (Lembrando que a verificação na inicialização acumula nesse contador): 8
Particula Inicial do melhor global:
3,959377|1,000538|3,706924|0,887691|3,007676|3,018008|0,208104|1,627811|3,850980|3,417274|3,591497|2,160377|0,853233|3,286414|0,862931|2,540061|1,923048|0,011363|2,820856|1,095030|1,027919|0,926260|0,007175|2,878200|2,409625|
Particula Final do melhor global:
0,223691|2,453368|0,413499|3,905716|3,231866|1,332735|1,619296|3,035622|1,881159|2,462652|3,591353|1,578905|2,315700|0,442600|0,687265|2,794740|2,241940|3,065551|2,220172|0,813795|3,353912|2,040345|1,794132|1,218596|0,902340|
A melhor solução desse PSO é:
0 2 13 14 19 24 
23 5 11 6 22 8 
21 18 16 12 1 9 15 
7 17 4 20 10 3 
Quantidade de trocas de:0,000000
Makespan: 157,000000
