508|468|565|560|629|465|545|692|586|472|516|414|510|422|658|469|758|577|581|581|543|640|466|440|506|574|466|601|527|569|777|462|385|591|583|518|555|531|462|570|455|1050|433|459|460|703|448|458|390|463|658|549|794|515|532|838|466|393|440|381|536|591|481|512|562|490|556|385|411|482|521|521|502|441|659|465|662|727|449|467|505|384|430|711|491|575|516|628|611|657|565|562|486|568|497|503|517|450|500|551|390|490|531|414|407|551|617|433|496|551|434|664|444|439|615|634|526|412|538|395|555|513|506|614|514|723|459|462|476|495|684|509|554|526|624|591|558|638|592|587|563|551|457|449|633|651|512|485|495|479|537|596|532|540|420|556|617|587|537|493|448|408|447|438|608|495|502|451|651|466|424|490|557|595|445|495|536|687|713|463|563|438|434|414|463|532|563|641|737|572|444|584|514|665|598|659|579|474|557|487|671|462|501|597|624|552|547|613|524|418|452|588|523|561|437|522|569|634|678|617|694|496|710|537|505|517|630|521|551|434|656|621|545|749|543|556|579|484|640|538|531|579|567|621|630|623|651|447|455|487
327|330|335|342|322|332|313|337|342|336|325|306|358|339|310|329|343|315|308|330|355|355|324|330|330|308|328|336|306|335|299|320|294|336|294|319|334|337|306|340|336|294|302|319|321|302|320|302|318|314|321|315|332|329|368|338|294|315|308|329|343|316|330|329|321|325|325|308|344|330|320|326|304|318|316|302|306|324|330|314|333|294|334|361|333|308|341|333|310|323|326|328|327|314|332|330|330|306|317|328|333|321|338|338|294|314|323|362|308|327|334|327|338|353|334|294|348|355|294|360|308|325|338|341|309|358|340|302|332|341|327|314|330|322|327|294|337|321|319|299|316|353|323|328|314|348|343|339|331|335|332|316|306|336|307|348|348|331|306|330|338|359|359|306|347|335|314|346|320|294|307|342|330|343|318|322|326|302|312|350|335|306|347|319|312|329|330|329|339|331|338|329|337|294|328|308|329|363|333|294|318|333|352|344|351|319|335|316|326|308|306|338|330|329|313|326|317|313|326|308|352|302|299|338|308|299|303|328|339|329|314|334|307|327|351|332|343|323|338|351|369|294|321|347|323|308|294|338|343|323
Iteração que foi encontrado o Melhor Global: 814
Quantas vezes o Melhor Global foi alterado (Lembrando que a verificação na inicialização acumula nesse contador): 15
Particula Inicial do melhor global:
2,433423|2,764829|2,717942|2,578900|2,649512|2,389142|1,823730|1,879989|0,467757|0,430177|2,220122|1,585734|1,971292|1,117629|2,052069|0,712830|0,839094|1,705078|0,040022|1,247247|2,382030|1,997182|2,196608|2,740224|1,693324|
Particula Final do melhor global:
1,263942|2,049692|0,476042|0,508853|1,316955|0,195052|2,187133|2,457683|2,252550|1,005143|0,908648|0,612505|0,317811|0,936557|2,570731|2,575940|1,306127|1,349937|1,045367|2,503884|1,924611|0,759102|2,424805|1,366051|1,429839|
A melhor solução desse PSO é:
5 12 2 3 11 21 10 13 
9 18 0 16 4 17 23 24 20 
1 6 8 22 7 19 14 15 
Quantidade de trocas de:10,000000
Makespan: 294,000000
