345|304|262|416|370|427|496|465|313|312|434|384|462|510|312|435|553|379|398|458|568|380|338|331|361|381|475|432|361|310|418|349|296|392|392|372|486|330|316|425|491|484|463|486|392|302|387|338|390|397|384|332|394|451|358|363|318|379|388|368|343|451|290|384|378|383|440|346|378|354|472|422|357|350|323|377|340|298|544|327|300|380|357|324|471|359|373|320|357|330|336|371|415|276|370|487|367|301|421|298|384|441|372|441|357|447|345|457|399|396|325|389|379|366|488|342|484|393|578|333|428|325|551|391|381|367|498|370|368|524|441|457|444|370|402|331|343|410|492|350|304|466|347|398|445|323|301|310|489|452|407|533|325|350|480|307|359|388|310|302|385|480|368|392|295|371|411|416|373|395|348|369|426|532|383|319|409|447|486|398|319|600|375|530|494|558|315|474|431|448|495|400|514|393|398|328|326|385|395|417|445|398|500|401|439|396|288|387|398|354|327|641|304|411|380|335|290|380|374|306|434|439|392|295|278|367|353|306|353|414|290|437|402|317|521|325|456|313|372|367|388|477|315|412|377|511|358|560|272|464
228|255|244|233|244|252|241|243|242|243|251|228|259|250|251|260|256|253|257|244|239|248|242|233|249|266|238|242|248|253|253|242|226|250|243|247|228|248|233|228|249|255|241|246|245|238|257|241|238|245|250|235|244|251|233|242|232|238|249|243|235|244|255|255|244|247|245|228|243|245|251|246|228|227|270|237|254|239|255|243|246|240|242|253|259|252|252|255|238|232|248|254|254|246|251|246|240|244|239|241|228|238|251|250|253|246|228|233|238|234|253|245|238|244|243|228|240|228|250|243|256|242|236|225|228|234|244|243|243|241|258|238|259|260|228|228|228|245|226|239|225|242|254|233|238|245|226|237|235|245|228|249|252|228|233|225|253|245|228|263|247|257|253|238|255|238|238|247|246|246|237|239|243|238|257|255|225|231|254|241|248|233|257|239|238|249|230|228|239|228|249|227|228|238|228|233|244|257|228|228|238|251|246|251|238|242|260|228|254|238|243|239|230|246|265|249|253|254|235|248|241|247|233|238|245|232|236|236|237|246|242|254|241|228|240|254|225|262|233|253|228|244|253|249|255|241|245|232|250|228
Iteração que foi encontrado o Melhor Global: 372
Quantas vezes o Melhor Global foi alterado (Lembrando que a verificação na inicialização acumula nesse contador): 9
Particula Inicial do melhor global:
1,438850|1,739980|3,097542|0,131820|1,199899|3,434815|0,719650|2,994399|3,114710|2,850532|2,335149|2,639740|1,847413|0,305641|3,861490|0,466024|2,000753|3,904338|2,886223|2,104531|0,274440|1,188185|0,852715|1,870615|3,577828|
Particula Final do melhor global:
2,534379|2,902318|3,657854|1,255061|2,293933|1,260884|0,551123|0,128452|1,318009|1,089810|2,617110|0,732979|3,300041|0,795873|1,227241|3,993084|3,781651|1,669461|2,363382|1,498412|3,098705|3,202544|2,974821|0,589170|0,662836|
A melhor solução desse PSO é:
7 6 23 24 11 13 
9 14 3 5 8 19 17 
4 18 0 10 1 22 
20 21 12 2 16 15 
Quantidade de trocas de:1,000000
Makespan: 225,000000
