543|698|522|1041|580|543|563|750|895|673|615|730|594|554|517|555|815|454|450|722|452|581|532|678|803|785|615|672|722|586|511|810|925|432|406|724|546|548|706|712|546|448|566|620|607|544|573|730|509|670|721|535|547|590|751|739|710|1204|542|667|683|541|530|837|560|746|414|835|1067|541|711|635|712|570|534|743|909|859|788|901|633|520|859|590|607|545|515|925|552|696|522|841|631|534|555|507|628|698|601|490|905|842|621|653|523|745|469|521|638|722|603|617|901|666|1039|744|845|473|802|623|567|476|460|525|686|828|770|614|555|522|629|567|706|823|825|433|573|873|824|502|533|571|840|516|793|909|535|603|570|718|815|617|653|698|617|614|610|766|583|582|476|846|662|711|625|487|753|572|657|591|665|451|526|798|657|533|850|536|632|511|493|789|1029|989|536|401|753|425|981|552|779|732|614|592|476|684|787|1001|688|632|687|533|678|624|475|470|885|950|518|850|765|677|552|966|598|663|665|673|540|752|654|539|825|605|421|612|465|437|826|630|837|953|827|491|514|584|422|575|527|957|751|530|474|548|626|793|545|683|558|628
329|231|231|254|298|258|326|296|271|231|231|328|259|253|285|337|266|232|232|329|231|280|269|290|259|224|322|295|296|244|322|322|232|271|241|327|259|321|257|246|262|308|224|247|333|326|243|232|302|320|258|277|352|312|301|281|292|224|296|318|322|244|231|326|337|279|224|242|283|231|307|238|231|275|280|274|247|310|296|316|228|276|351|329|300|283|251|271|232|263|231|310|312|275|231|281|330|245|325|362|294|288|261|259|231|317|285|275|254|294|261|314|224|231|303|244|279|259|224|332|256|332|321|292|231|317|295|297|224|322|301|262|259|224|232|321|231|308|224|278|224|224|294|317|327|252|352|286|306|269|321|316|307|224|259|224|282|278|267|281|283|294|231|277|258|298|286|231|264|232|318|280|231|311|283|283|286|288|327|297|317|297|270|322|291|287|349|306|292|224|247|224|231|344|303|333|245|294|286|224|232|260|224|224|284|256|286|275|346|231|290|315|231|245|278|232|259|266|312|294|303|288|285|235|311|231|332|309|284|224|224|310|282|284|263|255|298|298|275|284|231|231|327|281|304|309|316|305|316|343
Iteração que foi encontrado o Melhor Global: 570
Quantas vezes o Melhor Global foi alterado (Lembrando que a verificação na inicialização acumula nesse contador): 8
Particula Inicial do melhor global:
3,381450|2,323114|1,455612|2,091275|2,476393|1,350353|3,201788|1,352787|3,053226|0,997796|1,515239|2,591952|0,566119|1,734923|0,738913|1,489866|1,087297|3,489250|1,801542|1,983953|2,802123|3,685927|0,216335|3,151473|3,171539|
Particula Final do melhor global:
0,377854|3,535308|2,137064|3,136177|1,225687|1,242083|0,262149|3,676002|2,534385|2,923880|3,756999|1,281070|2,987019|2,320475|1,983489|3,528613|3,360473|0,675067|2,510222|1,120490|1,940521|2,440960|3,414577|2,511788|0,641265|
A melhor solução desse PSO é:
6 0 24 17 
19 4 5 11 20 14 
2 13 21 18 23 8 9 12 
3 16 22 15 1 7 10 
Quantidade de trocas de:0,000000
Makespan: 224,000000
