390|288|458|376|417|392|425|371|479|427|307|381|349|313|332|388|483|484|438|376|436|473|412|566|340|393|591|340|430|325|437|381|537|446|343|366|377|324|317|376|372|328|436|304|402|370|400|391|482|479|315|456|336|293|334|311|485|393|387|308|471|407|331|396|371|344|553|455|502|414|465|442|425|331|312|686|358|373|325|612|398|336|406|341|556|326|505|357|405|350|466|406|667|359|498|389|638|367|430|302|393|488|469|439|479|325|369|332|520|665|419|331|464|347|357|347|332|339|364|475|472|308|340|354|433|292|452|337|379|432|347|383|463|569|357|386|394|324|400|340|357|446|308|426|362|506|433|450|299|415|431|346|372|342|412|391|420|447|344|324|371|517|510|474|335|345|483|650|389|436|440|486|335|479|528|335|370|311|364|315|426|441|366|423|300|437|382|313|374|492|362|344|287|346|456|468|411|543|353|482|384|342|320|306|314|418|378|465|296|322|405|352|405|724|261|425|498|318|526|358|415|363|374|444|440|591|402|416|427|509|356|310|386|391|368|294|451|584|320|370|521|589|543|429|362|480|405|453|346|314
233|252|249|252|236|236|261|244|246|245|252|261|256|250|248|248|260|266|253|247|250|252|257|240|242|242|245|241|243|260|244|236|261|258|266|257|260|244|245|255|248|238|263|254|249|247|260|257|260|245|257|251|269|260|247|250|255|243|239|257|252|256|242|250|253|264|243|253|248|246|262|255|253|255|255|247|257|238|253|245|252|244|248|245|237|246|248|237|260|261|257|256|255|237|235|255|243|251|256|252|252|260|249|254|246|256|265|243|259|253|258|236|245|243|248|243|239|254|242|252|261|258|252|251|253|237|257|259|245|247|254|262|256|251|240|255|252|253|252|265|255|250|240|256|251|250|245|253|251|245|253|257|242|247|250|236|265|248|245|253|240|260|242|241|256|237|245|269|256|252|259|266|249|253|241|257|260|246|248|248|245|236|253|263|252|252|250|257|236|259|248|256|255|244|239|242|246|259|253|248|250|233|247|250|254|241|249|260|258|251|236|241|258|244|260|267|239|260|246|248|241|260|241|245|255|241|242|245|252|259|257|248|263|231|242|262|258|252|244|258|260|240|264|249|252|238|255|245|248|241
Iteração que foi encontrado o Melhor Global: 935
Quantas vezes o Melhor Global foi alterado (Lembrando que a verificação na inicialização acumula nesse contador): 9
Particula Inicial do melhor global:
3,848419|0,245228|3,169709|3,201978|0,901440|3,845194|3,494829|2,013142|0,392355|0,988949|3,214024|2,327262|0,414849|2,288585|2,385931|1,825881|0,078947|3,418175|1,876243|2,128299|1,096562|0,653071|2,879016|0,325741|1,941925|
Particula Final do melhor global:
0,983459|0,983503|3,035904|2,139560|0,555088|3,685393|0,761251|1,509515|1,604254|0,080466|0,699171|2,816482|1,886253|1,221735|3,416411|3,275825|1,538990|3,360364|3,124776|2,794336|3,276522|2,903623|1,735302|2,054590|3,635657|
A melhor solução desse PSO é:
9 4 10 6 0 1 
13 7 16 8 22 12 
23 3 19 11 21 
2 18 15 20 17 14 24 5 
Quantidade de trocas de:3,000000
Makespan: 231,000000
