599|584|862|667|695|874|526|877|757|625|651|413|667|693|1028|751|685|790|736|599|593|760|552|478|656|562|650|532|638|925|634|585|709|881|762|602|481|501|777|649|706|697|598|531|716|661|1042|781|504|546|623|871|723|759|536|785|707|598|584|674|551|770|1104|783|612|881|695|822|617|504|649|386|688|762|620|576|820|599|732|543|1065|648|568|606|717|691|601|611|693|537|468|500|539|681|542|527|557|1064|556|416|736|665|585|502|557|367|679|681|587|1808|496|481|613|701|554|515|357|648|877|590|655|682|590|546|609|644|898|718|650|737|568|648|628|668|436|738|847|843|656|474|472|591|572|606|826|951|630|638|543|777|821|630|447|713|665|519|560|650|603|579|650|744|718|455|675|536|947|630|595|642|449|479|758|500|618|417|672|478|660|476|669|658|514|663|820|673|569|542|831|602|655|931|450|590|742|1044|1015|528|624|872|604|618|769|766|613|377|607|886|513|637|616|551|558|813|712|680|544|569|420|745|659|1129|533|481|586|599|506|536|605|704|595|746|552|541|492|856|678|660|934|705|452|576|500|855|447|578|672|623|958|552
232|224|306|250|346|279|312|296|310|227|241|299|241|316|241|267|271|297|336|240|294|278|267|270|227|325|288|287|279|269|287|287|315|270|263|270|297|286|283|258|281|216|280|302|283|339|297|292|294|268|230|277|294|292|292|318|254|310|278|283|278|291|302|349|292|248|309|276|261|309|311|230|318|249|320|246|297|298|297|309|248|274|303|268|319|328|289|244|290|267|301|237|306|319|309|274|283|317|257|313|326|288|290|284|291|306|258|249|306|241|243|270|265|272|297|306|338|302|311|256|293|309|319|247|262|256|262|288|241|297|254|290|305|300|297|230|263|318|279|237|230|282|247|316|278|246|310|255|284|287|308|261|288|342|270|291|274|264|275|268|310|311|303|314|283|304|308|224|227|319|281|227|303|268|334|311|262|262|271|309|348|304|245|292|286|273|288|288|342|285|309|260|310|268|256|270|258|241|230|319|241|267|264|230|286|259|255|266|234|241|263|269|290|317|271|293|304|278|224|272|312|224|260|345|234|301|325|270|265|297|281|287|227|240|299|314|227|264|248|282|306|289|272|283|312|297|302|357|271|324
Iteração que foi encontrado o Melhor Global: 589
Quantas vezes o Melhor Global foi alterado (Lembrando que a verificação na inicialização acumula nesse contador): 13
Particula Inicial do melhor global:
3,017954|3,793854|0,070084|3,918660|0,519976|0,094038|0,217758|1,867847|1,616700|2,900912|2,385955|3,742901|2,350365|1,617734|0,357213|3,323146|1,706314|3,908306|3,967300|3,649200|1,665961|2,839306|0,856463|2,725651|2,067816|
Particula Final do melhor global:
0,962790|1,083592|2,202818|1,415917|0,773011|1,000759|0,341359|2,310770|0,002021|2,061163|3,092990|0,962276|2,739619|0,710699|3,140334|0,912250|3,056530|2,504242|3,782034|2,371303|1,758873|2,572743|2,265956|3,082172|1,149598|
A melhor solução desse PSO é:
8 6 13 4 15 11 0 
5 1 24 3 20 
9 2 22 7 19 17 21 12 
16 23 10 14 18 
Quantidade de trocas de:0,000000
Makespan: 216,000000
