946|485|615|611|612|668|430|691|577|435|1141|777|534|482|503|656|689|569|551|615|527|431|703|554|502|387|542|423|816|623|561|739|674|555|716|520|609|475|736|717|680|534|501|461|416|538|883|415|491|658|597|759|1024|741|594|712|528|566|562|668|577|520|573|744|674|505|392|514|1033|490|579|509|941|745|698|636|907|436|408|530|546|618|516|809|509|670|476|402|770|521|387|599|701|604|611|645|510|560|965|408|650|498|460|608|667|361|712|404|725|752|661|603|609|603|448|720|484|571|745|590|642|531|744|365|563|496|706|475|704|708|684|522|588|721|428|879|881|535|396|550|832|538|666|535|510|383|587|829|618|870|654|548|475|478|710|583|509|578|457|513|697|463|986|767|434|733|439|612|574|618|578|635|538|524|897|542|648|659|694|555|451|403|689|811|487|695|498|695|555|651|771|445|649|696|408|558|536|702|496|571|489|460|473|893|537|478|632|616|600|449|578|671|624|384|514|502|775|1203|461|749|657|636|721|609|493|465|653|889|512|571|664|672|792|784|783|654|545|734|344|601|788|495|905|752|545|658|488|691|810|554
249|294|238|312|325|285|311|315|285|299|286|271|330|268|301|276|340|212|331|257|212|262|272|308|260|269|322|271|300|295|260|299|335|310|289|346|292|290|285|280|271|326|244|286|238|235|300|273|283|306|297|242|285|291|315|294|312|282|331|278|277|302|332|297|317|310|290|306|305|270|290|291|295|350|274|277|302|270|307|269|259|295|278|288|309|302|326|252|283|318|291|310|297|305|322|283|308|273|315|285|315|323|284|331|303|250|296|279|279|340|287|296|327|238|263|321|269|278|305|288|315|279|308|313|281|231|283|271|296|268|287|303|317|292|290|291|288|327|297|283|249|299|321|311|241|296|279|279|277|235|320|280|266|292|300|262|300|312|294|297|321|273|302|309|257|317|304|298|314|212|311|262|303|300|320|278|295|277|298|322|297|238|275|270|244|228|302|219|258|259|313|324|301|308|245|320|298|307|294|212|244|310|287|285|279|262|264|321|325|318|300|285|293|248|308|324|303|258|256|296|287|282|320|314|297|327|318|301|341|254|278|238|281|314|312|297|266|281|289|268|290|233|312|293|285|262|263|302|322|230
Iteração que foi encontrado o Melhor Global: 543
Quantas vezes o Melhor Global foi alterado (Lembrando que a verificação na inicialização acumula nesse contador): 13
Particula Inicial do melhor global:
2,293054|1,557235|3,722173|3,366358|0,463629|1,462083|1,559316|1,819515|1,841155|0,407620|0,404493|3,272872|0,733559|2,368022|3,058121|3,131276|0,489491|0,396383|0,539738|3,296073|1,929538|1,430421|2,459807|1,508413|2,589528|
Particula Final do melhor global:
1,077111|1,113874|2,392147|3,201327|2,746144|1,271134|2,143919|3,193841|0,609270|3,929091|1,545395|2,411669|1,523278|1,916266|3,415487|0,272066|0,968003|0,118229|2,974047|3,835153|0,480020|3,494196|1,714818|3,543806|2,766020|
A melhor solução desse PSO é:
17 15 20 8 16 
0 1 5 12 10 22 13 
6 2 11 4 24 18 
7 3 14 21 23 19 9 
Quantidade de trocas de:1,000000
Makespan: 212,000000
