553|892|687|766|457|461|527|579|868|648|586|587|552|586|573|505|615|778|529|605|440|755|612|895|552|1066|688|594|565|598|419|575|494|609|783|486|504|893|779|442|644|457|390|991|916|580|428|442|520|428|951|604|447|824|479|485|688|486|455|425|646|513|571|662|817|610|965|953|643|611|662|668|963|660|939|639|854|492|448|690|640|624|642|761|610|709|649|840|673|545|630|440|619|612|589|742|928|593|457|661|521|485|591|544|547|653|645|852|814|816|521|470|485|862|601|577|514|524|549|1100|663|656|929|696|640|639|456|873|457|656|495|840|744|570|796|565|1098|548|637|559|668|908|540|432|484|723|682|828|665|607|526|385|367|558|498|557|562|580|684|639|643|543|536|679|714|637|506|373|798|543|555|755|548|687|394|526|580|517|712|504|518|752|525|589|445|509|545|475|496|415|604|611|843|633|506|504|560|607|391|509|765|541|510|840|480|355|956|843|554|706|504|734|706|512|447|600|479|424|737|555|609|538|810|510|490|439|498|504|750|540|599|649|504|824|607|418|639|635|793|542|476|565|656|559|536|664|979|570|601|772
252|263|310|256|289|256|240|285|210|270|270|262|299|234|213|289|323|279|305|278|242|271|256|254|329|322|334|217|232|221|210|234|269|293|257|235|246|258|253|253|254|300|213|245|292|285|241|225|244|270|228|263|286|260|229|285|285|239|310|286|228|295|261|241|281|308|253|324|225|288|245|273|229|277|301|249|191|298|261|283|278|298|239|257|288|210|268|274|191|276|217|221|279|287|209|213|241|274|244|319|316|284|278|265|279|239|191|282|251|245|241|214|242|191|316|248|286|210|255|310|210|270|228|261|213|210|229|225|276|296|336|301|316|210|260|260|295|211|273|297|268|259|243|249|210|265|285|247|229|241|306|264|276|241|210|301|240|258|269|316|225|279|292|241|307|307|279|273|212|273|283|211|259|285|210|225|309|270|194|280|191|273|314|276|279|282|255|225|224|278|329|278|211|267|323|278|191|250|313|266|302|191|240|273|259|334|191|221|266|287|293|249|212|210|311|289|281|224|261|322|281|250|236|265|279|258|270|315|330|282|255|339|271|213|257|261|286|234|210|254|319|277|243|255|246|271|286|297|315|263
Iteração que foi encontrado o Melhor Global: 660
Quantas vezes o Melhor Global foi alterado (Lembrando que a verificação na inicialização acumula nesse contador): 18
Particula Inicial do melhor global:
1,472635|3,891480|1,083755|3,336384|0,310083|0,382377|0,463133|3,689885|1,856977|1,390128|1,182785|2,139872|2,917623|3,289622|1,491967|1,794836|0,622749|2,414368|1,012696|3,219523|3,396464|3,461564|3,971886|0,162273|1,308048|
Particula Final do melhor global:
0,554181|0,564046|1,448134|0,952606|3,896847|0,439768|2,873320|0,337460|3,081976|2,725862|0,639757|1,314040|3,582276|3,446550|3,515726|2,411313|3,194513|2,424048|3,124964|1,695537|1,308426|1,613243|0,232785|2,373006|2,522741|
A melhor solução desse PSO é:
22 7 5 0 1 10 3 
20 11 2 21 19 
23 15 17 24 9 6 
8 18 16 13 14 12 4 
Quantidade de trocas de:0,000000
Makespan: 191,000000
