446|564|574|782|430|615|666|520|612|467|521|821|697|688|464|811|703|521|684|637|539|624|496|819|500|558|652|432|476|594|660|540|489|488|570|495|486|580|597|553|533|678|754|677|556|434|564|544|646|679|488|711|426|523|489|539|748|534|562|793|590|643|634|711|599|561|480|758|566|497|541|438|665|560|467|593|520|504|530|911|425|461|391|658|470|572|590|644|646|734|827|543|478|563|505|571|414|557|563|814|710|564|832|744|483|550|509|523|552|553|503|485|527|560|569|589|564|721|452|502|436|501|595|554|488|529|646|702|651|564|552|516|665|658|767|547|413|596|856|428|503|715|495|673|624|518|593|390|415|459|500|878|484|741|530|562|762|569|563|559|579|498|609|841|556|584|442|657|945|450|590|543|498|474|689|584|479|581|509|478|592|499|847|571|730|616|470|910|528|503|374|439|538|533|453|579|792|727|540|385|736|659|656|661|678|753|588|649|670|577|591|600|557|504|453|543|780|805|552|503|713|719|699|535|577|755|592|562|612|643|550|681|734|661|416|530|553|522|608|543|464|647|448|662|675|557|624|524|566|655
354|350|355|327|353|329|335|354|337|302|355|343|355|348|375|358|334|344|367|379|369|350|298|344|351|346|351|299|356|348|356|327|331|351|333|370|366|363|314|354|349|350|339|335|347|350|347|331|336|339|352|331|375|364|374|344|340|356|319|349|350|345|341|357|357|365|308|330|375|338|338|359|333|351|379|350|341|371|383|335|327|350|361|355|368|358|351|345|352|365|360|384|337|349|314|334|372|363|341|325|333|352|372|323|335|366|356|337|357|318|345|343|340|341|339|340|328|351|360|333|339|310|360|347|343|356|348|330|337|352|360|354|345|364|302|360|362|353|358|370|360|328|366|365|329|328|352|299|345|364|351|351|323|318|345|343|342|325|347|338|316|326|352|355|325|346|349|317|364|368|347|363|357|313|344|340|343|357|368|302|310|341|326|337|341|339|360|346|365|343|362|340|371|326|356|344|373|342|367|349|370|367|359|380|337|340|359|348|354|341|353|358|363|353|361|374|335|343|356|358|363|342|311|358|343|351|339|354|356|333|363|351|355|383|341|368|357|330|351|332|363|348|347|326|332|348|333|343|358|340
Iteração que foi encontrado o Melhor Global: 214
Quantas vezes o Melhor Global foi alterado (Lembrando que a verificação na inicialização acumula nesse contador): 13
Particula Inicial do melhor global:
1,391770|0,173370|0,175875|0,601069|2,138351|1,292982|1,021866|0,325537|1,016433|0,146326|2,369107|2,257807|2,744534|2,484263|1,716102|1,111387|2,247727|1,437862|0,929605|2,315614|1,905542|2,431053|1,085058|2,424399|1,821201|
Particula Final do melhor global:
2,023388|2,967246|1,449934|2,263533|2,494344|1,675594|0,242435|1,349222|0,561459|0,088069|1,404204|2,077570|0,931370|0,471173|1,852115|1,674438|0,010593|1,480222|0,830717|0,973206|0,990335|2,985346|2,179539|1,255103|1,107468|
A melhor solução desse PSO é:
16 9 6 13 8 18 12 19 20 
24 23 7 10 2 17 15 5 14 
0 11 22 3 4 1 21 
Quantidade de trocas de:8,000000
Makespan: 298,000000
