604|440|599|452|513|557|536|551|682|501|625|417|1061|392|683|289|430|797|611|644|668|605|504|571|420|560|506|713|494|499|427|373|575|519|544|497|510|567|435|679|432|377|559|426|626|615|531|589|504|444|527|626|817|696|438|482|439|836|440|839|645|653|395|523|628|548|824|426|430|498|750|557|412|467|831|430|559|414|609|545|784|893|729|492|610|708|630|425|601|794|484|825|461|534|888|465|1011|736|598|1041|508|391|553|574|631|401|552|390|584|754|549|526|427|994|501|768|705|663|601|462|758|430|561|666|548|598|447|475|594|615|382|604|522|452|515|540|423|460|663|895|479|599|664|677|503|384|398|539|608|391|869|689|552|674|514|695|494|499|418|583|428|563|530|848|546|427|621|583|427|570|737|742|579|597|445|582|549|753|952|421|462|453|654|583|730|536|494|612|426|350|532|481|480|476|533|442|745|577|729|423|447|487|594|736|616|776|964|419|926|459|542|669|367|607|588|704|467|459|446|417|614|398|551|510|654|531|402|645|563|479|421|482|513|581|547|466|444|475|645|601|586|546|449|456|633|486|573|446|462|536
208|238|261|221|221|223|245|248|250|232|250|284|222|248|241|217|252|218|233|287|268|200|206|184|246|206|289|233|206|243|245|213|244|250|227|226|206|222|206|235|187|205|238|235|196|228|260|225|262|221|232|237|261|216|245|188|215|249|215|230|222|187|249|206|189|260|206|225|215|266|206|216|208|187|226|226|252|206|257|253|216|232|228|226|217|182|206|207|228|244|272|206|206|247|237|215|204|259|215|250|238|244|246|246|182|225|270|246|236|242|228|221|206|196|256|206|200|247|221|239|260|182|229|259|272|250|216|247|206|254|187|247|210|202|210|254|206|217|219|187|279|206|293|249|206|241|238|226|240|238|206|226|198|240|217|188|206|214|228|206|215|253|258|206|226|203|233|216|199|196|182|189|206|222|272|209|238|218|200|272|264|214|248|233|211|216|218|206|206|206|206|208|238|206|195|225|209|214|238|196|206|226|227|185|233|237|206|208|245|233|261|259|236|182|216|201|266|209|239|221|219|205|245|271|206|254|184|225|250|216|256|303|242|213|187|206|194|205|218|217|232|206|206|189|258|219|206|220|233|233
Iteração que foi encontrado o Melhor Global: 848
Quantas vezes o Melhor Global foi alterado (Lembrando que a verificação na inicialização acumula nesse contador): 15
Particula Inicial do melhor global:
3,094551|2,801229|0,090578|0,857784|3,021894|3,602749|0,245794|1,754444|0,685960|0,755290|0,119642|0,949431|3,854560|0,049308|2,651396|3,306052|2,651126|0,678746|0,053824|3,835052|0,018012|1,890207|2,569340|0,788083|2,899313|
Particula Final do melhor global:
2,859047|2,433841|1,224883|2,908789|2,563432|3,167653|1,344591|0,456091|2,447629|3,455890|2,650200|1,797175|0,349082|1,677095|1,131198|0,009435|3,797882|0,657092|2,638144|3,525970|0,415363|0,650069|2,531733|1,272490|1,604808|
A melhor solução desse PSO é:
15 12 20 7 21 17 
14 2 23 6 24 13 11 
1 8 22 4 18 10 0 3 
5 9 19 16 
Quantidade de trocas de:0,000000
Makespan: 182,000000
