1197|1586|1073|1818|1222|1440|1228|959|1197|1529|1007|1394|1101|1073|1326|1554|1011|1140|1453|1196|1571|1280|1524|1323|1069|1111|1312|1039|1295|1221|1789|1119|1312|1032|1333|1022|2052|1077|1403|1220|1028|956|1238|1045|982|1114|1351|1654|1178|1141|1009|1184|1206|1009|1355|1097|1394|1242|1423|1222|1397|1099|1528|1331|1203|1114|1358|1229|1237|1744|987|1248|1521|1167|1274|1111|1586|1132|1199|1452|1065|1268|1234|1299|987|1056|1104|1508|1097|1288|1102|1229|1190|1722|1280|1184|1742|1036|1382|991|1198|1088|1561|1173|1310|1324|1341|1064|1416|982|1279|1191|1128|1317|1098|1589|1907|1118|1287|1602|1420|1205|1297|1223|1285|1548|1251|1513|1581|1044|1270|1124|1119|1137|1017|1119|1644|1368|1014|1189|1190|1190|1104|1411|1222|1359|1036|1342|1162|1456|1011|1075|1068|1095|1357|1132|1044|1501|1029|1264|1239|1327|1622|1334|1448|1188|1017|1333|1144|1312|1061|1087|1323|1206|1121|1071|1325|1251|1579|1688|1078|978|1512|1447|1204|1110|1134|1084|1260|1145|1375|1288|1151|1231|954|1456|1343|1329|1554|1120|1192|1203|981|1327|1287|1010|1215|1569|1104|1121|1345|1168|1261|1224|1411|1036|1265|1154|1050|1183|1687|1490|1306|1035|1378|1049|1593|1055|1208|1652|1140|1129|948|1181|1145|1710|1208|1308|1586|1425|1239|1153|1137|1423|1350|1227|1135|1054|1070|1007
706|606|786|606|606|642|606|643|609|682|642|606|673|664|643|614|650|642|606|613|646|613|719|620|621|609|678|652|627|634|669|708|606|738|606|710|810|606|705|606|606|621|706|639|606|606|708|627|609|673|606|606|716|650|606|642|651|650|606|627|641|651|673|639|606|606|673|606|728|641|606|606|658|652|673|621|668|672|638|713|653|633|620|621|646|606|718|673|687|686|606|609|665|621|606|606|610|606|704|606|675|606|653|638|663|633|709|606|606|606|712|672|717|642|646|641|664|606|675|613|759|698|639|734|712|736|739|606|718|647|627|740|666|621|681|606|606|606|633|606|606|664|606|613|673|606|606|708|677|651|606|682|606|677|651|627|613|639|660|651|606|627|682|673|650|646|606|606|677|646|638|609|606|606|656|606|676|606|673|631|795|606|606|606|606|606|606|637|677|651|680|646|606|663|638|672|639|606|606|678|606|614|705|706|606|657|606|606|647|606|641|704|650|634|644|646|606|606|660|619|609|606|621|672|639|675|606|606|606|606|660|651|639|609|631|633|650|672|740|639|651|606|606|746|606|651|606|642|606|727
Iteração que foi encontrado o Melhor Global: 159
Quantas vezes o Melhor Global foi alterado (Lembrando que a verificação na inicialização acumula nesse contador): 13
Particula Inicial do melhor global:
0,131404|1,801703|1,214217|0,990526|1,170929|1,482218|0,587567|0,462293|1,314257|1,584550|0,513024|1,657611|0,410841|1,269937|0,324859|0,122018|1,361177|1,303665|1,613762|1,011394|0,167875|0,132295|0,323738|0,125766|1,551122|
Particula Final do melhor global:
1,672359|1,528146|0,483037|1,416667|0,422107|0,736942|0,863076|0,346069|0,254088|0,628437|0,979811|1,218384|0,106592|1,112287|1,390843|0,155779|0,991257|0,805068|1,798741|0,172071|1,321518|0,094801|1,659756|1,593672|1,605236|
A melhor solução desse PSO é:
21 12 15 19 8 7 4 2 9 5 17 6 10 16 
13 11 20 14 3 1 23 24 22 0 18 
Quantidade de trocas de:5,000000
Makespan: 606,000000
