324|342|316|299|294|287|383|317|415|460|368|385|328|337|429|447|328|316|403|410|360|436|340|422|453|355|381|452|509|463|366|402|413|488|590|413|427|404|454|402|469|426|476|466|450|388|499|327|401|521|552|406|460|362|386|491|262|459|394|364|443|346|441|344|411|535|451|328|373|321|431|415|362|501|457|325|305|354|283|299|352|419|374|376|303|290|423|449|299|348|414|316|422|431|644|408|341|356|405|389|504|440|488|548|338|405|395|482|403|405|290|391|383|416|297|522|344|327|338|297|385|341|507|359|420|545|263|320|332|460|423|523|373|383|358|324|597|340|451|459|293|384|328|400|398|318|340|309|452|310|349|361|307|530|368|346|352|423|382|418|584|336|354|410|398|559|410|363|566|407|321|496|374|365|383|388|394|364|330|332|420|413|416|369|403|388|393|363|379|365|349|403|488|331|479|518|299|386|343|388|327|364|457|397|398|345|331|290|355|467|521|329|333|384|332|501|404|335|489|449|403|325|519|313|418|319|559|472|361|355|388|336|337|421|363|321|377|581|328|496|500|391|341|306|441|331|341|406|536|395
242|249|243|267|257|247|246|243|270|231|240|263|230|258|231|264|233|249|248|255|249|255|258|242|263|245|248|248|249|248|253|229|254|244|229|248|229|229|263|259|237|237|226|247|250|238|257|254|263|239|229|244|229|259|239|252|224|259|256|264|240|255|248|246|252|247|257|251|229|262|262|251|229|229|260|252|245|241|240|250|232|237|265|255|266|246|248|226|225|239|253|247|260|256|248|268|256|248|250|226|248|238|257|252|232|268|264|258|252|241|265|225|248|261|265|233|229|265|266|261|239|248|242|232|242|229|261|249|251|239|255|260|237|240|263|240|242|262|253|248|259|248|239|243|257|243|253|226|242|261|239|248|244|246|251|259|242|225|229|257|243|239|265|248|248|242|253|259|250|235|241|243|235|244|240|255|248|257|265|234|225|263|237|256|246|256|260|254|247|257|248|236|243|267|249|242|243|274|245|241|239|257|229|259|238|225|254|239|238|242|246|255|239|249|264|233|229|249|249|253|259|262|255|252|257|246|254|240|237|252|258|243|247|239|247|256|260|263|248|251|233|257|260|241|263|248|258|237|261|255
Iteração que foi encontrado o Melhor Global: 886
Quantas vezes o Melhor Global foi alterado (Lembrando que a verificação na inicialização acumula nesse contador): 14
Particula Inicial do melhor global:
0,096369|2,729278|0,344015|1,618867|2,389221|1,148702|2,402834|0,776690|2,655721|0,072868|1,088038|0,911854|0,959947|2,256313|0,475837|1,916242|2,369050|0,269868|0,648889|1,370819|1,008180|1,561290|2,585099|2,517884|1,430491|
Particula Final do melhor global:
1,442122|2,371017|2,880668|1,231579|2,435432|2,078894|2,879890|0,630853|1,593770|0,552301|0,487630|2,620985|1,565715|2,346005|0,213152|1,546757|1,010852|0,106378|0,025267|1,343358|0,384044|2,378746|1,373595|2,390503|1,073332|
A melhor solução desse PSO é:
18 17 14 20 10 9 7 
16 24 3 19 22 0 15 12 8 
5 13 1 21 23 4 11 6 2 
Quantidade de trocas de:3,000000
Makespan: 224,000000
