1079|1306|1031|1417|1552|1268|1323|1190|1120|1313|1071|1090|1086|1067|1352|1036|1610|1631|1396|1408|1703|1634|1327|1105|1240|1403|1295|1143|1106|1141|1331|1340|1218|1127|1883|890|1106|1111|1295|1317|1101|1823|1838|1222|1210|986|1169|1267|1205|1272|1375|1164|926|1240|889|1131|1394|1188|1385|1154|1209|1092|1092|1357|1019|1310|1215|1056|1052|1152|1335|1190|1113|1201|1194|1496|1354|1543|1641|1090|1174|1132|1111|1323|1036|1150|1153|1362|1629|1997|1472|1103|1044|1405|1145|1049|923|1632|947|1301|1298|1197|1222|1554|1152|983|1080|1278|1297|1322|1030|931|1295|952|1177|1257|1107|1152|954|1585|1278|1498|1185|1212|1039|1292|1493|1774|1290|1250|1067|1197|1290|1089|1424|1229|1583|1097|1081|1386|1420|1591|1719|1090|1148|1380|1479|1233|1273|1404|1180|1304|1199|1209|1302|1145|1310|1320|1109|943|1598|1752|1308|1103|1387|1081|1072|1252|1633|1624|1281|1122|1541|1308|1210|1289|1240|1492|1405|1158|960|1546|1170|1015|880|1279|1328|1281|1076|1102|1315|797|1264|1921|1029|1340|1421|1439|1373|1103|1363|1282|1236|1529|1518|1148|999|1095|1356|924|1640|1332|1467|1017|987|1128|810|1204|1022|1100|1246|1573|1024|1220|1786|1121|1076|1273|1120|1137|1358|1351|876|1563|980|1115|1330|1612|1048|1210|1152|1099|1163|1175|1549|1165|1212|1677|1081|1067
646|632|701|682|672|654|654|726|772|609|707|675|675|655|654|648|693|682|646|653|609|669|708|654|678|654|687|642|682|672|642|713|654|609|730|713|642|650|686|654|690|678|654|642|700|654|646|722|690|677|713|675|712|624|776|723|642|654|680|706|654|712|699|676|750|708|669|654|654|714|632|672|707|654|660|745|654|676|642|638|707|673|714|672|623|639|654|705|675|673|741|642|609|705|728|680|726|675|743|628|632|729|656|694|650|654|694|695|645|695|685|676|654|654|682|654|704|680|615|672|711|709|654|742|700|638|643|690|629|672|654|709|687|728|654|615|676|668|712|654|682|699|642|682|681|676|609|642|642|649|682|614|690|710|689|705|654|701|642|649|642|681|691|628|642|646|669|683|639|675|709|654|646|623|726|707|710|654|713|654|708|639|609|691|772|721|738|682|660|702|688|796|654|682|642|677|696|683|706|683|690|708|682|648|718|742|689|632|675|646|654|643|671|678|672|642|646|647|701|654|654|748|708|686|714|676|651|632|672|609|706|727|720|672|609|685|642|632|709|700|654|654|632|654|642|643|675|640|654|677
Iteração que foi encontrado o Melhor Global: 329
Quantas vezes o Melhor Global foi alterado (Lembrando que a verificação na inicialização acumula nesse contador): 10
Particula Inicial do melhor global:
0,700211|1,119867|0,297340|0,755065|0,779141|0,247756|0,082492|0,638190|0,946546|1,755270|1,541796|0,033463|0,984270|1,430243|0,153143|0,377369|0,098436|0,911986|0,723330|0,005035|0,033797|1,492798|1,407984|1,445227|0,914784|
Particula Final do melhor global:
1,330050|0,038317|1,120238|0,657245|1,047412|1,980994|1,185370|0,199550|1,781584|1,207975|0,224432|0,198085|1,794289|0,070377|0,573893|1,973652|1,835182|1,616280|0,578117|0,379015|0,126557|1,848375|1,026087|0,412130|1,429393|
A melhor solução desse PSO é:
1 13 20 11 7 10 19 23 14 18 3 
22 4 2 6 9 0 24 17 8 12 16 21 15 5 
Quantidade de trocas de:5,000000
Makespan: 609,000000
