393|390|285|393|353|365|382|385|371|261|466|344|286|360|264|365|294|328|395|263|329|352|316|327|467|344|355|383|271|451|270|306|295|326|259|293|260|351|294|375|354|376|263|392|322|322|304|341|395|255|341|427|321|352|307|303|311|252|436|355|365|297|258|324|294|375|379|304|270|311|305|371|267|384|296|329|288|390|277|325|277|210|317|358|250|386|280|281|329|284|368|251|378|330|329|271|319|244|346|376|332|405|313|275|308|379|382|397|338|258|301|370|304|295|390|222|339|400|314|412|400|339|420|395|285|365|362|285|493|357|361|444|301|412|292|429|297|298|349|326|366|467|429|253|269|401|370|474|368|292|388|504|473|302|392|339|291|256|308|347|379|264|400|345|334|370|320|289|348|319|371|349|307|269|253|422|363|371|291|330|415|268|423|448|283|313|279|327|319|362|372|346|286|342|266|377|281|432|318|286|320|336|307|265|271|282|599|307|264|281|402|301|288|364|338|332|385|399|335|343|240|301|323|545|373|271|318|345|378|380|491|286|407|369|357|285|230|299|315|345|339|285|334|299|303|419|334|295|319|380
213|202|178|203|184|216|199|212|214|216|199|209|178|207|203|202|187|203|209|215|194|203|198|216|178|184|198|205|204|193|211|207|210|206|208|196|211|205|208|193|202|201|198|202|196|202|200|217|199|191|211|206|199|178|183|202|215|200|209|206|188|203|203|204|196|193|201|196|201|207|206|208|212|207|215|208|206|198|202|203|202|209|198|216|202|195|201|194|198|201|197|216|184|220|195|203|198|199|217|209|211|201|199|198|210|184|207|203|198|213|209|196|214|192|201|178|197|201|201|198|197|203|203|202|210|205|210|209|213|211|215|207|203|213|195|207|204|203|208|202|196|194|200|213|178|219|212|198|200|196|208|202|214|201|187|209|186|192|178|216|212|200|206|199|207|192|193|202|209|202|200|207|199|213|203|199|209|223|199|199|198|203|202|193|199|203|185|207|184|202|200|209|194|205|188|204|196|196|212|211|197|196|198|191|207|195|207|196|202|200|198|215|201|198|202|209|203|207|203|196|192|209|188|194|195|202|184|184|208|212|200|196|211|196|201|198|216|190|209|211|191|196|212|214|200|208|207|211|206|199
Iteração que foi encontrado o Melhor Global: 202
Quantas vezes o Melhor Global foi alterado (Lembrando que a verificação na inicialização acumula nesse contador): 8
Particula Inicial do melhor global:
0,843641|1,750870|0,112372|0,096347|3,909124|3,302222|3,336144|2,397125|1,991768|3,655367|1,357677|3,811168|1,915206|1,563930|3,105833|2,812422|0,268525|3,277863|2,400751|3,923606|2,493647|3,703782|1,985953|0,594818|1,456354|
Particula Final do melhor global:
3,340896|2,912980|1,430247|0,514569|1,121115|2,336206|1,933582|2,457133|2,006295|0,938466|0,730677|0,197265|3,876817|0,753519|2,853771|1,266664|1,818055|3,384346|2,656625|3,669252|0,295506|3,947108|1,653941|2,400108|0,452785|
A melhor solução desse PSO é:
11 20 24 3 10 13 9 
4 15 2 22 16 6 
8 5 23 7 18 14 1 
0 17 19 12 21 
Quantidade de trocas de:6,000000
Makespan: 178,000000
