879|723|1002|1403|597|769|727|846|793|855|937|988|902|575|805|889|796|735|967|760|1153|1252|1007|758|786|951|968|989|660|1116|574|915|893|1147|516|1147|1021|1059|714|695|684|1115|864|807|805|852|559|1045|972|877|916|813|754|1021|566|960|694|652|799|761|808|693|828|1320|790|650|1007|1455|1403|1050|846|597|1104|802|1201|883|704|1148|709|946|827|686|1010|1053|767|687|645|1072|879|1012|527|841|713|987|1248|1049|675|863|747|747|1143|891|749|875|893|594|864|842|710|894|656|752|854|835|612|604|727|831|884|695|1118|691|865|803|1275|782|814|825|750|922|672|1191|967|854|1043|985|723|841|735|819|1116|770|1301|692|827|757|848|698|980|927|894|653|891|930|845|976|1240|646|662|1026|643|823|636|1251|1253|951|688|677|1562|730|639|666|957|897|763|645|1192|924|1015|1016|644|827|628|988|734|889|634|1214|710|905|605|896|1365|1195|961|936|849|831|637|1038|731|1368|803|747|983|568|648|797|845|682|607|1094|813|636|827|1016|834|625|826|728|873|935|1200|667|720|883|711|796|822|954|620|895|1066|886|617|669|971|750|741|1067|729|609|712|1272|858|725|1002|1175|831|947
412|459|434|420|461|305|484|460|433|454|312|378|422|432|377|448|377|454|328|479|444|469|468|454|321|415|454|470|405|479|456|442|448|474|409|448|419|419|437|405|388|444|479|402|463|463|424|430|406|430|390|463|430|407|441|403|400|358|448|489|452|430|327|468|425|454|465|448|426|425|362|431|448|380|447|445|428|342|405|310|455|426|430|362|342|421|425|425|477|445|423|410|349|396|408|419|403|444|429|374|430|478|446|424|397|419|427|402|449|466|407|396|459|376|414|426|437|439|395|453|435|464|425|441|446|424|461|310|480|463|407|454|465|436|433|420|397|415|433|391|460|395|420|443|305|444|467|465|473|440|400|442|457|410|410|321|428|412|471|425|463|425|444|447|469|413|476|455|362|428|411|469|389|461|402|472|448|489|478|478|457|441|405|432|420|393|420|407|305|453|400|461|410|406|443|415|452|387|448|352|476|435|460|419|431|370|410|429|502|447|407|403|427|305|453|420|407|433|462|305|465|396|400|435|417|434|445|399|464|420|393|417|432|453|425|433|396|442|419|392|405|378|507|457|452|462|373|436|426|400
Iteração que foi encontrado o Melhor Global: 835
Quantas vezes o Melhor Global foi alterado (Lembrando que a verificação na inicialização acumula nesse contador): 16
Particula Inicial do melhor global:
2,867198|2,131791|2,050948|1,113284|2,196177|1,807160|1,413900|0,672222|3,639030|2,213829|3,913099|0,938750|0,958513|3,837952|2,681440|2,031751|3,040637|1,198364|3,271168|3,124617|2,837239|1,180844|1,680330|0,343793|1,348939|
Particula Final do melhor global:
2,292074|0,423450|1,960658|3,674486|2,071624|3,265863|0,851883|3,107269|1,266836|3,351939|2,689209|3,604209|1,937526|1,629616|0,413075|2,965635|0,829507|1,896286|0,864038|0,843240|0,277913|3,135862|1,216335|2,187860|1,295557|
A melhor solução desse PSO é:
20 14 1 16 19 6 18 
22 8 24 13 17 12 2 
4 23 0 10 15 
7 21 5 9 11 3 
Quantidade de trocas de:7,000000
Makespan: 305,000000
