707|583|687|605|642|422|493|511|481|593|566|607|473|794|521|472|533|453|463|435|379|560|474|499|643|537|445|479|529|544|414|778|630|610|621|534|409|692|683|588|477|590|556|519|428|650|418|652|449|686|655|517|456|685|486|509|511|470|522|578|463|627|575|465|516|674|500|411|676|658|458|483|432|561|499|445|474|523|482|495|560|470|623|532|613|699|405|425|433|467|477|574|551|573|578|482|692|618|448|658|437|393|436|482|476|454|499|531|627|780|721|520|573|467|537|653|493|607|443|451|573|387|415|669|465|623|651|487|635|601|486|595|643|540|586|455|410|508|517|494|400|468|573|433|497|435|461|565|594|483|569|552|737|493|704|799|494|498|582|520|520|489|497|476|491|478|423|665|430|522|455|466|525|478|435|486|578|566|471|537|610|712|396|514|548|472|563|545|512|596|653|584|673|499|473|481|660|441|773|502|581|436|467|487|438|512|492|450|486|651|654|484|544|478|607|647|464|614|467|604|679|635|397|473|508|447|575|470|521|540|610|535|442|858|547|566|466|567|558|501|450|472|589|661|473|544|846|382|510|518
320|320|343|343|341|352|301|365|331|321|343|352|351|311|322|367|321|301|332|369|330|328|347|348|357|336|335|343|337|368|346|366|327|343|340|345|348|357|344|316|354|349|350|324|332|320|341|343|324|362|306|309|313|339|356|303|354|311|372|361|354|304|371|346|321|347|309|341|323|364|342|339|316|357|348|346|327|327|341|323|335|333|359|321|339|355|307|350|364|301|343|317|322|344|336|321|355|346|321|318|359|331|373|344|367|355|302|301|348|321|354|333|343|341|337|322|361|321|337|359|310|357|307|309|346|300|340|337|324|304|319|312|313|317|328|341|329|353|348|315|322|301|340|313|341|339|336|335|336|320|327|346|341|306|351|322|344|301|328|301|354|347|360|322|342|348|348|343|362|313|357|344|326|353|358|335|348|325|357|348|322|313|304|320|327|303|325|345|347|346|350|341|311|351|361|351|336|336|341|331|316|349|341|301|352|306|369|350|337|352|306|343|332|347|345|338|325|320|345|340|320|338|361|316|361|326|336|363|327|300|349|354|360|344|325|337|354|323|348|357|317|314|355|344|328|341|300|340|304|346
Iteração que foi encontrado o Melhor Global: 898
Quantas vezes o Melhor Global foi alterado (Lembrando que a verificação na inicialização acumula nesse contador): 13
Particula Inicial do melhor global:
2,528284|2,291582|2,869513|1,975751|0,956153|2,285553|1,946697|1,621369|1,425457|0,357365|2,781011|2,204059|2,781948|2,704421|0,935317|0,210619|0,804142|0,792235|1,092075|0,485254|1,033162|2,272723|0,100633|0,162393|0,119548|
Particula Final do melhor global:
0,450768|2,815998|1,451352|2,206048|1,918643|2,535976|0,481096|0,311194|0,456881|0,347722|2,835398|1,696498|2,324343|2,224564|0,339135|0,141735|1,452783|1,571176|1,795820|0,910549|1,710651|2,559461|0,556263|1,672532|1,242965|
A melhor solução desse PSO é:
15 7 14 9 0 8 6 22 19 
24 2 16 17 23 11 20 18 4 
3 13 12 5 21 1 10 
Quantidade de trocas de:10,000000
Makespan: 300,000000
