568|605|506|693|499|656|463|493|600|552|456|466|489|447|569|443|612|482|606|521|595|437|493|459|688|504|460|818|666|470|493|497|528|612|509|457|444|514|537|525|547|413|627|585|539|518|623|431|515|492|574|481|420|455|455|628|580|564|549|469|568|588|532|507|542|448|563|515|673|606|485|585|467|519|504|422|536|507|442|620|682|406|514|499|573|522|520|631|452|527|609|691|462|643|485|496|632|399|565|569|555|434|575|476|446|549|436|451|726|753|460|595|466|577|718|579|509|402|526|442|692|633|552|505|594|493|496|497|659|507|559|745|680|484|668|518|492|545|659|539|611|490|458|477|510|524|598|578|448|512|835|428|492|481|417|486|450|515|598|632|500|556|488|424|471|425|546|658|530|427|423|499|438|448|662|669|514|470|445|586|646|415|636|380|563|447|544|406|502|645|441|495|568|584|579|549|644|465|557|443|578|530|586|579|444|694|454|585|604|517|558|568|477|544|416|506|552|557|515|415|421|417|717|637|630|466|560|449|690|594|418|509|516|467|573|719|453|463|472|578|483|411|503|472|476|501|522|492|570|653
310|323|310|366|334|318|311|332|331|342|331|350|356|351|314|353|353|328|334|315|343|328|324|326|310|336|335|329|341|317|333|343|335|342|329|340|352|310|310|351|333|314|331|348|327|325|317|335|358|319|357|331|362|314|342|338|345|334|327|352|332|310|345|310|343|338|310|310|327|348|351|310|352|365|335|344|349|347|350|310|352|339|331|348|315|313|310|358|314|316|363|359|310|357|310|332|334|362|339|334|335|339|344|331|368|340|366|346|331|327|310|349|366|310|345|324|342|353|324|347|326|333|340|345|346|352|329|334|338|344|341|350|343|310|310|324|339|339|326|346|334|361|310|345|341|337|337|321|350|310|325|372|332|346|333|354|316|310|325|324|333|323|343|338|340|347|310|342|325|310|346|349|339|345|352|328|350|346|337|314|325|310|338|350|331|341|310|322|342|342|323|315|346|345|310|314|321|329|365|351|350|335|328|323|341|310|310|310|341|325|317|334|352|332|357|352|347|333|344|342|331|342|310|328|349|351|346|336|356|330|310|329|325|331|319|326|327|366|353|319|341|321|348|322|339|342|310|310|329|329
Iteração que foi encontrado o Melhor Global: 286
Quantas vezes o Melhor Global foi alterado (Lembrando que a verificação na inicialização acumula nesse contador): 13
Particula Inicial do melhor global:
0,915986|2,935174|0,865953|0,036504|0,306242|2,116470|0,340187|1,034148|1,509455|2,047982|1,832928|0,184978|0,249465|2,365348|2,654365|2,089811|2,889683|1,119712|2,969462|2,045721|0,418825|1,224776|2,658615|0,462599|1,070729|
Particula Final do melhor global:
2,460495|0,963511|1,835261|2,570445|0,134381|2,289566|2,236162|2,463971|2,623539|1,837520|0,086301|2,138572|1,093024|1,270410|0,964857|0,737004|0,554840|1,519602|0,563296|0,577705|1,705866|1,571147|2,330426|1,815433|2,368404|
A melhor solução desse PSO é:
10 4 16 18 19 15 1 14 
12 13 17 21 20 23 2 9 
11 6 5 22 24 0 7 3 8 
Quantidade de trocas de:12,000000
Makespan: 310,000000
