281|320|267|298|282|460|291|300|278|397|383|374|306|423|320|348|295|391|257|420|278|262|293|413|272|293|340|349|416|277|361|373|412|449|284|417|314|533|362|283|437|306|323|409|308|398|364|253|255|386|359|349|259|321|260|394|277|358|274|367|402|306|280|291|385|346|308|384|330|333|319|240|377|318|328|293|280|272|464|355|288|280|417|326|357|377|286|402|285|349|306|425|271|411|442|402|282|328|285|351|379|302|241|344|365|311|277|299|291|478|555|390|260|374|374|310|338|269|380|412|456|282|336|367|287|416|359|350|328|266|425|323|412|295|355|322|311|247|319|278|434|389|426|344|306|287|403|587|325|278|260|400|271|304|300|321|329|246|301|382|322|291|419|272|252|244|250|409|350|376|318|263|289|282|266|258|426|275|243|310|267|354|313|258|262|438|406|282|298|317|269|306|301|234|285|304|276|421|360|390|304|322|251|252|405|432|375|345|387|327|301|325|317|421|277|271|355|456|322|240|306|264|263|333|379|285|285|390|373|226|403|482|319|320|265|464|384|310|367|331|410|353|392|247|425|259|400|342|277|326
211|208|209|197|209|205|213|187|207|206|203|207|197|207|192|215|206|183|208|208|210|204|201|195|203|201|198|214|208|200|212|183|201|196|197|208|207|199|219|193|206|200|218|207|208|204|215|183|199|213|196|190|204|215|221|183|205|202|201|200|204|210|202|203|219|211|205|186|202|202|217|183|195|208|203|210|199|196|195|208|208|198|198|184|199|213|201|187|195|206|201|193|210|198|201|217|197|200|204|202|197|204|195|207|210|183|213|204|204|183|186|198|200|202|201|211|194|202|183|210|183|213|213|202|209|210|201|210|212|225|186|201|199|213|203|183|200|215|209|201|197|203|205|203|205|208|199|199|185|211|208|207|208|200|222|205|183|210|204|192|211|197|201|205|212|203|190|195|210|206|201|202|213|216|209|204|202|211|191|197|204|209|208|195|204|201|208|206|213|201|186|202|213|204|207|205|215|210|198|183|186|197|201|205|213|216|202|220|205|202|213|186|210|190|205|199|204|196|210|200|194|205|206|194|208|208|205|190|205|206|197|183|186|195|206|209|200|215|204|201|198|198|186|198|211|197|209|195|210|195
Iteração que foi encontrado o Melhor Global: 498
Quantas vezes o Melhor Global foi alterado (Lembrando que a verificação na inicialização acumula nesse contador): 11
Particula Inicial do melhor global:
3,805734|0,626198|1,424437|0,701396|0,789409|0,277474|1,879539|0,032892|1,153649|2,678208|0,730923|2,422906|1,934693|0,451400|2,918451|1,253705|0,792113|0,663962|2,181765|1,219268|1,378860|0,231249|2,142594|0,238938|0,700170|
Particula Final do melhor global:
3,503212|0,525045|2,647418|3,311701|2,777726|3,708727|1,834957|3,407817|3,105947|2,379017|3,736360|2,516680|0,446023|1,284821|1,976980|1,651681|1,500259|0,851768|0,927708|0,013600|2,468695|0,527245|2,348376|1,195440|1,745848|
A melhor solução desse PSO é:
19 12 1 21 17 18 
23 13 16 15 24 6 14 
22 9 20 11 2 4 
8 3 7 0 5 10 
Quantidade de trocas de:7,000000
Makespan: 183,000000
