1224|1187|1024|1269|968|1050|937|1167|1223|982|948|1398|1323|919|1169|1072|1424|1339|1076|982|1070|929|1200|1348|944|1322|1013|951|1356|1113|1166|1153|1187|1002|1088|1133|1117|1000|856|1098|1378|1086|1290|1017|1271|896|984|1105|1081|878|822|1141|932|1335|912|1189|1212|1088|1431|1096|1077|938|1172|978|1209|1499|1158|1074|1183|1270|1558|893|1355|1091|1081|889|1441|1359|1756|1086|1204|1247|793|1369|962|1137|1326|1159|1025|1064|1009|1251|1371|1052|1106|1109|1008|1075|992|831|1305|1125|1074|1414|965|1256|1300|1175|1553|1368|993|1050|1205|1002|947|956|866|1159|1189|981|1002|1447|984|1263|1148|1252|1222|1170|1097|878|1265|935|1264|912|957|1237|1113|1105|1085|1416|1104|1015|1256|1194|1636|869|1090|936|1036|1340|1526|1197|1269|1147|1095|1252|1233|1231|1164|1163|1235|962|1326|971|1294|902|1040|977|1044|1125|1330|1212|1144|1316|1317|1047|1165|1115|878|1200|1125|1369|1356|1268|1110|1134|1300|1308|1643|1251|1089|1234|1049|1219|1397|1444|1131|1496|1131|1195|1001|1169|1297|1023|1053|1253|1120|1490|1069|1313|1242|922|1452|1061|1122|1236|1168|939|894|1095|1167|1039|1062|1163|1154|1146|882|983|1055|910|1159|1235|1320|1011|1034|1135|1358|1275|820|1468|1215|969|1120|1115|1176|1358|1130|1399|1170|1115
591|661|583|616|591|616|590|647|619|637|587|583|587|587|620|591|619|622|650|627|583|583|625|667|593|618|583|637|617|684|647|593|587|649|687|651|587|583|587|583|658|630|587|621|653|587|583|623|685|684|619|619|626|583|621|587|651|619|616|636|651|651|621|583|583|655|593|634|621|656|620|593|651|649|583|633|677|625|587|657|650|626|587|619|616|641|583|637|591|655|630|687|642|591|625|625|609|651|647|616|673|616|583|590|616|609|583|693|619|631|609|616|622|593|583|667|591|583|636|657|583|612|715|653|587|583|694|645|631|635|616|620|647|674|641|633|619|656|652|693|612|593|620|599|616|612|622|599|587|615|650|616|644|619|616|675|587|656|595|640|619|651|583|642|616|652|659|619|653|619|625|583|657|583|663|583|583|583|629|621|618|647|622|583|583|583|653|636|619|625|619|634|654|654|583|652|649|650|658|660|660|641|661|590|591|583|591|630|583|583|609|599|616|583|684|653|629|583|588|616|583|583|616|619|583|665|641|650|609|583|620|630|626|654|590|583|610|604|583|588|641|657|635|658|656|666|647|588|619|583
Iteração que foi encontrado o Melhor Global: 446
Quantas vezes o Melhor Global foi alterado (Lembrando que a verificação na inicialização acumula nesse contador): 14
Particula Inicial do melhor global:
0,298554|1,719990|0,270719|1,841061|0,146968|1,821027|0,560132|1,139773|0,856550|1,979733|1,407901|0,719546|0,283967|1,797424|0,395685|0,130942|0,623608|0,936808|1,638466|0,643873|1,043474|0,058042|1,309170|1,345734|0,652420|
Particula Final do melhor global:
1,670026|1,820983|1,520353|1,153039|1,074381|0,769840|0,852481|0,728363|0,607855|1,632858|0,583207|0,866982|0,798164|0,189590|1,868731|1,605753|0,000946|0,625307|1,840864|1,063734|0,117929|1,792663|0,577198|1,045833|1,115825|
A melhor solução desse PSO é:
16 20 13 22 10 8 17 7 5 12 6 11 
23 19 4 24 3 2 15 9 0 21 1 18 14 
Quantidade de trocas de:4,000000
Makespan: 583,000000
