380|443|635|470|561|394|487|538|327|605|599|398|617|817|1217|559|439|521|394|545|487|347|470|693|459|508|765|704|574|548|496|449|635|575|469|808|487|516|695|400|394|586|500|592|638|747|458|487|461|871|612|560|481|848|571|677|602|499|528|627|698|901|513|393|756|504|582|605|795|1009|402|794|633|501|588|864|460|769|596|737|700|614|565|567|471|451|650|555|754|494|472|606|627|450|672|542|747|579|497|675|416|557|727|713|668|758|605|702|725|591|740|534|500|500|582|668|944|454|702|647|705|754|698|647|591|745|792|443|721|552|537|626|526|629|957|606|810|584|436|480|580|554|928|687|633|760|659|551|643|853|635|581|653|759|841|444|561|640|603|736|682|549|710|648|632|683|652|404|609|1091|549|573|422|670|614|912|696|659|583|635|641|744|850|433|563|636|488|511|485|408|935|569|482|685|951|773|471|501|473|779|495|554|1570|705|742|572|718|616|485|868|450|540|511|573|380|514|513|691|572|516|1212|481|479|467|446|390|815|499|554|840|1011|953|466|693|1105|725|774|713|434|588|1019|951|487|535|642|853|489|654|527|662
309|261|207|263|301|267|253|234|279|285|219|314|289|293|224|298|303|235|209|198|310|297|283|297|213|284|294|303|290|256|228|222|236|252|213|259|251|230|277|345|273|287|240|213|258|237|249|296|193|280|218|262|256|251|265|219|258|293|248|246|193|222|264|229|217|219|214|264|278|227|208|230|251|195|285|231|275|258|263|193|278|288|196|266|319|285|234|206|247|223|272|273|211|209|230|245|235|230|207|193|294|240|266|211|308|295|205|263|195|193|195|239|283|227|299|263|193|221|280|260|267|193|277|276|267|208|251|219|248|285|207|248|193|209|234|276|216|268|264|193|214|257|214|249|239|193|206|244|231|259|225|195|255|251|264|266|261|195|193|193|246|226|225|207|275|238|196|253|198|264|227|290|207|230|290|205|251|201|227|265|261|219|267|225|295|231|225|221|243|266|195|199|290|266|245|244|240|257|246|254|293|197|267|279|195|196|193|193|224|251|289|252|211|285|267|277|248|240|267|244|213|248|193|207|193|193|260|245|256|269|229|279|209|237|235|239|209|214|193|257|228|244|197|297|193|258|303|226|253|224
Iteração que foi encontrado o Melhor Global: 403
Quantas vezes o Melhor Global foi alterado (Lembrando que a verificação na inicialização acumula nesse contador): 12
Particula Inicial do melhor global:
0,276085|2,985569|2,274523|1,147423|1,375563|1,974925|2,083390|0,776144|0,724651|1,978514|1,933495|3,380955|2,914563|1,735177|0,119780|1,065259|0,602359|3,365672|1,420073|2,874951|2,304886|1,697504|3,106988|1,609881|3,022725|
Particula Final do melhor global:
2,792553|1,419056|1,983902|3,642255|0,470215|0,778375|1,383936|0,826430|0,404085|0,639986|2,521924|1,600240|2,140359|1,905837|0,705655|1,782292|3,765369|3,101909|1,221588|2,834981|3,146133|2,128695|2,726960|1,146585|3,541067|
A melhor solução desse PSO é:
8 4 9 14 5 7 
23 18 6 1 11 15 13 2 
21 12 10 22 0 19 
17 20 24 3 16 
Quantidade de trocas de:1,000000
Makespan: 193,000000
