264|319|324|366|283|285|312|286|292|344|299|321|411|459|309|316|326|379|460|266|291|588|363|360|281|293|452|257|444|416|299|391|436|314|336|446|328|384|340|299|348|471|358|472|287|417|379|319|625|248|297|361|270|262|369|563|358|432|356|242|404|391|400|484|310|431|328|316|323|337|345|320|372|316|464|308|373|388|235|347|380|397|294|327|299|355|325|329|525|350|268|321|347|396|225|357|311|335|350|312|285|369|278|398|306|473|399|308|396|378|371|324|314|499|296|319|389|288|468|334|329|324|328|458|247|383|266|311|381|328|287|345|362|421|281|343|310|303|402|289|334|448|274|407|242|288|370|314|376|267|295|430|285|268|327|352|507|343|421|523|396|370|440|294|441|341|290|348|237|349|366|342|343|470|338|400|420|281|318|280|365|313|362|297|443|482|329|275|361|288|310|355|398|271|320|377|350|326|392|385|296|407|341|434|400|280|542|377|379|425|317|267|386|394|362|422|283|358|256|410|330|251|281|460|328|285|308|387|269|231|331|400|444|333|435|429|366|496|325|389|289|486|393|265|290|354|297|366|277|310
225|200|199|218|198|210|203|174|210|210|203|207|221|209|208|217|204|204|205|214|203|194|211|211|205|205|200|191|202|206|210|197|187|213|218|209|202|199|212|192|178|210|203|213|207|201|212|207|215|209|202|204|211|213|193|185|208|218|208|209|192|205|221|217|217|192|192|210|219|194|191|214|217|195|219|211|201|215|199|217|195|191|220|212|217|190|198|224|216|204|218|210|192|196|219|214|211|213|200|211|196|212|209|217|206|200|223|206|191|208|205|199|211|218|201|212|209|204|202|198|200|195|200|201|221|213|184|222|198|213|206|213|202|221|211|202|206|192|178|212|205|210|206|209|209|220|207|195|207|219|216|188|207|200|209|201|189|198|219|191|209|209|211|195|188|218|213|223|208|214|193|210|206|220|197|210|210|212|223|208|212|198|204|198|217|198|200|222|208|212|204|210|213|222|196|196|197|206|211|216|178|211|196|189|212|194|214|193|211|205|213|207|200|201|219|202|207|213|190|210|188|211|220|201|202|219|192|198|203|202|212|213|206|216|209|198|222|199|194|205|197|218|205|215|216|202|203|225|190|192
Iteração que foi encontrado o Melhor Global: 874
Quantas vezes o Melhor Global foi alterado (Lembrando que a verificação na inicialização acumula nesse contador): 13
Particula Inicial do melhor global:
1,647406|0,356653|1,719130|0,774086|1,974713|1,585617|2,905991|0,804318|0,197291|2,235597|2,029085|2,204281|0,004884|1,548499|0,146860|0,823510|1,132589|0,969282|2,131079|2,441574|3,857358|2,668785|3,457377|3,988134|3,454918|
Particula Final do melhor global:
3,586390|0,349600|1,887463|0,335582|1,239658|3,389302|3,112124|2,073445|1,059853|3,215723|2,217564|0,997979|2,446522|0,535977|2,220715|1,318764|2,286868|2,514441|2,479053|3,006892|0,067369|3,084332|3,509106|0,337533|1,357249|
A melhor solução desse PSO é:
20 3 23 1 13 11 
8 4 15 24 2 
7 10 14 16 12 18 17 
19 21 6 9 5 22 0 
Quantidade de trocas de:0,000000
Makespan: 174,000000
