605|534|431|440|501|719|528|539|851|585|493|558|962|704|558|536|465|727|597|627|521|538|447|512|496|486|508|527|1062|501|646|391|458|738|439|571|692|619|505|784|598|476|742|681|479|547|552|738|604|648|931|469|795|518|516|467|817|595|445|453|512|411|457|750|623|621|597|563|397|490|603|597|709|742|852|365|749|744|410|548|697|582|482|861|765|613|479|574|750|462|631|613|473|534|785|601|518|764|849|495|983|646|796|650|780|719|511|573|1103|532|684|373|679|382|552|681|440|535|618|498|687|560|679|586|645|729|812|533|733|971|1069|850|368|743|432|620|579|479|709|803|403|403|638|486|617|818|534|757|575|460|544|537|754|878|670|777|485|636|1154|683|597|802|842|521|639|583|763|555|605|427|540|636|443|601|570|657|536|435|884|958|623|550|487|662|877|333|487|551|595|924|958|565|705|506|685|517|523|696|507|459|525|469|564|491|459|471|515|494|903|501|617|721|459|824|457|616|722|594|741|634|810|958|848|583|729|617|508|477|419|373|524|418|652|570|567|511|665|438|501|696|534|526|485|502|626|450|516|475|496|417
203|267|330|247|213|213|245|203|268|175|175|203|229|231|203|274|289|202|279|251|224|213|203|203|225|237|228|236|280|234|206|277|264|268|208|235|235|243|265|203|203|288|203|231|252|234|203|299|301|281|180|264|234|273|265|227|239|289|250|260|292|275|198|198|276|175|203|203|191|228|175|243|198|267|235|292|313|296|177|281|258|213|253|175|262|231|268|266|213|243|263|199|226|254|299|266|175|275|227|175|299|301|261|226|258|175|307|234|274|251|299|240|256|286|300|222|257|243|244|286|237|229|225|188|279|203|283|213|250|249|269|213|258|248|203|198|299|215|258|226|306|175|286|298|310|229|203|184|285|249|274|315|234|304|249|213|278|290|188|258|212|323|265|289|198|206|203|244|234|213|203|203|248|292|279|223|227|323|246|175|287|232|175|280|235|251|261|196|227|290|258|177|261|188|309|277|225|240|199|267|228|258|253|175|267|175|242|242|198|309|209|175|229|229|246|175|213|203|264|278|203|261|203|242|190|175|217|210|264|225|273|286|299|248|243|234|213|255|213|240|211|242|232|299|204|203|278|226|255|258
Iteração que foi encontrado o Melhor Global: 475
Quantas vezes o Melhor Global foi alterado (Lembrando que a verificação na inicialização acumula nesse contador): 10
Particula Inicial do melhor global:
0,188600|2,370938|0,364704|0,405147|0,139450|1,900889|3,787685|1,061556|3,369754|1,401222|3,298545|3,217021|3,985450|0,167998|1,639243|1,290745|2,392617|2,005481|0,922498|0,286172|2,530531|0,576264|3,162610|2,092338|3,993747|
Particula Final do melhor global:
1,592062|1,411598|3,367427|3,735364|2,348915|0,897757|1,955197|0,342343|2,863437|2,376171|3,263812|1,237341|2,846718|1,330187|0,895475|0,758756|2,443662|0,538178|1,015162|0,884409|3,716712|2,203463|1,433651|3,365488|0,829275|
A melhor solução desse PSO é:
7 17 15 24 19 14 5 
18 11 13 1 22 0 6 
21 4 9 16 12 8 
10 23 2 20 3 
Quantidade de trocas de:0,000000
Makespan: 175,000000
