1505|1368|1471|1662|1413|1546|1366|1706|1379|1946|1491|1833|1497|1785|1741|2016|1659|1523|1597|1585|1466|1415|1677|1392|1457|2181|2035|1420|1449|1555|2012|1794|1641|1395|1379|1815|1631|1528|1841|1289|1853|1382|1276|1555|1381|1643|1982|1577|1484|1665|2230|1802|2380|1543|1583|1568|1215|1542|1268|2102|1381|1569|1894|2071|1460|1564|1761|1471|1817|1743|1513|1333|1401|1445|1977|1639|1759|2085|1417|1682|1356|1407|1374|1637|2469|1794|1557|1441|2039|1590|1477|1563|1720|1375|1253|1735|1536|1628|1521|1668|1273|1412|1916|1642|1502|1287|1953|1534|2141|1893|1331|1793|1225|1649|1467|1569|1471|1424|1537|1677|1754|1516|1813|1339|1632|1502|1605|1433|1362|1908|1458|1679|1736|1349|1709|1891|1508|2456|2407|1541|1479|1530|1708|1856|2195|1491|1659|1668|1297|1717|1402|1513|2299|1397|1571|1503|1462|1402|1570|1331|1786|1537|1348|1377|1360|1621|1901|2375|1468|1739|1743|1527|1401|2031|2099|1490|2167|1735|1477|1969|1531|1447|1435|1731|1880|2374|1654|1516|1672|2107|1496|1360|1665|1701|1556|1401|1653|1637|1448|1498|1674|1332|1411|2099|1988|1551|1792|1728|1409|1573|1913|1570|2005|1579|1712|1452|2227|1326|1284|1603|1667|1316|1497|1502|2497|1561|1531|1748|1483|1663|1496|1636|1852|1785|1374|1894|1278|1837|1460|1551|1783|1461|1623|1561|1594|1423|1864|1456|1394|1347
848|835|960|989|835|919|899|848|902|835|835|835|835|835|915|835|835|835|835|835|835|835|835|835|971|835|835|835|995|1038|835|835|835|948|893|899|944|891|835|835|835|835|970|835|848|852|835|835|835|1033|835|835|852|835|835|930|893|835|835|835|1003|835|969|835|899|835|850|947|835|978|982|1006|1128|835|835|835|909|835|914|835|835|906|835|835|835|835|1025|848|835|835|902|835|902|835|835|835|852|835|835|902|972|835|852|835|835|965|930|835|835|835|835|835|956|835|835|852|835|945|835|835|835|835|835|922|936|835|915|835|980|915|893|835|986|835|835|902|883|835|835|974|893|835|979|852|835|852|852|835|835|835|848|835|1040|852|835|945|945|835|984|835|835|852|835|835|835|852|835|835|835|835|835|835|835|1029|835|835|835|835|835|835|835|835|835|835|902|835|835|835|903|947|1073|998|835|835|945|966|835|992|1068|835|835|835|835|1047|835|852|835|835|835|951|993|835|835|899|835|902|835|835|894|835|835|902|835|902|835|922|835|835|835|835|835|902|902|835|835|835|835|835|835|835|835|939|835|1023|835|989|835|893|835|835
Iteração que foi encontrado o Melhor Global: 30
Quantas vezes o Melhor Global foi alterado (Lembrando que a verificação na inicialização acumula nesse contador): 11
Particula Inicial do melhor global:
1,723997|1,688830|1,530174|1,027861|1,197112|0,261094|0,170950|1,924352|1,088220|1,795968|1,758198|1,624568|0,941827|1,788111|0,824672|1,123831|1,852660|1,903679|0,311603|0,880221|0,856051|1,728317|1,496059|1,073364|1,619871|
Particula Final do melhor global:
1,079502|0,591471|1,929996|0,686012|1,572327|0,894843|0,648281|0,662839|0,660569|1,409355|1,339759|1,144176|1,386149|0,425377|0,502593|0,141073|1,598949|1,753064|1,016549|0,178162|1,465898|0,951536|0,324663|1,786086|1,699116|
A melhor solução desse PSO é:
15 19 22 13 14 1 6 8 7 3 5 21 
18 0 11 10 12 9 20 4 16 24 17 23 2 
Quantidade de trocas de:12,000000
Makespan: 835,000000
