635|899|574|691|992|645|577|620|434|711|579|1267|676|829|545|1334|748|460|614|909|656|571|921|842|613|604|502|871|844|736|760|762|611|1097|773|546|744|450|692|709|685|633|953|817|776|867|598|850|889|542|1151|734|710|689|916|520|775|1118|645|499|571|874|926|751|802|561|507|606|476|685|1219|756|505|515|559|752|771|532|653|624|680|907|674|712|654|701|637|652|597|621|776|644|716|654|694|642|579|1048|716|619|804|586|858|681|1091|741|607|587|776|630|658|741|737|750|732|781|568|671|765|803|576|628|749|1287|580|727|552|554|994|983|980|792|599|788|845|506|1005|722|515|695|510|553|719|953|743|585|649|620|887|648|548|709|627|649|419|731|1088|655|629|719|604|837|876|675|805|646|594|724|794|1047|551|615|684|661|447|1272|901|579|645|983|738|706|531|610|826|1138|819|813|723|830|961|973|513|979|841|671|912|826|716|648|713|746|515|788|923|1008|747|780|770|597|613|770|815|674|642|695|1114|930|790|504|778|883|904|494|685|583|811|529|1022|919|597|535|881|577|508|516|715|719|927|513|899|963|624|717|1101|978|753|707|520|634
319|291|378|348|383|358|305|340|301|291|360|243|344|350|238|238|285|238|357|351|238|256|349|345|290|238|339|355|343|370|408|387|368|338|256|329|294|356|397|347|367|238|238|322|378|333|353|333|374|343|320|238|296|224|340|356|269|394|315|295|338|366|238|333|398|305|291|326|367|298|224|334|362|367|353|387|238|272|343|361|314|224|337|356|340|368|363|333|224|340|307|238|273|352|403|238|387|367|369|361|355|288|238|291|278|393|279|365|387|389|278|374|325|310|356|328|329|238|324|302|279|279|360|302|353|338|299|358|396|369|381|371|332|305|343|323|284|406|314|332|238|342|238|393|360|352|339|360|224|329|291|309|322|322|326|354|341|271|386|372|346|359|350|288|360|362|238|266|238|351|362|404|279|304|346|410|367|305|279|316|355|387|284|312|323|238|278|303|316|369|238|352|397|238|224|326|308|332|362|323|269|280|298|238|238|359|366|282|336|306|310|278|340|342|238|294|312|368|354|238|351|320|323|238|242|354|402|367|321|402|381|292|335|351|325|279|382|305|354|351|279|369|342|375|283|379|359|365|381|374
Iteração que foi encontrado o Melhor Global: 642
Quantas vezes o Melhor Global foi alterado (Lembrando que a verificação na inicialização acumula nesse contador): 14
Particula Inicial do melhor global:
2,005805|1,061297|1,727665|0,281054|0,778659|1,464602|1,254483|0,091700|2,346303|2,313159|0,649504|2,104158|0,756765|2,513489|2,459073|3,424687|3,205794|1,686054|2,035975|1,841818|1,532670|1,393906|2,964969|2,295023|2,265248|
Particula Final do melhor global:
3,081350|0,907083|2,912069|2,478109|1,773365|2,472456|0,779461|3,528287|0,811220|3,733423|2,514324|1,741156|3,114923|0,723692|3,182476|0,001937|1,889879|3,060048|2,496510|2,917262|1,908358|3,363002|2,932816|1,844272|0,883116|
A melhor solução desse PSO é:
15 13 6 8 24 1 
11 4 23 16 20 
5 3 18 10 2 19 22 
17 0 12 14 21 7 9 
Quantidade de trocas de:2,000000
Makespan: 224,000000
