647|732|689|867|924|644|770|644|565|920|866|668|837|790|757|444|469|1231|1037|680|639|639|720|684|928|775|777|376|616|624|693|586|787|679|875|390|633|704|606|701|557|786|612|552|1156|681|376|758|693|596|599|948|490|621|830|905|640|869|585|795|849|697|686|559|590|864|757|619|682|824|579|613|738|1217|697|694|671|606|684|602|756|761|802|709|552|704|619|709|1044|795|544|608|533|708|887|928|966|957|1026|631|806|1106|575|755|942|660|616|844|944|621|386|681|624|881|570|1122|976|840|463|982|684|633|625|793|903|646|547|667|496|802|655|1117|875|732|533|793|603|484|616|557|777|617|681|497|679|767|832|748|619|673|739|656|865|690|552|789|876|522|485|736|519|786|681|779|608|712|564|790|892|851|709|580|950|1025|917|610|1019|628|701|661|936|599|847|729|585|697|627|776|1234|721|561|1098|423|1077|819|647|611|581|694|825|630|849|967|974|474|520|588|488|527|664|503|641|670|924|862|714|779|668|733|715|661|544|681|415|701|792|766|749|653|950|832|612|393|914|832|502|602|788|919|656|516|655|718|602|595|531|920|653|780|522
351|198|193|310|193|365|354|301|224|265|283|224|219|193|193|291|368|354|193|352|284|337|193|222|193|193|193|376|278|395|238|279|193|257|193|193|223|193|193|372|297|258|383|193|359|262|369|194|379|193|264|265|224|274|193|193|193|193|228|193|225|309|265|220|276|193|251|193|193|278|242|225|321|266|193|193|320|193|265|264|265|193|193|193|193|193|193|265|193|265|308|224|275|327|272|219|343|283|193|221|193|193|252|320|268|193|263|194|193|299|291|289|193|194|198|327|193|291|193|278|264|279|193|299|219|193|193|279|193|382|193|283|193|243|344|354|240|265|193|320|274|353|193|219|276|193|348|193|193|261|347|322|304|193|219|193|342|297|334|219|328|193|193|313|224|381|276|193|195|264|419|217|265|285|193|261|325|264|328|275|193|314|247|193|193|193|219|261|261|334|251|322|193|264|194|265|193|298|284|323|317|273|277|193|347|224|224|193|193|276|257|193|301|234|193|303|257|264|297|194|265|249|282|219|331|279|322|193|291|257|193|251|246|335|227|304|285|219|257|193|193|335|193|307|194|219|272|259|193|269
Iteração que foi encontrado o Melhor Global: 286
Quantas vezes o Melhor Global foi alterado (Lembrando que a verificação na inicialização acumula nesse contador): 13
Particula Inicial do melhor global:
0,324461|2,708980|0,623273|0,852745|1,155839|1,738530|1,030362|1,100694|0,371741|2,044641|1,573197|2,376002|1,602662|0,575008|2,431808|0,999658|0,869463|1,167877|1,805916|0,430518|0,042162|0,640258|0,287834|2,041925|0,692552|
Particula Final do melhor global:
2,425497|1,795923|0,062528|1,941707|2,372064|1,257150|0,303960|2,031502|2,767845|0,744276|0,498366|1,900928|0,627540|1,025491|1,295951|2,317225|2,127027|2,522545|0,373574|0,734114|1,458077|0,389996|0,619091|1,655540|2,839427|
A melhor solução desse PSO é:
2 6 18 21 10 22 12 19 9 
13 5 14 20 23 1 11 3 
7 16 15 4 0 17 8 24 
Quantidade de trocas de:0,000000
Makespan: 193,000000
