601|926|679|530|596|580|497|639|679|453|473|650|843|712|828|476|768|702|929|471|641|636|618|674|722|684|758|598|787|698|913|745|924|616|811|966|831|689|614|699|556|891|665|646|661|678|478|732|612|674|509|849|638|660|731|743|663|701|467|800|455|760|474|935|553|649|778|777|637|480|608|524|688|956|509|558|799|801|941|885|626|907|983|691|665|510|519|491|724|753|642|746|690|804|566|726|552|563|680|518|770|435|520|549|506|949|516|627|592|691|675|820|827|679|714|722|515|771|445|940|735|724|611|846|1022|857|772|617|999|454|749|1132|585|533|709|859|556|765|504|724|580|583|785|535|774|608|542|666|584|887|397|580|819|1124|816|597|635|669|459|551|942|694|636|721|702|514|727|573|729|603|822|592|1153|722|731|573|571|574|886|773|519|701|806|442|610|549|882|1033|538|735|572|604|710|571|1041|537|634|853|469|566|591|751|839|623|804|914|509|666|512|464|483|738|611|1083|456|748|979|661|642|619|565|891|592|942|1127|622|484|825|487|796|536|895|744|600|569|876|691|611|547|516|754|785|684|1112|643|932|802|843|930|712
286|294|239|254|284|352|267|227|270|267|221|250|308|243|311|264|251|350|324|285|200|379|260|325|230|235|349|296|221|257|193|282|322|221|301|277|241|323|274|322|257|304|274|230|230|250|274|265|284|282|301|286|267|304|297|274|324|290|260|380|304|241|219|336|329|361|193|222|319|328|390|297|236|310|365|237|302|321|279|328|245|274|269|326|273|303|235|326|351|274|236|407|236|234|286|277|282|261|236|306|257|248|310|305|240|193|236|266|384|347|341|265|304|234|289|244|264|284|219|271|290|235|257|321|234|269|282|236|290|270|313|266|302|297|303|283|225|304|221|273|283|234|342|230|379|222|325|303|365|281|290|229|283|303|287|334|285|274|285|240|314|234|313|193|245|319|311|369|236|243|259|193|264|315|298|235|259|279|227|242|394|234|263|364|363|233|268|327|346|342|337|333|234|274|227|318|341|219|329|301|291|274|293|310|307|283|283|354|236|324|228|200|227|281|306|250|227|282|274|290|341|236|294|250|277|193|331|344|341|235|260|364|235|301|230|326|236|288|306|365|274|274|328|193|325|298|262|254|273|347
Iteração que foi encontrado o Melhor Global: 791
Quantas vezes o Melhor Global foi alterado (Lembrando que a verificação na inicialização acumula nesse contador): 21
Particula Inicial do melhor global:
2,161359|1,754291|1,079885|2,213204|2,472672|2,711981|0,522932|0,638308|0,408652|2,162566|2,664017|2,076192|0,697285|1,812676|1,558568|0,187019|1,169716|0,041182|0,744362|1,056950|1,149999|0,665274|2,475137|2,799774|2,913232|
Particula Final do melhor global:
2,541408|1,598110|2,034663|1,755847|2,752218|1,465160|2,073514|2,714107|2,265170|0,073910|0,918396|1,328237|0,627600|1,352537|1,415860|0,170179|2,632276|2,379274|0,168615|0,853100|1,606740|2,428093|0,818231|1,190480|2,261570|
A melhor solução desse PSO é:
9 18 15 12 22 19 10 
23 11 13 14 5 1 20 3 
2 6 24 8 17 21 0 16 7 4 
Quantidade de trocas de:0,000000
Makespan: 193,000000
