1259|1201|877|851|959|1040|1200|924|754|1296|896|954|1039|812|1388|852|889|1084|920|799|1098|1024|1012|987|851|719|865|835|939|928|867|1061|940|743|975|1281|935|1127|1030|1078|933|937|626|786|770|1162|1062|842|1159|1424|1330|877|1136|1009|1014|670|1191|813|957|885|1026|1209|874|850|892|800|1102|970|1014|651|988|1265|1033|907|823|763|653|838|1055|696|704|853|824|691|1188|986|833|947|1012|1018|1125|842|1060|988|850|824|842|1208|734|1314|922|1120|785|1048|736|992|893|948|1182|644|991|709|1502|859|909|899|891|1425|697|926|997|1187|1128|800|907|1021|962|1196|974|970|1169|1136|803|1073|949|954|904|952|907|950|1009|770|738|933|592|1496|1199|877|1078|966|998|1482|759|904|661|1113|888|928|878|770|670|649|814|1430|1325|655|957|873|900|1148|1256|729|708|904|895|1056|1010|868|1176|842|974|1081|774|1300|1089|799|951|780|1178|972|981|940|778|889|875|998|864|1264|920|798|741|851|847|1195|1072|642|773|1514|926|1096|1190|1456|812|896|927|782|828|709|852|1005|998|758|809|1186|1007|887|1120|674|1397|649|755|1035|1233|1101|1339|783|826|906|903|966|807|1535|1209|945|1126|1256|858|1042|899|1017
498|460|547|540|430|385|520|498|430|523|537|396|497|433|548|552|431|594|469|441|385|418|385|385|512|458|509|516|455|520|471|434|526|515|470|385|525|451|408|526|491|471|472|427|528|430|385|481|446|428|490|433|451|496|408|430|510|503|512|410|385|482|513|486|518|458|523|490|410|520|533|447|477|463|472|521|495|531|543|478|385|478|533|487|441|534|492|411|545|385|450|561|441|442|495|542|444|385|385|460|485|473|472|539|462|539|436|465|416|518|573|497|556|545|535|476|507|534|491|556|496|552|495|542|505|382|468|467|441|495|516|485|523|385|517|547|412|427|385|445|522|471|491|547|504|491|484|483|503|477|514|471|452|476|524|385|453|487|396|385|502|573|536|485|436|385|516|514|491|393|474|463|494|420|484|589|382|494|544|518|465|542|537|502|489|427|458|470|511|385|385|385|385|443|526|520|464|406|513|492|514|413|513|478|422|541|503|480|522|480|497|385|501|430|450|548|490|463|385|485|498|496|529|482|498|442|555|523|452|385|490|430|514|528|543|530|456|504|450|385|448|464|382|382|443|453|435|435|476|472
Iteração que foi encontrado o Melhor Global: 539
Quantas vezes o Melhor Global foi alterado (Lembrando que a verificação na inicialização acumula nesse contador): 20
Particula Inicial do melhor global:
1,900817|0,094951|2,467216|0,473699|2,735595|0,775397|0,526590|1,145590|2,268843|2,836791|0,138040|0,075206|2,734176|0,289445|0,689957|0,340212|1,114943|0,957812|1,651752|1,433284|0,568961|2,132855|1,336984|0,856645|2,720695|
Particula Final do melhor global:
0,740116|1,359580|2,254498|2,270280|0,303105|2,824840|1,162028|0,943430|0,810474|0,728695|2,003339|0,013282|2,542382|1,164470|1,784390|1,143373|0,064303|1,915684|2,318837|0,537263|1,505282|2,283847|0,983086|2,175372|2,776448|
A melhor solução desse PSO é:
11 16 4 19 9 0 8 7 22 
15 6 13 1 20 14 17 
10 23 2 3 21 18 12 24 5 
Quantidade de trocas de:6,000000
Makespan: 382,000000
