797|782|327|759|542|479|444|595|342|393|433|440|570|445|785|473|321|365|394|402|290|469|405|531|737|489|581|483|484|421|409|638|384|416|528|689|399|533|612|556|519|528|291|333|432|514|483|532|367|425|831|338|580|403|369|412|488|555|549|645|590|420|432|484|541|453|427|482|403|414|464|540|297|491|599|603|558|757|597|661|432|343|463|685|570|329|408|265|534|516|456|545|475|358|484|573|411|330|500|447|488|637|563|462|542|446|353|648|406|564|464|558|515|491|423|522|557|464|584|367|657|478|341|425|473|492|338|524|469|467|319|488|441|595|548|460|425|561|381|597|479|411|556|539|483|836|479|401|441|334|426|512|517|570|508|558|477|430|604|809|598|416|374|390|448|434|927|358|601|577|680|511|342|508|648|679|414|456|426|705|374|556|312|479|438|451|546|369|661|406|487|394|469|505|472|481|465|896|555|441|686|802|562|438|415|506|616|343|378|395|350|376|463|510|633|506|588|642|531|592|645|735|534|589|345|793|391|369|758|498|417|449|322|518|454|408|487|537|410|464|432|603|484|493|597|387|424|452|363|482
162|176|206|155|154|168|192|199|154|193|219|162|171|154|190|196|202|203|162|191|235|171|214|235|198|224|194|182|160|209|159|190|248|178|166|185|223|199|195|219|200|161|183|220|186|185|225|165|171|189|173|200|223|213|250|200|189|177|181|208|213|154|219|181|154|214|212|182|205|188|198|204|185|188|208|241|185|193|154|161|197|228|191|154|219|188|156|220|187|171|220|154|212|196|170|204|180|208|187|211|172|228|193|191|235|177|204|154|174|209|185|203|171|199|182|171|182|154|219|205|154|155|222|190|159|180|211|168|183|193|228|223|154|210|215|183|197|196|218|168|241|177|225|154|204|188|204|169|180|154|212|197|173|174|190|168|207|177|161|222|217|220|211|193|156|202|187|158|185|185|173|205|206|197|227|186|157|176|166|154|154|209|157|176|154|209|203|209|223|207|154|172|194|206|229|163|194|186|193|183|154|203|185|171|216|197|154|216|193|192|154|198|160|208|154|174|174|184|226|157|154|216|223|176|172|192|192|159|202|202|190|183|247|230|208|168|205|189|170|216|174|154|206|153|219|172|206|154|193|247
Iteração que foi encontrado o Melhor Global: 992
Quantas vezes o Melhor Global foi alterado (Lembrando que a verificação na inicialização acumula nesse contador): 14
Particula Inicial do melhor global:
2,079194|1,769594|3,790476|0,033576|1,058070|0,716770|1,207285|0,978960|0,634417|1,676109|3,420325|0,014347|1,317643|1,930595|1,194653|3,318836|2,354985|0,831429|3,619507|3,246186|1,460756|2,176468|0,326630|0,158587|1,980551|
Particula Final do melhor global:
0,924826|3,321742|1,673902|2,321856|2,373115|0,941740|1,560324|3,073679|2,027909|1,417797|3,132999|0,425748|3,395085|0,745735|1,513081|2,487341|3,487336|2,100749|0,330574|2,469349|1,906039|3,432368|3,022165|2,738165|1,502639|
A melhor solução desse PSO é:
18 11 13 0 5 
9 24 14 6 2 20 
8 17 3 4 19 15 23 
22 7 10 1 12 21 16 
Quantidade de trocas de:0,000000
Makespan: 153,000000
