1936|1393|1638|1385|1323|1195|1965|1825|1674|1270|1479|1218|1051|1617|1645|1168|1542|1014|1493|1670|1471|2005|1182|1343|1181|1181|1400|1536|1370|1184|1148|1757|1470|1097|1709|1571|1454|1181|1489|1148|1124|1397|1592|1365|1164|1134|1409|1523|1606|1622|974|1206|1018|1382|1395|1479|1171|1194|1188|1330|1366|1649|1060|1282|1525|896|1195|961|1503|1291|1446|1122|1391|1198|1222|1110|1487|1396|1314|1354|1208|1754|1811|1173|1791|1132|1672|1358|1195|1167|1131|1075|1575|1430|1276|1411|1322|1528|1761|1195|1212|1367|1096|1406|1282|1188|1297|1409|1781|1446|1367|1362|1598|1327|1465|1682|1260|1202|1573|1955|1787|1381|1553|1284|1175|1081|1151|1183|1320|1228|1644|1311|1813|1263|1824|1049|1388|1541|1282|1485|1167|1542|1481|1255|1624|1505|1182|1117|1462|1462|1143|1615|1038|1133|1435|1164|1065|1367|1894|1149|1441|1694|1591|1084|1174|1741|1468|1616|1034|1110|1150|1220|1672|1383|1820|1642|1145|1693|1669|1017|1113|1257|1337|1045|1347|1384|1218|1274|1192|1295|1561|1270|1433|1180|1324|1480|1553|1620|1623|1764|1317|1187|1456|1588|1241|1713|1325|1533|1393|1197|1234|1177|1132|1433|1571|1195|1176|1454|1059|1703|1174|1400|1181|1546|1448|1260|1167|1294|1238|1185|1155|1368|1132|1074|1160|1068|1192|1187|1160|1524|1139|1119|1392|1110|1189|1972|1279|1212|1155|1237
648|648|703|770|682|648|648|648|716|648|648|648|648|649|658|702|648|792|648|790|796|648|648|648|648|699|648|648|648|648|710|786|648|648|648|692|648|648|648|648|751|648|648|648|648|648|707|886|648|692|832|648|694|648|648|648|648|802|722|804|648|692|735|648|648|725|648|648|707|648|777|648|692|648|648|754|648|648|648|648|766|653|788|648|745|720|648|648|793|648|648|696|648|705|685|718|648|788|759|763|648|648|648|648|648|706|648|648|718|648|780|716|648|648|723|648|650|648|648|648|648|778|648|648|648|692|648|648|787|648|829|768|723|648|648|648|648|648|648|648|685|648|703|648|648|648|648|753|692|786|648|648|648|648|648|648|773|751|648|772|648|765|648|648|658|753|786|648|690|706|667|648|710|648|648|648|648|648|742|648|775|648|794|760|648|648|648|648|648|648|648|648|774|785|648|692|648|648|710|648|798|743|648|648|774|648|648|791|648|648|648|648|648|648|705|716|648|648|648|788|693|807|648|658|692|648|648|648|648|800|648|648|648|657|702|727|648|648|648|648|759|658|820|648|648|648|648|735|818|648
Iteração que foi encontrado o Melhor Global: 17
Quantas vezes o Melhor Global foi alterado (Lembrando que a verificação na inicialização acumula nesse contador): 6
Particula Inicial do melhor global:
0,094196|0,309476|0,208894|0,780807|0,479665|0,913075|1,881116|0,530935|0,886926|1,721814|1,909019|1,269230|0,188545|1,879716|1,181255|1,518570|0,134047|0,094911|0,151532|1,326449|1,000544|1,860647|0,985710|0,252144|1,243593|
Particula Final do melhor global:
1,176183|0,940723|1,234362|0,794467|0,554070|1,744185|1,696688|0,545813|0,605868|1,230305|1,685796|1,305523|1,638558|0,403726|1,641909|0,145824|0,542489|1,815791|1,848439|1,765551|1,435183|0,615305|1,970013|0,841562|0,503143|
A melhor solução desse PSO é:
15 13 24 16 7 4 8 21 3 23 1 
0 9 2 11 20 12 14 10 6 5 19 17 18 22 
Quantidade de trocas de:9,000000
Makespan: 648,000000
