1209|859|984|889|1102|903|859|1030|933|809|831|842|685|621|1195|1248|812|874|724|1269|1209|943|976|733|922|1064|706|1024|957|932|805|639|809|1021|756|851|983|1350|854|1034|1127|975|782|1274|1141|643|790|1115|952|838|1180|851|1009|1040|928|940|741|859|713|1858|992|855|735|1016|1081|1249|751|819|1421|999|1010|1540|864|843|1003|990|1139|922|728|1859|1349|978|785|1152|701|1080|1122|749|829|857|709|826|787|1187|680|1246|950|1123|826|1067|1218|874|997|910|758|836|889|850|786|834|770|821|1029|774|884|1019|616|765|724|751|1119|1078|781|924|985|955|1785|811|1013|960|1135|908|835|848|1003|1154|1096|810|898|967|1322|845|767|1072|1176|1074|955|1171|815|771|1075|829|1152|885|973|769|1160|753|938|1239|643|1136|949|830|1492|903|967|933|1046|1129|673|1298|972|879|906|766|1058|975|965|1104|859|996|1121|941|904|949|751|809|1001|787|919|1154|1196|1053|825|795|1267|744|1433|1223|838|765|1212|772|1109|738|1369|733|1021|790|807|1161|627|1294|1223|958|1270|932|782|1194|1020|1017|1252|1156|905|803|1240|733|1069|861|904|934|639|1057|983|858|983|841|825|868|805|814|763|1154|773|724|1316|1070|782|955
500|444|432|443|561|497|484|410|447|459|447|490|393|393|393|393|554|439|407|393|393|409|437|446|393|393|547|478|548|393|393|393|393|467|480|513|445|393|452|427|530|461|393|476|473|541|393|393|439|494|457|409|453|481|500|496|421|516|505|435|405|393|393|470|439|439|393|393|474|447|445|393|441|424|458|393|486|476|521|467|446|538|439|436|408|470|393|393|439|393|455|470|475|393|409|393|447|426|509|401|447|394|393|393|401|393|417|393|504|409|393|393|515|500|448|408|415|487|433|415|498|430|393|494|413|543|485|393|393|393|475|393|469|393|464|505|393|459|542|478|453|393|393|393|476|505|393|393|447|469|439|432|432|446|426|406|393|412|393|466|413|393|521|432|427|393|578|393|393|456|433|393|513|393|467|393|483|409|435|393|393|393|439|521|401|416|393|408|393|500|499|435|506|393|393|409|526|412|413|525|497|393|492|393|514|453|435|393|393|401|393|393|524|393|393|427|458|493|393|393|472|393|462|393|393|393|550|459|393|448|449|393|553|425|393|455|408|513|393|393|420|429|571|467|447|474|495|393|409|393
Iteração que foi encontrado o Melhor Global: 208
Quantas vezes o Melhor Global foi alterado (Lembrando que a verificação na inicialização acumula nesse contador): 19
Particula Inicial do melhor global:
0,916251|2,267109|2,885817|2,644133|1,380996|2,918581|0,875595|2,796948|1,796211|2,454123|1,930497|1,266110|1,811743|0,343431|0,667160|1,207270|2,724927|1,355725|2,441144|1,852443|2,790764|2,855336|1,393823|2,197540|2,951928|
Particula Final do melhor global:
0,317339|0,443537|2,146647|2,193539|0,212917|2,398930|1,809759|1,143342|1,477784|0,632963|2,019887|0,423891|1,787328|1,507008|1,513736|1,147733|0,605790|2,231774|2,442697|2,811359|1,327913|0,600086|2,767828|2,427398|2,121532|
A melhor solução desse PSO é:
4 0 11 1 21 16 9 
7 15 20 8 13 14 12 6 
10 24 2 3 17 5 23 18 22 19 
Quantidade de trocas de:6,000000
Makespan: 393,000000
