1084|1010|1128|1035|985|1254|821|1283|1122|1166|771|1022|813|801|1067|995|936|1022|914|817|873|725|1105|984|1004|1152|1261|1334|920|873|1083|1003|841|1026|1093|1041|986|920|924|1044|956|1078|890|1021|714|951|1120|828|851|1190|971|1008|1088|940|896|1298|979|1136|955|1071|778|983|886|1265|809|813|1106|1522|1131|728|1138|748|935|861|894|950|1029|1083|788|1064|847|912|1067|1010|921|845|1055|1101|983|1145|1169|1379|1077|1004|839|1024|944|843|879|996|1100|807|1101|1122|917|897|936|980|1148|795|1385|1175|730|952|1038|866|1465|1186|992|959|745|1129|963|820|815|880|1075|818|1092|1037|1335|1178|961|788|904|885|917|928|879|1415|955|1151|1040|1077|1244|949|1355|1116|1046|1017|1148|1255|966|905|1035|1049|852|1422|1104|995|986|668|944|741|919|839|769|906|986|861|956|949|869|1054|1185|853|1415|1011|1120|1405|933|1028|1108|939|917|767|952|904|726|1044|1116|1112|1293|964|962|1231|1106|798|781|922|1306|800|1057|805|844|844|1182|961|751|988|1164|1223|995|836|1007|1026|1073|1344|947|983|856|959|972|1249|1020|1177|964|874|954|1166|903|1210|1258|1267|1305|915|1284|1064|1020|1120|978|967|1218|761|923|1068|1034|818|1066|929
478|478|478|580|523|478|505|478|550|553|484|478|597|478|505|478|478|490|478|478|555|505|478|546|478|478|505|499|478|478|478|478|572|478|478|478|478|513|536|478|505|546|505|597|545|478|575|478|523|499|478|525|523|478|492|516|487|478|521|514|578|569|478|492|478|478|549|478|554|520|478|478|478|534|513|537|551|478|613|525|499|543|478|487|478|478|478|508|478|545|546|485|478|484|478|478|506|478|499|549|505|478|523|478|478|540|545|478|486|485|478|478|478|478|478|577|487|487|547|478|478|478|479|478|513|478|574|546|551|484|478|505|505|546|478|478|581|505|478|521|478|485|573|545|547|511|484|578|478|545|487|478|553|578|545|478|545|478|478|481|478|478|478|478|478|521|478|548|499|546|564|484|478|478|478|478|478|543|478|478|581|478|528|554|513|487|513|478|478|567|535|478|478|484|545|478|478|532|536|513|478|549|545|505|478|513|478|478|523|527|478|478|478|523|478|478|487|505|479|505|478|513|496|478|505|575|478|496|478|522|478|547|478|478|528|561|513|478|478|562|537|565|484|478|551|478|515|478|478|554
Iteração que foi encontrado o Melhor Global: 118
Quantas vezes o Melhor Global foi alterado (Lembrando que a verificação na inicialização acumula nesse contador): 12
Particula Inicial do melhor global:
0,800506|1,426589|0,320907|0,901594|1,491047|1,094524|1,389998|1,169676|0,261082|0,439255|0,743308|1,409704|0,436407|0,489341|1,808711|0,999289|0,838766|0,542940|1,003148|1,026462|1,364693|1,745786|1,562255|0,851204|1,826552|
Particula Final do melhor global:
1,441409|1,740884|1,976609|1,522712|0,098029|1,018334|1,668369|0,311054|1,628973|1,296401|0,184323|1,177664|0,848794|0,347291|1,599163|0,437356|0,216385|1,582129|0,040147|1,587182|0,589685|0,572922|0,371515|1,283934|1,212627|
A melhor solução desse PSO é:
18 4 10 16 7 13 22 15 21 20 12 
5 11 24 23 9 0 3 17 19 14 8 6 1 2 
Quantidade de trocas de:4,000000
Makespan: 478,000000
