351|560|448|378|408|346|344|381|371|473|365|338|350|348|434|394|417|388|322|363|381|314|467|473|388|358|460|439|365|529|406|389|428|440|435|426|355|385|339|342|363|309|496|458|482|432|466|387|423|339|348|405|513|291|367|377|419|366|399|427|357|470|490|497|315|445|336|430|364|423|332|392|328|310|453|488|371|292|306|327|387|451|271|439|489|337|349|359|290|493|474|390|506|338|364|461|414|323|337|373|365|499|509|304|411|316|356|369|445|466|632|281|393|347|393|349|652|326|334|364|423|431|355|418|435|401|361|349|405|365|301|494|613|375|287|444|340|539|301|425|400|328|303|347|463|341|473|486|344|424|442|370|461|478|386|427|350|318|357|499|357|365|493|418|289|361|333|342|428|499|476|320|337|492|353|304|329|388|392|372|361|436|509|379|404|326|423|375|311|558|482|452|321|373|417|360|392|270|385|317|399|381|448|634|427|410|452|645|323|366|353|344|405|296|307|348|480|423|275|420|376|388|356|507|634|369|403|329|315|305|362|332|317|439|350|291|324|469|447|387|394|419|315|340|395|371|401|334|407|367
253|253|232|244|244|254|261|244|250|256|262|255|257|249|245|236|251|249|251|238|253|259|263|252|261|246|248|239|253|250|249|257|246|257|258|251|250|240|247|245|249|253|241|239|249|243|254|255|259|258|255|254|254|262|243|263|252|256|264|261|251|250|245|259|247|258|246|256|252|248|245|234|258|246|257|249|262|240|234|237|249|248|249|255|262|253|250|232|263|261|254|249|246|261|250|260|261|256|247|249|265|240|249|253|238|255|254|252|252|248|256|254|262|248|255|234|251|250|261|238|243|244|248|252|251|243|256|256|251|257|250|242|246|247|247|236|245|240|263|248|256|231|246|251|244|241|247|258|245|263|250|252|238|258|248|240|239|251|251|252|244|255|246|254|258|238|249|238|261|248|255|249|246|237|242|243|262|251|233|250|238|247|261|252|247|251|238|252|244|257|241|250|257|248|247|242|253|252|249|245|261|248|256|259|250|253|260|260|252|245|255|242|257|235|253|241|250|243|266|246|243|251|262|253|244|248|241|253|256|256|238|246|256|244|246|262|256|251|230|245|246|258|257|250|254|254|251|247|233|250
Iteração que foi encontrado o Melhor Global: 982
Quantas vezes o Melhor Global foi alterado (Lembrando que a verificação na inicialização acumula nesse contador): 13
Particula Inicial do melhor global:
0,025775|3,962285|2,536234|0,384742|3,450332|3,931884|1,096084|3,234494|3,835433|3,660928|1,459079|3,260376|3,738115|3,998133|2,068633|0,708728|0,067004|1,909393|3,114918|2,334184|0,054686|0,950726|1,052541|0,395859|3,621087|
Particula Final do melhor global:
3,442534|2,476167|2,717682|2,633344|3,954823|0,231188|2,535066|0,450615|3,055401|2,645434|1,535871|2,042184|1,080744|3,685523|3,201797|0,819004|1,607184|0,729236|3,750175|0,701322|3,261811|1,197345|1,590537|2,138432|2,691591|
A melhor solução desse PSO é:
5 7 19 17 15 
12 21 10 22 16 
11 23 1 6 3 9 24 2 
8 14 20 0 13 18 4 
Quantidade de trocas de:2,000000
Makespan: 230,000000
