812|620|677|454|675|1114|938|758|571|465|645|890|573|819|435|761|668|900|761|641|475|621|507|417|635|478|684|654|709|808|613|512|604|413|1079|390|1017|458|480|731|334|549|459|523|853|684|757|477|883|440|805|599|586|681|761|733|459|538|836|890|557|748|714|742|423|709|506|564|601|818|820|428|885|949|842|725|616|590|693|494|373|468|512|602|621|694|565|949|447|548|634|902|610|726|604|401|544|943|576|617|602|447|878|756|455|563|623|728|917|722|579|535|461|558|637|489|461|476|618|451|561|760|478|784|1183|757|728|627|765|423|680|486|501|852|779|581|501|659|532|482|640|528|433|852|660|648|948|584|622|478|408|1020|624|520|632|724|595|500|606|840|741|754|816|593|576|460|565|732|698|650|669|416|427|432|731|630|595|442|612|593|676|473|552|603|554|422|510|447|744|453|439|606|510|607|579|664|425|496|590|803|536|450|552|621|506|502|425|707|649|416|454|503|893|717|677|536|836|482|476|700|589|510|718|628|598|499|639|996|535|849|580|639|737|534|884|708|549|776|541|549|421|478|546|448|830|631|658|770|567|464
187|196|245|282|196|263|234|187|267|214|187|255|214|296|236|275|295|255|196|269|236|263|226|258|223|235|252|258|302|249|203|230|187|257|211|276|243|246|187|285|226|263|200|245|187|187|279|314|284|187|280|214|272|321|265|260|255|240|225|196|300|276|257|289|193|243|314|215|243|298|245|187|234|241|251|312|287|276|306|313|267|264|277|259|196|246|276|215|261|187|276|234|268|267|201|187|247|269|325|214|273|213|214|231|307|229|219|187|277|258|255|205|187|274|201|234|221|196|285|245|216|279|270|214|187|249|295|187|222|312|187|298|234|308|248|214|285|264|187|279|270|220|199|300|296|187|212|264|316|281|187|264|246|187|294|222|231|266|214|187|273|187|187|224|219|277|201|278|187|271|187|278|187|245|258|228|187|295|322|279|240|280|187|228|275|260|187|248|276|304|293|187|314|227|301|287|200|194|266|187|269|294|187|187|258|210|268|278|295|247|222|268|242|266|187|252|187|240|298|282|187|295|201|290|328|187|289|187|187|224|307|193|228|187|214|259|292|294|245|255|317|201|187|187|231|201|216|303|222|304
Iteração que foi encontrado o Melhor Global: 149
Quantas vezes o Melhor Global foi alterado (Lembrando que a verificação na inicialização acumula nesse contador): 14
Particula Inicial do melhor global:
0,526594|1,015389|0,456115|0,072182|3,000739|2,820525|1,802032|0,972052|2,788633|1,388196|1,738390|1,674536|0,493722|0,348699|0,625409|0,015017|0,360000|1,973350|1,606566|0,359260|3,699193|0,651185|2,240142|1,590352|3,665110|
Particula Final do melhor global:
2,074452|1,245803|1,285490|3,142903|0,616923|2,066227|0,512446|2,079569|1,313288|3,651493|2,911848|0,422383|2,063074|0,976915|0,619589|3,608170|2,033439|3,542450|0,110747|2,709938|3,428287|1,321984|1,026687|0,293421|1,174741|
A melhor solução desse PSO é:
18 23 11 6 4 14 13 
22 24 1 2 8 21 
16 12 5 0 7 19 10 
3 20 17 15 9 
Quantidade de trocas de:0,000000
Makespan: 187,000000
