1214|854|1339|1006|1181|1015|931|978|1013|969|1187|974|800|944|814|1348|1006|1013|1054|918|984|1154|987|941|748|811|955|820|870|1272|1210|1070|1195|1299|1116|1570|859|944|818|1006|753|911|1049|1038|1138|1024|1319|861|987|1013|1299|1028|977|966|1286|1218|1182|962|1109|1106|1288|1016|1025|1280|968|866|948|1064|841|792|820|1416|1288|1061|1113|885|1013|917|958|702|991|905|805|837|972|1169|960|995|1106|974|723|922|1251|933|886|907|760|910|971|649|927|783|866|978|912|917|1009|894|924|1009|985|968|919|891|874|1040|1149|859|926|1208|815|1385|793|1289|774|968|788|1034|1223|831|910|1029|855|1280|1024|923|864|1004|927|935|926|1114|902|1059|966|1254|1106|1119|909|1160|867|896|1048|691|849|1135|1025|904|1099|853|1106|763|1021|1167|970|989|903|998|862|989|1060|784|798|883|1039|1033|748|924|1044|1038|818|770|1354|941|863|753|993|943|1218|1287|942|815|917|1139|878|1063|1019|958|1027|1031|1174|908|1127|1184|962|963|821|884|988|981|936|1157|1185|978|856|1156|871|1008|829|1018|1101|916|1005|933|1309|979|903|1340|941|944|972|1352|1023|1106|1263|1033|870|926|929|969|1389|1038|954|793|966|780|917|856|917|969
536|514|555|528|521|523|558|549|583|516|536|514|603|547|590|528|589|576|562|527|626|511|511|519|511|553|524|553|533|589|532|615|548|511|553|511|511|585|585|613|527|553|513|514|540|548|511|536|546|511|551|527|581|584|519|558|640|511|573|536|511|580|574|551|613|579|581|560|527|511|571|610|514|589|511|511|558|583|511|615|511|541|584|514|536|514|514|593|578|538|522|550|555|511|579|553|561|511|519|569|516|521|511|532|520|589|511|585|511|625|590|520|558|511|551|536|511|514|535|572|556|511|575|530|511|581|517|528|511|532|601|511|550|528|559|550|536|550|544|528|511|511|591|511|511|545|597|511|522|553|582|511|586|586|511|553|536|514|511|563|511|553|536|520|516|511|578|574|514|514|547|556|536|514|511|511|511|511|552|511|580|608|511|553|511|520|514|590|516|566|547|536|533|614|511|511|583|589|528|520|550|511|538|511|614|553|557|556|589|533|589|514|536|545|578|514|548|558|622|574|589|514|559|517|646|550|569|533|603|588|529|525|545|585|548|516|582|514|581|546|511|522|546|532|536|618|574|511|511|511
Iteração que foi encontrado o Melhor Global: 432
Quantas vezes o Melhor Global foi alterado (Lembrando que a verificação na inicialização acumula nesse contador): 16
Particula Inicial do melhor global:
0,762446|1,286857|0,853418|1,686822|1,979330|1,558127|1,571849|1,619795|1,884324|1,463759|1,672650|0,528962|1,134281|0,418386|1,091477|0,907294|1,013687|0,859683|1,108798|1,074937|1,852511|0,464904|0,422295|1,607433|0,356938|
Particula Final do melhor global:
1,099809|1,425103|1,000288|1,622383|1,161702|0,678256|0,828838|0,148126|1,724130|0,787766|1,165604|1,362815|0,221428|1,871188|1,272405|0,080020|1,772820|0,349624|1,603256|0,773048|0,475398|0,255122|1,278373|0,521754|1,289026|
A melhor solução desse PSO é:
15 7 12 21 17 20 23 5 19 9 6 
2 0 4 10 14 22 24 11 1 18 3 8 16 13 
Quantidade de trocas de:5,000000
Makespan: 511,000000
