287|293|353|388|362|427|384|379|258|452|418|283|254|325|329|343|349|602|325|350|323|293|264|369|306|489|385|470|321|456|313|377|414|325|257|437|296|366|396|420|343|427|294|345|426|418|248|320|348|302|249|447|431|313|371|345|253|315|388|277|450|404|311|297|390|302|301|262|358|291|310|279|420|346|341|539|287|332|285|429|315|350|269|375|481|329|323|279|260|326|326|401|378|356|394|309|237|412|399|387|435|422|292|368|312|297|340|271|378|291|321|275|468|507|233|332|397|265|345|268|456|387|349|269|301|309|349|330|346|384|374|464|266|484|262|361|330|353|380|313|367|346|538|250|461|404|346|335|477|305|259|379|310|308|333|474|490|379|448|309|378|284|328|307|369|343|396|242|339|289|305|251|273|385|328|279|327|295|349|355|341|419|372|355|312|292|313|406|410|252|450|360|485|496|495|357|433|456|381|391|384|514|395|289|374|353|264|463|336|353|295|315|362|284|383|347|430|290|365|487|328|440|398|335|340|278|435|334|425|361|384|328|383|306|453|457|435|341|262|290|323|342|272|426|453|460|324|325|369|470
205|202|211|214|199|216|218|206|209|189|204|217|222|203|196|201|222|200|215|208|209|176|215|210|201|195|194|205|196|214|208|199|198|199|208|204|197|205|189|205|203|205|199|180|180|222|209|220|205|199|208|179|208|191|176|225|195|219|206|213|216|195|188|205|221|211|211|209|213|176|211|190|214|218|202|190|221|185|198|197|209|198|214|199|189|198|203|202|212|202|196|208|214|189|197|206|207|217|223|205|206|205|200|214|180|204|209|197|221|186|205|197|198|208|223|215|218|176|200|197|180|199|219|190|218|199|192|216|213|186|190|206|180|206|185|205|190|194|211|189|209|198|214|180|187|220|199|193|200|216|193|185|199|202|210|207|224|186|209|204|190|215|194|190|190|189|210|215|190|197|217|206|197|186|214|197|215|199|209|209|220|206|208|196|198|193|201|192|205|207|227|194|209|193|198|211|211|204|196|214|199|191|206|201|195|200|209|194|214|213|194|199|202|206|216|211|218|212|211|209|197|196|196|194|218|214|204|200|198|213|213|216|202|213|197|213|208|190|207|198|215|202|201|195|221|205|194|196|189|176
Iteração que foi encontrado o Melhor Global: 562
Quantas vezes o Melhor Global foi alterado (Lembrando que a verificação na inicialização acumula nesse contador): 10
Particula Inicial do melhor global:
0,595854|2,807969|0,705794|3,328392|3,463081|2,633107|1,408904|2,623353|1,031986|0,017215|0,848147|3,764662|1,069804|0,624429|3,842378|1,916538|1,809816|2,694036|2,115637|1,668760|1,392311|1,847164|0,320416|2,026524|3,782740|
Particula Final do melhor global:
1,784755|2,478964|1,992801|2,535041|3,899752|0,636338|0,683184|0,607338|1,085644|0,062973|2,702783|0,052412|0,840076|2,700575|2,527913|3,982524|1,886464|3,788785|0,956851|0,191303|1,660826|0,746536|3,280453|2,717476|1,977582|
A melhor solução desse PSO é:
11 9 19 7 5 6 21 12 18 
8 20 0 16 24 2 
1 14 3 13 10 23 
22 17 4 15 
Quantidade de trocas de:1,000000
Makespan: 176,000000
