289|390|348|350|283|311|331|321|338|247|470|416|390|369|280|395|367|352|359|264|419|533|302|312|335|374|289|336|401|396|383|245|320|420|400|384|378|330|369|334|419|410|387|415|270|351|376|300|381|411|277|363|392|239|349|495|422|439|346|302|283|442|508|453|363|373|267|453|321|362|358|373|326|299|302|399|350|401|452|399|326|410|239|401|254|344|381|460|272|400|328|406|360|619|287|327|233|296|402|260|383|358|347|470|417|267|444|330|488|380|254|304|418|302|358|302|298|427|253|310|356|308|314|483|375|366|346|414|277|330|253|315|316|421|443|390|375|304|398|365|409|320|397|327|534|387|255|525|293|400|331|446|365|399|283|350|379|327|369|400|520|340|438|369|299|373|286|390|318|359|300|307|336|275|360|313|260|360|292|312|363|388|431|306|268|353|369|283|408|344|368|396|300|323|415|300|374|332|295|516|470|276|350|368|358|404|272|272|474|376|351|316|364|392|362|325|323|300|699|395|544|340|375|260|267|402|516|476|368|409|412|278|291|415|384|352|415|435|336|360|420|329|321|498|419|275|584|290|321|388
206|207|205|216|208|210|209|223|225|211|204|205|209|204|186|228|216|211|217|214|213|190|207|213|226|202|213|210|179|219|210|203|211|213|195|214|203|201|210|208|188|196|206|205|206|212|196|206|204|213|190|221|207|213|213|198|198|218|179|217|199|218|217|179|202|202|196|196|195|191|205|204|199|210|207|210|189|205|191|206|216|220|217|191|230|189|206|196|216|217|209|200|207|209|184|212|209|205|223|179|173|213|213|210|199|208|204|191|179|205|194|196|216|218|207|199|217|216|213|207|214|208|195|220|200|185|210|224|225|186|215|218|219|210|218|195|204|204|211|212|204|210|216|207|213|221|212|213|215|193|224|200|197|209|202|179|194|185|201|199|204|202|213|205|198|197|225|199|209|208|207|194|196|212|209|203|217|215|223|207|200|212|209|207|201|213|204|217|210|204|207|220|205|201|208|207|205|214|202|210|215|187|210|221|203|205|203|181|194|208|213|202|199|226|214|207|199|208|206|217|215|196|183|223|173|212|199|210|207|217|203|212|196|221|218|222|192|197|198|202|200|203|210|204|217|201|205|209|189|202
Iteração que foi encontrado o Melhor Global: 925
Quantas vezes o Melhor Global foi alterado (Lembrando que a verificação na inicialização acumula nesse contador): 13
Particula Inicial do melhor global:
1,136564|3,069068|2,259030|0,574488|0,399824|1,191980|2,104119|0,307952|1,267591|1,358151|2,561580|1,451969|3,121019|0,739683|3,951613|3,181179|0,954200|0,157181|2,582124|1,604991|1,660190|2,208256|3,362709|2,166333|3,101222|
Particula Final do melhor global:
3,873699|1,095787|0,737204|2,917149|2,396555|3,843088|1,607913|0,218082|3,496999|3,975425|2,607846|2,007758|3,266653|1,092585|2,671222|2,132969|3,735503|3,175486|1,057964|0,612568|1,964385|3,814234|0,832795|1,639768|0,407706|
A melhor solução desse PSO é:
7 24 19 2 22 
18 13 1 6 23 20 
11 15 4 10 14 3 
17 12 8 16 21 5 0 9 
Quantidade de trocas de:0,000000
Makespan: 173,000000
