924|853|758|1000|849|702|563|743|744|1305|754|836|678|941|1102|812|746|751|978|721|521|632|722|798|740|712|1033|1292|750|616|900|767|700|852|1395|1086|955|838|531|742|585|619|746|782|724|1367|779|1025|543|669|853|753|1152|672|663|721|984|672|866|563|718|974|990|663|1251|802|1348|994|736|1154|610|1046|693|840|875|651|949|621|710|642|934|888|1074|1040|561|1107|558|825|861|714|751|983|700|726|1139|1083|576|770|775|958|676|590|921|703|838|635|750|856|630|1337|766|687|639|620|626|838|561|898|1135|605|780|1172|722|1094|1036|726|667|629|890|577|1369|925|870|1010|644|894|893|647|482|1121|800|724|827|951|665|1289|1001|1095|887|1069|966|691|1138|765|932|933|765|867|947|808|817|1043|838|814|818|679|1471|678|1173|607|931|762|1028|917|813|752|972|943|1466|877|844|1327|785|700|943|807|733|910|899|761|655|992|1387|908|705|1126|759|1171|614|904|1002|1129|871|1085|1196|1052|795|563|911|819|677|605|745|645|897|802|1221|1116|1112|892|1029|739|530|816|1220|672|676|744|900|727|808|857|688|748|1286|984|1160|687|748|848|695|1004|933|827|983|606|983|585|609|1175
420|470|479|478|401|405|434|503|412|387|429|378|472|466|473|404|475|400|347|420|496|432|463|468|416|359|427|442|440|419|424|438|428|402|464|451|455|380|423|461|390|454|437|410|455|415|408|353|414|488|465|401|449|434|445|391|447|421|353|474|488|466|462|453|346|425|419|440|409|455|403|472|422|463|450|464|411|347|400|441|425|435|455|486|413|412|457|481|431|405|374|403|471|483|400|441|404|415|488|346|374|455|427|407|429|464|477|469|401|421|473|413|403|444|452|402|434|416|434|403|476|450|478|353|452|418|380|437|437|397|423|412|471|353|440|399|445|389|478|465|417|374|351|425|353|432|441|420|380|347|456|450|407|424|464|489|439|472|383|413|465|444|397|410|447|441|427|404|450|453|461|477|439|431|448|444|486|426|431|454|438|424|422|447|419|347|381|407|456|404|353|416|363|437|469|440|447|422|353|484|478|404|468|431|457|409|429|456|464|438|436|483|419|404|397|403|435|441|353|350|431|506|477|383|449|410|421|475|462|441|443|446|440|446|431|435|448|406|453|421|407|409|483|424|432|452|457|414|440|443
Iteração que foi encontrado o Melhor Global: 755
Quantas vezes o Melhor Global foi alterado (Lembrando que a verificação na inicialização acumula nesse contador): 13
Particula Inicial do melhor global:
2,992814|1,903090|1,772263|3,955515|0,635112|3,612911|3,637061|1,178900|3,552066|1,907889|2,840383|3,525136|0,060568|3,898605|1,018782|1,170601|1,142609|0,107380|1,938261|2,422799|1,966144|1,146248|2,191028|1,901672|1,057375|
Particula Final do melhor global:
1,377414|1,535244|2,656588|3,365356|3,432674|1,523201|1,740051|3,381698|0,556961|2,449749|3,752232|0,690068|2,212654|2,546926|1,196537|1,994009|3,996580|3,098566|2,157056|1,528162|0,766172|0,817110|1,280665|3,706910|2,318094|
A melhor solução desse PSO é:
8 11 20 21 
14 22 0 5 19 1 6 15 
18 12 24 9 13 2 
17 3 7 4 23 10 16 
Quantidade de trocas de:8,000000
Makespan: 346,000000
