486|357|415|616|486|437|488|568|393|819|502|372|378|523|472|431|625|484|590|495|891|526|459|463|256|347|617|543|413|462|400|403|298|703|559|473|557|271|496|347|475|692|637|428|535|355|435|674|454|476|419|353|329|392|542|836|585|434|385|516|398|362|608|559|432|416|460|520|513|481|660|621|459|617|540|471|428|400|402|456|526|526|444|969|511|540|398|665|645|488|604|474|430|592|422|416|798|726|598|520|591|527|775|378|323|561|403|823|601|698|384|593|470|395|447|416|517|464|604|368|398|727|533|499|574|519|569|474|476|493|461|333|697|527|456|525|642|382|340|476|422|408|504|528|386|410|424|488|602|528|533|744|350|480|785|554|396|485|552|469|487|595|409|517|344|527|398|692|523|389|472|826|504|404|428|410|570|365|345|608|320|450|495|428|576|390|518|371|435|546|636|437|312|272|365|475|356|488|742|636|615|615|557|643|620|352|394|428|364|404|526|644|431|311|530|483|346|428|455|574|638|431|426|641|522|405|478|545|499|488|495|395|342|462|494|484|332|414|516|450|391|477|457|774|505|397|453|490|362|537
180|172|201|194|198|206|181|211|234|203|192|216|187|165|212|203|186|199|197|178|195|196|220|191|226|254|221|198|208|183|189|184|177|177|178|184|199|219|167|169|172|205|220|180|216|197|164|192|166|193|211|185|170|203|173|240|171|182|152|162|199|220|187|203|152|164|165|190|198|177|229|228|228|217|191|166|176|214|182|205|203|152|210|151|226|172|214|232|224|189|217|156|237|179|189|203|222|197|187|179|214|223|173|221|212|199|187|197|192|152|197|195|207|196|177|176|206|168|204|158|152|201|159|197|186|214|223|185|179|152|219|218|190|166|190|224|220|186|216|204|200|173|202|201|166|222|155|159|200|157|182|183|195|219|212|236|168|218|212|190|253|217|198|203|182|168|198|199|186|199|215|213|214|158|169|200|210|186|161|208|235|204|195|226|222|178|203|152|184|203|165|177|159|187|182|227|194|226|236|237|213|202|198|181|198|197|177|210|210|199|186|169|173|191|179|177|228|224|152|177|212|172|156|210|178|200|177|203|207|184|219|221|179|165|180|166|165|206|152|171|233|154|159|159|165|191|157|213|215|183
Iteração que foi encontrado o Melhor Global: 911
Quantas vezes o Melhor Global foi alterado (Lembrando que a verificação na inicialização acumula nesse contador): 16
Particula Inicial do melhor global:
2,829417|2,324901|3,307508|2,746201|3,906609|3,405323|3,253496|0,283278|0,302553|3,294562|0,897971|2,163496|1,969098|2,215452|3,315984|3,389436|2,533410|2,184879|2,328398|2,022177|2,373993|2,848991|2,695711|0,946063|3,530808|
Particula Final do melhor global:
1,904365|1,496437|2,471493|2,259032|2,402659|0,602139|3,698069|0,876920|0,509190|2,958438|2,835037|0,254171|3,035453|2,818493|1,980430|1,938092|3,072641|3,088310|3,539709|2,629147|1,851629|1,065959|0,314811|0,688591|1,081513|
A melhor solução desse PSO é:
11 22 8 5 23 7 
21 24 1 20 0 15 14 
3 4 2 19 13 10 9 
12 16 17 18 6 
Quantidade de trocas de:0,000000
Makespan: 151,000000
