1680|1883|1831|1528|1835|1668|1783|1534|1506|2004|1876|1676|1366|1905|2284|1402|1700|1575|1938|1435|1870|1563|1503|1903|1496|1487|1694|1510|1663|1560|1451|1484|1593|1656|1589|1843|2147|1399|1603|1615|1801|1686|1561|1549|1960|1781|1987|1831|1716|1489|1368|1615|1327|1379|1547|1280|1386|1663|1417|1738|1919|1417|2112|1750|1973|1506|1973|1615|1673|1504|1345|1847|1773|1640|1514|1610|1458|1469|1869|1414|1786|1441|1671|1537|2067|1512|2034|1577|1866|1630|1584|1938|1978|1586|1475|1427|1596|1597|1701|2005|1552|1340|1793|1495|1378|1246|2148|2102|1612|1548|1233|2290|1872|1704|1657|1839|1686|1686|1513|1908|1579|1807|1976|1698|1309|1777|1430|1521|1699|1656|1732|1619|1732|1983|1463|1826|1976|1597|1905|2099|2006|1706|1807|1516|1929|1342|1377|1433|1430|1949|1428|1697|1459|1803|1733|1627|2227|1839|1445|1445|1622|1869|1593|1455|1714|1681|1999|1451|2232|1875|1475|1727|1744|1554|1720|1714|1510|1751|1764|2011|1446|1764|1824|1501|1836|1870|1698|1282|1537|1999|1684|1767|1685|1857|1463|2036|1656|1566|1637|1462|1531|1342|1687|1544|1631|1776|1403|1699|1922|1422|1868|1724|1799|2154|1597|1605|1763|1887|2163|1483|1630|1982|1435|1747|1965|1427|1866|1667|1834|1379|1532|1517|2130|1410|1632|1861|1766|1542|1829|1354|1912|1872|2075|1573|1561|1515|1671|1656|1651|1559
962|1045|967|833|915|833|986|964|1068|1001|833|833|964|1018|932|1058|897|1032|1015|897|1022|967|858|1105|998|1004|1013|833|854|998|833|833|981|1017|967|984|1020|921|897|833|1053|967|833|833|967|1015|976|833|1093|932|854|833|981|924|1133|833|924|854|833|975|1014|1000|988|1000|833|900|1028|988|1046|833|900|833|833|833|854|833|897|964|912|1081|1134|1030|833|833|945|1014|833|1025|924|1021|833|900|833|833|974|1012|833|986|833|833|945|833|833|974|900|973|833|1014|833|897|986|1008|833|1072|1091|922|921|1047|833|946|1112|833|833|952|1011|833|1042|1066|1021|833|1026|922|833|833|833|897|979|946|1012|981|934|833|833|1075|965|921|854|1135|1132|924|833|1007|1098|833|1032|833|833|1070|897|981|1085|921|1053|987|833|833|1081|964|833|833|959|990|833|1068|1091|1165|984|914|833|1049|878|985|995|1045|833|968|1084|1014|900|916|857|920|983|1075|1068|964|902|945|967|1054|833|958|857|833|833|921|980|833|833|1147|833|854|1057|833|1050|980|1029|964|833|897|833|979|921|976|1032|833|988|833|921|1088|833|833|833|988|912|894|988|900|937|833|833|900|937|833|923|1051|900|833|833|833
Iteração que foi encontrado o Melhor Global: 176
Quantas vezes o Melhor Global foi alterado (Lembrando que a verificação na inicialização acumula nesse contador): 14
Particula Inicial do melhor global:
0,759260|0,484389|0,045473|1,288037|1,359002|0,204008|1,014410|0,906079|0,624444|1,139436|0,161826|0,698410|0,203503|1,755746|0,786890|0,088176|1,195211|0,387612|0,720685|0,093693|1,182920|1,176721|1,253677|1,661949|1,021857|
Particula Final do melhor global:
0,952271|0,743830|1,105715|0,803117|0,513240|0,298267|0,443338|0,923290|0,645236|1,100214|0,459500|1,899843|1,634678|1,524939|0,978246|0,874294|0,167832|1,464313|0,556961|0,770281|1,142529|1,061264|0,897003|1,423520|1,580236|
A melhor solução desse PSO é:
16 5 6 10 4 18 8 1 19 3 15 22 7 0 14 
21 9 2 20 23 17 13 24 12 11 
Quantidade de trocas de:12,000000
Makespan: 833,000000
