364|325|400|472|336|415|376|374|506|380|390|449|383|413|474|414|560|434|374|312|360|355|459|367|394|390|404|383|423|512|372|449|322|404|394|347|303|333|378|330|343|339|454|617|423|413|393|443|331|455|288|396|346|308|357|379|468|308|302|415|371|370|376|395|372|339|357|448|418|348|314|387|358|380|325|287|382|306|357|385|394|461|315|350|418|285|322|418|404|336|341|348|445|382|411|390|315|333|344|425|320|346|352|482|394|337|414|355|385|392|307|429|356|386|290|404|387|416|394|433|380|298|397|484|288|455|355|290|500|428|409|332|337|406|416|331|364|432|350|389|380|445|479|410|440|447|410|399|384|445|343|338|427|422|326|359|385|375|332|392|325|362|330|294|378|327|561|347|456|363|571|452|537|302|356|324|339|446|278|355|320|358|404|344|480|445|432|404|394|390|533|378|388|319|334|315|460|375|355|350|411|394|364|407|401|380|439|332|325|493|559|398|384|470|380|373|365|503|450|406|435|377|334|433|294|451|322|392|428|353|335|406|404|494|424|408|359|293|278|445|367|357|429|499|399|388|387|353|358|314
248|258|256|229|241|240|243|243|249|227|242|229|248|230|253|229|232|238|253|252|255|230|230|255|236|254|243|239|257|240|245|245|256|242|238|241|258|255|245|241|242|250|245|263|252|239|226|256|229|241|251|249|230|250|254|254|241|230|257|226|260|252|230|229|254|246|230|247|226|226|241|260|251|230|250|241|255|243|226|230|230|243|259|230|244|226|227|230|258|259|230|246|267|237|255|230|237|242|248|230|253|239|243|252|230|226|250|244|253|251|234|262|248|256|230|253|259|249|247|242|259|230|230|258|258|243|247|233|256|261|251|259|253|247|226|226|248|253|234|227|260|242|230|242|230|253|226|229|235|245|256|229|230|255|260|230|239|230|246|226|226|258|250|254|229|230|241|252|261|226|243|230|252|244|226|254|245|246|250|230|249|255|242|247|226|230|267|253|237|241|230|247|238|255|230|239|249|258|253|226|260|260|246|238|251|249|259|270|250|230|243|259|261|229|229|247|240|231|230|230|254|242|238|270|248|248|264|230|246|238|244|257|253|226|266|230|245|252|271|252|253|243|253|230|238|233|230|245|270|251
Iteração que foi encontrado o Melhor Global: 509
Quantas vezes o Melhor Global foi alterado (Lembrando que a verificação na inicialização acumula nesse contador): 15
Particula Inicial do melhor global:
0,093916|1,164822|2,428967|1,904680|2,610135|2,536336|0,426376|2,946815|2,309860|1,759942|0,183385|0,350476|1,152094|0,918795|0,271213|2,073820|2,979337|0,580320|1,911641|1,103521|2,083498|0,780955|1,421657|2,322544|0,778654|
Particula Final do melhor global:
1,306875|2,770896|2,298279|1,354620|0,964687|2,566675|0,697328|0,530525|1,518513|2,210330|0,154273|2,142903|0,708261|2,330218|2,093337|1,119305|0,495509|1,539375|2,159363|1,168567|2,792298|2,472749|0,653519|0,582864|1,747205|
A melhor solução desse PSO é:
10 16 7 23 22 6 12 4 
15 19 0 3 8 17 24 
14 11 18 9 2 13 21 5 1 20 
Quantidade de trocas de:3,000000
Makespan: 226,000000
