1652|1562|1516|1765|954|1295|1508|1552|1234|1214|1410|1250|1135|1368|1318|1316|1363|1444|1758|1443|1178|1359|1195|1088|1785|1754|1340|1312|1500|1350|1572|1459|1240|1650|1930|1371|1295|1075|1013|1554|1225|1286|1496|1508|1092|1352|1247|1084|1459|1400|1967|1502|1439|1559|1329|1470|1469|1231|1427|1454|1396|1406|1246|1267|1429|1621|1542|1677|1160|1941|1839|1447|1249|1131|1415|1384|1718|1343|1416|1243|1548|1485|1446|1243|1244|1355|1172|1086|1244|1642|1777|1495|1663|1622|1242|1653|1258|1519|1257|1528|1132|1849|1077|1381|1417|988|1313|1741|1307|1420|1533|1621|1348|1212|1054|1084|1190|1346|1273|1239|1157|1414|1486|1559|1358|1727|1775|1624|1600|1273|1271|1266|1466|1170|1427|1485|1560|1261|1795|1247|1422|1764|1650|1736|1191|1215|1319|1539|1189|1415|1482|1769|1419|1793|1258|1294|1617|1023|1104|1157|1272|1236|1305|1518|1270|1197|1461|1132|1120|1069|1140|1239|1205|1234|1324|1028|1157|1136|1378|1019|1539|1234|1422|1125|1822|1139|1951|1250|1323|1575|1432|1355|1421|974|1154|1480|1282|1399|1748|1524|2064|1697|1020|1682|1359|1253|1310|1181|1572|1470|1118|1332|1682|1207|1378|1296|1376|1144|944|1440|1005|1339|1644|1581|1093|1842|1105|1010|1477|1312|1307|1338|1571|1578|1786|1106|1248|1720|1619|1576|1425|1239|1293|1194|1002|1445|1151|1401|1162|1471
744|702|724|690|646|757|646|723|754|789|744|790|727|646|851|785|729|814|657|696|787|786|720|677|699|776|649|657|646|789|646|681|646|649|818|646|648|728|807|754|744|755|646|750|775|772|721|730|740|682|861|779|646|750|828|786|679|786|776|682|725|658|713|698|719|754|716|866|646|754|714|648|646|728|698|691|687|730|788|735|818|653|831|720|646|846|735|785|657|646|767|782|646|685|789|760|725|749|786|646|758|785|747|738|698|774|646|685|716|778|844|727|646|719|864|712|683|752|682|782|864|768|719|825|726|646|646|636|653|649|868|682|726|761|734|718|766|657|703|789|683|682|710|646|691|717|757|733|729|830|756|794|646|750|646|795|817|646|682|682|646|760|646|780|649|757|803|830|703|653|744|682|768|786|674|832|824|652|769|760|716|721|682|744|646|759|744|704|682|655|667|699|763|648|753|649|793|714|769|766|785|744|753|854|756|763|718|741|646|750|646|740|782|682|698|772|699|646|689|749|837|753|821|772|648|636|646|929|646|649|808|765|655|735|682|733|657|646|636|739|718|682|685|657|702|682|736|680|832|838
Iteração que foi encontrado o Melhor Global: 896
Quantas vezes o Melhor Global foi alterado (Lembrando que a verificação na inicialização acumula nesse contador): 15
Particula Inicial do melhor global:
0,470383|1,159783|0,429788|0,177449|0,041755|1,118499|1,762501|0,148154|1,685432|0,312482|0,554534|0,477973|1,039968|0,108405|0,431671|1,854310|0,269840|1,636171|0,752058|0,070255|1,235080|0,773050|0,458149|0,030461|1,760741|
Particula Final do melhor global:
0,081185|0,945245|1,062141|1,189286|0,980711|1,292810|1,928659|1,740753|1,658221|0,209178|0,603440|0,343685|1,430382|0,655098|1,115587|1,115423|0,132933|0,902400|1,263515|1,311700|1,119881|1,536787|1,473616|0,580400|0,981635|
A melhor solução desse PSO é:
0 16 9 11 23 10 13 17 1 4 24 
2 15 14 20 3 18 5 19 12 22 21 8 7 6 
Quantidade de trocas de:8,000000
Makespan: 636,000000
