747|568|696|1179|677|545|955|602|927|592|568|900|593|715|540|524|851|519|675|665|685|741|821|647|558|600|834|791|752|684|699|778|722|1319|643|818|505|1119|825|730|632|533|728|802|447|833|661|807|802|545|785|629|771|545|800|834|799|491|542|841|988|667|635|638|792|673|1054|960|847|772|554|692|533|556|690|733|748|936|693|579|745|534|844|662|512|630|884|537|909|824|611|821|615|692|430|614|804|882|556|665|974|783|685|573|729|721|655|794|798|502|596|822|585|606|730|561|854|498|821|793|670|550|957|698|514|492|685|469|793|632|833|1034|644|1013|699|673|944|697|739|606|1108|625|696|686|469|1138|790|651|564|617|612|1012|478|758|779|664|636|712|616|710|865|575|872|959|965|834|952|769|575|652|570|811|804|605|601|434|1033|775|836|704|528|828|616|493|546|516|621|746|1067|758|941|658|620|901|696|878|434|668|614|479|585|593|849|1147|890|822|556|715|745|460|803|852|760|851|528|921|978|977|884|576|534|574|815|642|611|583|902|468|620|741|1027|700|601|574|1004|678|845|860|972|1104|626|763|489|729|596|652|558|847|1191|758
383|363|343|327|349|324|265|265|356|340|339|266|324|382|266|266|258|352|324|365|372|382|336|336|371|281|306|268|266|293|258|268|396|337|330|270|345|266|320|345|324|337|360|369|356|379|326|293|341|365|382|330|348|334|381|265|338|265|337|383|265|312|364|265|318|398|353|314|333|266|355|258|265|312|300|265|265|276|336|330|365|382|265|304|346|350|268|265|293|265|374|350|393|336|347|267|258|361|322|266|338|356|337|294|329|342|300|320|265|362|266|358|265|311|329|330|294|300|324|276|265|272|308|360|351|386|282|342|378|378|372|371|265|375|325|359|347|313|334|268|319|268|299|315|326|353|312|298|265|359|318|384|342|350|332|265|332|304|266|337|329|364|293|296|293|294|321|330|372|382|367|355|266|265|268|378|359|368|276|346|265|293|378|330|316|392|343|258|362|268|341|278|339|278|325|304|294|355|370|376|349|332|353|362|310|324|348|266|336|391|278|278|265|420|336|321|293|342|361|320|268|375|356|355|376|268|330|332|303|382|266|368|314|346|383|363|324|355|312|343|351|361|331|276|342|268|285|276|268|288
Iteração que foi encontrado o Melhor Global: 859
Quantas vezes o Melhor Global foi alterado (Lembrando que a verificação na inicialização acumula nesse contador): 13
Particula Inicial do melhor global:
3,037425|2,582407|0,816976|0,634707|2,753711|1,405962|1,707947|3,023909|0,734974|0,544412|1,226401|0,618352|0,031431|3,000953|0,360868|2,019092|2,287277|3,572898|3,149816|2,951615|2,302148|3,397099|1,459999|2,241653|2,739126|
Particula Final do melhor global:
1,605184|2,991186|3,473239|1,860713|0,460779|3,729769|2,799966|0,371228|2,692922|1,601483|1,566514|1,446304|3,710193|1,126954|2,978348|2,688222|0,129582|3,421299|0,862018|3,725222|2,279759|0,818448|3,018429|0,776856|3,051010|
A melhor solução desse PSO é:
16 7 4 23 21 18 
13 11 10 9 0 3 
20 15 8 6 14 1 
22 24 17 2 12 19 5 
Quantidade de trocas de:3,000000
Makespan: 258,000000
