688|489|491|562|707|901|435|393|1013|520|542|655|577|493|542|625|499|582|735|572|620|523|955|649|500|477|745|454|561|611|1045|821|524|675|687|463|424|531|952|446|533|369|506|356|464|511|626|541|679|440|851|737|494|493|641|614|598|444|549|493|429|718|470|589|661|473|536|512|795|401|1039|744|538|680|411|782|618|652|577|462|808|822|504|425|543|438|658|445|546|655|416|586|519|759|608|438|622|650|699|603|851|591|674|943|600|471|558|584|812|617|803|600|904|675|540|722|585|609|442|441|563|631|387|390|607|657|564|686|484|561|538|452|627|721|418|576|658|663|629|462|488|483|617|930|380|374|813|566|501|540|637|749|766|628|511|429|467|468|488|524|634|495|508|765|441|596|619|527|565|443|792|639|528|498|496|549|498|449|618|501|804|706|422|857|670|583|554|638|796|464|499|517|768|679|471|598|486|838|508|518|538|655|432|611|549|744|631|638|506|612|736|888|677|396|531|451|580|515|527|639|558|451|654|598|551|461|895|454|804|548|509|549|572|438|504|722|593|626|529|591|695|876|494|828|865|344|620|609|417|571
263|184|240|205|189|256|253|218|181|183|184|194|276|286|274|235|204|303|230|246|224|217|214|255|287|184|241|216|199|305|246|184|181|194|268|218|292|194|239|244|266|191|202|263|185|249|270|265|256|264|188|186|207|191|200|247|258|288|188|247|284|256|305|239|295|229|246|256|203|305|216|256|265|299|243|181|210|263|229|297|250|181|233|181|241|316|213|273|186|227|242|240|204|269|216|181|194|196|181|245|202|264|237|283|253|181|238|246|210|228|208|246|250|274|265|285|234|208|222|226|194|223|235|181|256|285|243|209|309|184|184|184|216|299|287|278|262|221|223|194|234|184|189|181|181|265|270|191|258|194|248|269|256|280|235|265|310|241|269|256|220|266|263|265|275|251|268|183|249|181|202|278|292|244|244|293|191|303|181|256|267|251|184|189|211|248|217|181|249|292|200|192|204|285|222|293|188|200|251|244|210|283|194|220|253|200|196|244|226|289|186|181|295|295|208|253|237|235|205|200|194|194|217|206|203|214|248|215|271|263|181|253|259|189|265|184|183|272|255|284|249|238|191|220|201|226|225|181|242|181
Iteração que foi encontrado o Melhor Global: 394
Quantas vezes o Melhor Global foi alterado (Lembrando que a verificação na inicialização acumula nesse contador): 12
Particula Inicial do melhor global:
2,618799|2,476963|2,104764|2,691155|1,416709|3,561694|2,445668|3,775726|1,196251|3,929125|3,020555|2,676164|0,353604|2,818655|0,680957|0,204398|3,103684|2,637810|2,805715|2,805048|3,455382|0,356953|1,619981|2,785005|1,217980|
Particula Final do melhor global:
2,982449|2,501913|0,193407|1,736717|0,345345|0,341447|2,583346|3,419368|0,826832|3,391733|1,610560|2,093128|0,902932|2,257508|3,588343|1,315700|3,176096|3,244517|2,400497|3,165133|3,110919|1,887523|1,329857|2,430343|0,272235|
A melhor solução desse PSO é:
2 24 5 4 8 12 
15 22 10 3 21 
11 13 18 23 1 6 0 
20 19 16 17 9 7 14 
Quantidade de trocas de:0,000000
Makespan: 181,000000
