494|475|660|703|514|328|502|465|466|609|1114|514|459|579|547|377|468|739|707|787|496|708|700|404|589|766|515|587|923|385|740|801|637|766|596|530|590|474|843|527|685|807|431|474|625|599|784|531|426|482|625|497|448|516|547|589|524|835|580|377|682|540|556|650|592|511|505|661|493|918|488|537|576|443|641|695|720|666|495|415|461|405|755|559|698|556|394|752|574|497|473|506|472|390|410|649|458|565|536|764|931|475|737|678|693|492|877|446|628|453|610|510|712|769|587|554|390|645|396|570|365|667|622|636|595|587|487|651|945|503|554|530|479|423|882|532|566|446|359|752|542|508|485|573|666|516|528|476|563|502|549|644|424|542|1057|510|433|607|543|740|562|864|614|786|622|542|495|842|395|587|486|591|487|635|661|779|706|698|490|802|616|797|431|576|679|674|851|814|545|644|630|681|557|652|458|720|583|465|424|786|486|592|519|551|555|460|453|497|681|578|538|498|699|511|681|679|819|500|642|526|620|935|657|670|582|675|681|518|583|497|524|815|619|473|764|750|962|756|671|655|951|592|440|583|504|472|980|484|677|496
195|201|256|219|201|209|201|201|271|301|220|250|238|201|250|239|228|222|229|240|239|261|246|282|250|300|201|201|260|248|238|308|213|201|190|205|209|201|228|254|201|201|219|214|201|205|265|201|241|233|213|206|221|314|246|225|273|274|186|262|238|220|256|241|245|230|252|209|260|251|227|251|241|233|257|228|312|253|230|242|201|238|275|213|216|201|251|262|301|211|236|201|261|201|230|201|277|201|279|255|285|280|258|201|236|199|201|201|266|240|216|229|286|239|248|251|201|243|201|261|234|201|186|256|240|239|201|201|201|265|265|216|241|201|234|201|267|265|201|259|186|201|247|201|241|201|297|229|226|262|222|253|201|276|231|201|203|217|207|227|227|230|285|201|221|247|280|201|290|229|224|278|284|243|292|286|237|215|278|236|186|265|201|230|300|236|267|224|201|241|231|201|220|225|242|253|199|209|267|201|303|253|226|239|230|201|201|201|201|269|267|200|240|265|208|201|268|245|237|199|249|210|228|251|225|238|279|201|227|201|262|251|239|240|201|277|186|241|234|245|207|228|296|201|259|233|201|201|242|201
Iteração que foi encontrado o Melhor Global: 385
Quantas vezes o Melhor Global foi alterado (Lembrando que a verificação na inicialização acumula nesse contador): 13
Particula Inicial do melhor global:
3,777319|2,464836|1,091105|0,069272|3,608104|0,210589|2,279238|0,580071|0,588953|3,682755|2,392001|1,368155|2,965363|3,453255|1,872068|0,059175|3,180830|0,809865|2,820142|0,111634|3,297832|2,990732|2,707681|1,701723|3,257944|
Particula Final do melhor global:
0,199977|1,257223|2,458945|1,234508|3,264455|3,816851|1,636075|1,932381|3,765795|1,011759|2,583890|2,266287|0,461742|1,812155|1,647705|2,387223|2,429279|0,980932|2,979593|2,728967|3,929998|0,179195|0,860379|1,386540|0,369506|
A melhor solução desse PSO é:
21 0 24 12 22 17 
9 3 1 23 6 14 13 7 
11 15 16 2 10 19 18 
4 8 5 20 
Quantidade de trocas de:0,000000
Makespan: 186,000000
