1000|842|706|781|778|667|847|768|870|685|1235|693|996|593|1143|767|889|632|680|802|708|798|875|671|924|696|1288|828|611|1293|715|1112|737|672|1094|969|826|806|807|649|923|571|831|944|847|813|805|1207|952|760|735|674|1185|1297|602|957|1138|851|818|682|1053|733|918|824|818|932|780|947|963|698|742|914|961|1074|1054|758|953|716|594|898|848|985|1207|963|1229|892|761|838|909|669|806|957|1003|638|1030|606|866|753|842|920|743|701|817|872|988|1079|924|636|710|833|994|785|1319|890|873|940|1149|962|583|680|859|642|673|867|837|914|1112|1123|938|934|1039|1196|762|968|644|812|954|818|715|755|641|540|592|814|1051|971|1041|1008|964|816|1002|752|784|837|871|805|1232|828|897|663|667|923|863|883|915|572|957|698|848|1104|1050|840|888|674|698|803|824|797|1003|1079|1478|789|754|476|1001|596|828|781|974|1265|629|876|1072|845|741|679|1110|957|796|973|792|867|784|1092|768|1153|820|1067|1093|889|817|668|1044|740|826|756|1035|822|732|767|608|1001|663|990|655|1139|772|1165|1092|706|945|1069|854|1114|1012|782|829|1414|870|801|869|776|914|830|579|911|924|712|637|786
315|439|469|469|435|377|454|481|497|429|413|484|476|477|460|427|417|460|438|441|425|373|372|462|417|416|435|408|416|308|473|373|469|460|413|293|429|390|412|345|348|421|422|315|365|462|478|421|379|436|410|369|379|418|419|402|461|383|448|408|429|431|459|449|437|458|293|363|466|431|435|452|494|429|429|465|413|422|454|387|447|497|462|424|374|491|484|315|454|405|471|414|362|395|464|469|464|411|466|428|473|413|432|460|450|446|413|473|469|426|453|448|473|495|447|481|293|442|474|399|454|326|332|429|457|420|462|465|435|445|510|435|458|452|452|413|363|453|444|420|449|417|460|373|413|433|385|475|441|429|315|444|369|425|413|448|469|424|386|355|369|293|410|492|442|379|461|385|430|363|424|396|476|423|470|457|453|382|434|388|424|472|449|476|481|293|393|377|293|413|440|453|429|471|378|487|387|450|461|420|419|453|387|479|497|470|400|439|469|413|429|377|433|373|456|466|434|458|315|422|478|413|436|456|370|431|471|476|375|478|368|468|463|465|429|467|476|464|418|413|447|463|408|467|326|413|440|452|416|449
Iteração que foi encontrado o Melhor Global: 750
Quantas vezes o Melhor Global foi alterado (Lembrando que a verificação na inicialização acumula nesse contador): 10
Particula Inicial do melhor global:
2,765230|1,374891|0,070418|1,087979|0,736779|2,838885|3,196414|2,601820|0,695880|0,258837|1,932056|0,435036|3,729706|0,665651|2,372427|3,703232|1,584749|1,638042|1,193879|0,758132|0,768458|0,281061|0,544720|1,774312|1,264264|
Particula Final do melhor global:
0,524344|1,881327|0,089858|1,606936|0,278426|3,075761|1,646903|1,569114|1,900987|0,527898|2,973612|0,120111|3,174114|2,042847|1,268914|2,475855|2,534004|3,502596|2,462940|1,493589|3,342463|2,431006|1,966051|0,128127|3,651627|
A melhor solução desse PSO é:
2 11 23 4 0 9 
14 19 7 3 6 1 8 22 
13 21 18 15 16 10 
5 12 20 17 24 
Quantidade de trocas de:6,000000
Makespan: 293,000000
