316|397|533|402|399|413|367|409|362|314|356|392|528|331|498|399|333|295|374|372|310|352|521|404|398|398|455|424|333|335|285|498|364|316|399|315|303|443|422|524|300|456|413|508|342|384|317|501|330|307|458|522|313|546|609|455|373|462|351|428|479|433|653|332|337|345|450|378|585|371|416|321|414|367|350|347|377|430|503|441|505|395|462|456|311|421|401|554|342|399|430|593|392|323|511|470|430|294|350|469|378|361|415|325|305|337|371|352|579|509|373|375|411|428|361|344|367|387|464|317|402|374|475|366|433|368|326|436|467|327|566|412|364|458|401|344|378|386|404|324|414|291|411|358|364|311|469|349|292|422|447|296|322|444|509|346|590|452|354|627|339|345|317|316|428|437|317|452|536|387|451|371|365|316|382|510|482|371|359|382|378|390|334|380|393|354|387|312|365|340|427|365|463|399|411|553|342|359|388|484|648|397|356|584|345|381|428|483|388|333|465|521|388|329|374|358|297|402|356|457|425|383|368|356|354|333|322|413|373|373|377|382|364|327|305|546|283|358|527|319|628|358|560|349|446|309|421|450|363|427
225|241|249|237|247|238|244|235|225|225|249|242|239|252|225|251|243|246|245|229|248|261|248|265|256|244|251|225|251|240|247|230|250|251|260|225|248|242|248|230|237|254|242|259|256|248|225|238|242|256|247|225|241|231|246|226|262|243|249|250|243|225|225|243|256|254|258|258|225|250|254|249|263|241|256|248|225|246|239|249|247|237|235|226|242|225|225|266|251|244|225|265|240|225|225|269|256|242|230|237|239|247|236|242|250|251|222|254|249|237|249|239|254|249|244|249|252|233|246|256|251|238|246|243|250|225|260|262|248|225|254|258|225|236|252|230|233|222|240|266|225|251|242|241|247|225|254|256|243|238|244|240|233|254|240|264|253|239|248|248|257|225|226|245|230|259|246|265|256|253|267|237|225|243|251|248|255|253|255|231|238|252|249|237|249|238|243|255|242|240|240|265|247|242|256|240|225|261|254|257|266|239|258|254|242|243|243|256|225|246|245|247|255|250|225|225|249|243|237|244|225|239|251|239|241|243|253|245|225|264|266|225|247|243|270|260|242|250|245|249|226|231|260|247|225|246|249|269|257|247
Iteração que foi encontrado o Melhor Global: 788
Quantas vezes o Melhor Global foi alterado (Lembrando que a verificação na inicialização acumula nesse contador): 16
Particula Inicial do melhor global:
0,812234|0,800986|2,395858|2,082334|1,448191|1,866542|0,489078|0,562350|1,489841|2,352091|1,430827|0,808098|2,673453|0,109826|2,940640|1,556856|2,903199|2,349581|2,622755|1,796334|2,296472|2,235996|2,182425|1,884017|1,340518|
Particula Final do melhor global:
2,661176|0,953096|1,035307|0,498154|2,724211|0,529119|2,299083|0,450114|1,092652|1,599309|0,928498|0,801587|1,874130|1,131592|0,240059|2,350217|2,108333|0,978592|1,117356|2,155305|1,592982|0,788165|2,179100|1,792901|2,634738|
A melhor solução desse PSO é:
14 7 3 5 21 11 10 1 17 
2 8 18 13 20 9 23 12 
16 19 22 6 15 24 0 4 
Quantidade de trocas de:2,000000
Makespan: 222,000000
