598|494|416|580|501|469|484|481|516|477|506|701|481|491|477|615|515|476|438|636|454|664|418|535|438|416|405|454|566|390|409|518|412|472|512|506|492|597|591|566|409|535|540|486|489|561|553|439|568|521|606|510|479|552|540|551|416|582|710|382|671|793|551|465|593|410|510|450|511|511|416|722|510|479|530|613|635|496|593|473|744|805|661|615|519|671|669|589|451|513|412|669|495|557|521|510|405|463|606|583|389|431|521|492|783|504|600|508|582|648|689|438|453|516|542|459|544|745|429|744|724|748|574|377|658|405|663|451|468|472|640|548|490|505|547|740|656|485|472|486|449|610|580|578|451|689|567|452|511|558|567|562|526|470|760|651|468|531|549|401|546|429|404|526|811|434|503|470|418|534|601|418|468|639|480|384|539|533|680|545|495|505|517|805|701|786|457|648|496|409|522|460|433|465|443|697|694|436|416|478|549|538|442|455|518|556|425|609|738|601|517|554|414|689|544|444|542|444|639|487|541|610|758|576|679|445|682|673|522|501|665|470|456|729|495|532|392|371|412|589|595|619|581|540|419|559|615|681|418|760
322|316|328|314|322|293|315|301|295|300|310|312|304|322|331|317|310|328|321|328|304|306|326|325|317|329|309|311|304|295|314|296|315|292|304|327|310|306|308|326|308|292|348|299|305|295|334|307|295|310|291|291|309|313|306|304|291|322|332|322|347|289|325|327|295|290|300|295|326|326|313|294|289|330|303|303|301|322|317|307|333|305|305|313|306|323|304|307|330|304|341|343|318|295|295|331|317|323|319|300|321|341|309|302|301|342|295|295|319|318|309|292|301|296|295|293|315|300|298|291|327|305|315|292|302|295|313|310|298|304|343|329|304|319|328|295|317|290|312|295|295|317|319|296|293|310|345|323|321|315|306|317|321|295|319|297|301|301|301|319|313|304|304|292|304|295|322|293|290|301|303|315|316|351|295|329|342|325|295|306|293|300|315|322|295|303|305|318|319|308|308|333|295|304|316|298|295|305|312|326|311|321|313|304|304|337|303|292|304|319|291|325|306|303|313|313|334|295|297|292|323|324|295|305|295|331|327|304|311|319|292|343|307|304|308|325|338|319|291|338|333|289|295|322|295|295|318|320|320|335
Iteração que foi encontrado o Melhor Global: 834
Quantas vezes o Melhor Global foi alterado (Lembrando que a verificação na inicialização acumula nesse contador): 13
Particula Inicial do melhor global:
0,070237|0,905728|0,399902|2,854642|0,230383|2,493717|1,589236|2,088269|0,622546|1,585139|0,309097|0,387205|2,494685|0,365541|0,922014|0,873982|0,270191|1,382314|0,294670|1,489288|0,015113|2,186626|0,552712|1,504797|2,118247|
Particula Final do melhor global:
2,213666|0,185872|0,555967|0,604564|1,438730|2,461304|2,749377|1,225253|1,221291|2,274668|1,823544|2,646640|1,252357|1,681023|0,796005|1,635890|0,399469|1,071569|0,875985|2,494097|1,122051|0,351421|0,510893|2,478931|2,984209|
A melhor solução desse PSO é:
1 21 16 22 2 3 14 18 
17 20 8 7 12 4 15 13 10 
0 9 5 23 19 11 6 24 
Quantidade de trocas de:2,000000
Makespan: 289,000000
