314|364|284|265|252|280|463|395|367|398|356|475|366|343|444|379|334|331|327|321|337|489|476|322|353|353|349|513|291|373|271|311|334|294|299|327|475|349|251|331|276|379|291|344|264|345|331|246|299|267|377|328|574|321|292|397|302|376|294|321|364|532|406|391|379|311|413|281|360|337|364|422|237|461|624|394|322|309|404|362|357|259|302|322|452|323|255|360|271|287|266|398|298|292|387|339|395|328|264|380|371|416|502|362|396|298|260|341|403|302|331|416|261|309|381|334|373|436|326|331|453|292|371|358|350|348|364|435|535|272|447|428|371|324|298|275|325|284|312|264|305|326|468|323|305|341|298|414|299|425|297|360|285|381|433|422|468|345|447|295|275|365|377|253|363|369|250|260|399|470|315|305|435|476|367|370|387|325|346|300|384|397|410|335|402|411|267|228|410|387|496|371|460|378|466|257|285|497|557|305|310|382|323|276|290|384|300|299|351|227|341|500|316|366|401|352|330|397|275|307|329|349|299|361|377|382|312|398|419|359|285|255|385|402|317|367|385|343|328|323|371|358|263|301|355|442|346|420|315|306
198|179|205|192|201|205|199|191|178|182|205|187|181|205|190|181|212|203|187|183|197|195|196|200|200|213|200|199|198|211|206|203|196|197|199|189|212|211|194|208|224|202|206|203|209|181|206|217|181|190|193|187|204|181|189|192|186|204|200|184|181|181|188|230|206|215|180|202|207|189|198|210|214|219|181|184|184|181|198|191|187|213|181|174|216|197|182|218|213|200|209|173|184|186|179|177|215|189|173|190|203|211|206|212|192|190|211|184|203|192|205|185|196|205|191|177|189|174|192|207|207|181|205|212|208|209|194|178|208|220|202|210|184|201|190|199|184|190|191|190|193|200|207|181|184|199|188|209|181|187|180|206|198|201|208|193|200|209|195|184|202|202|187|196|186|173|192|214|193|180|173|192|208|190|194|181|190|181|195|200|200|208|200|204|188|204|214|211|200|193|204|213|196|181|202|199|220|195|181|207|199|213|192|206|206|219|192|180|219|204|214|209|209|204|186|173|195|205|193|204|181|188|181|215|209|181|203|199|207|173|207|193|208|202|189|191|216|186|224|182|181|177|173|203|223|192|207|197|199|198
Iteração que foi encontrado o Melhor Global: 334
Quantas vezes o Melhor Global foi alterado (Lembrando que a verificação na inicialização acumula nesse contador): 15
Particula Inicial do melhor global:
3,739329|0,776740|3,024446|2,974561|3,669410|3,926662|3,614258|1,365314|0,816030|0,758886|0,606520|2,043194|3,887616|2,753661|2,350817|0,805029|2,393755|1,054073|1,677546|3,869174|3,745387|1,721229|1,475074|1,647996|3,031772|
Particula Final do melhor global:
2,257532|2,697269|1,961574|0,218199|2,388504|3,477118|2,040991|3,208639|2,484131|3,921348|1,482047|1,138492|1,053722|3,382573|3,579710|3,038831|0,375201|1,716929|1,350326|1,740982|3,451174|1,032392|0,758264|2,014714|0,540081|
A melhor solução desse PSO é:
3 16 24 22 
21 12 11 18 10 17 19 2 
23 6 0 4 8 1 
15 7 13 20 5 14 9 
Quantidade de trocas de:0,000000
Makespan: 173,000000
