674|1005|592|963|757|1011|1242|678|718|801|891|830|843|673|854|728|969|751|808|803|849|797|946|1165|806|1053|1022|1002|803|685|970|811|1118|716|663|936|784|641|911|867|744|644|665|1114|993|791|884|1205|786|1086|721|707|725|740|850|705|845|1134|907|1126|693|1213|690|815|870|800|771|802|820|873|791|784|763|641|789|939|1033|784|1062|764|878|713|765|735|832|992|843|950|633|702|912|897|1036|788|1196|1229|674|933|1073|930|844|837|879|1054|746|807|965|810|763|957|803|1051|861|671|793|819|883|888|1188|954|1126|1053|703|914|1315|843|996|712|1146|892|727|635|1143|805|771|983|960|938|770|893|792|897|962|987|562|847|983|848|938|1266|833|874|896|903|968|921|1000|672|721|764|829|872|689|854|1077|975|841|924|1228|915|817|998|680|998|1085|784|909|1015|812|733|858|984|742|1137|1001|946|825|875|1213|878|1269|954|739|1026|648|843|580|1266|917|586|1000|914|880|702|817|862|1169|717|735|909|692|936|877|986|858|647|1072|785|1078|741|873|812|1019|636|960|742|836|743|1169|848|1135|771|718|1147|774|831|1184|998|920|978|879|763|720|876|670|898|1048|820|859|1106
390|408|390|476|437|390|390|405|390|390|458|450|521|466|408|453|443|390|428|390|409|450|390|452|448|458|390|390|522|390|437|390|408|405|405|390|390|390|443|458|390|414|551|500|458|390|390|390|473|495|390|399|395|399|390|406|405|390|390|405|390|390|438|390|405|390|452|390|395|408|440|417|451|439|479|448|405|417|405|390|436|398|446|390|433|390|432|455|456|390|390|473|499|486|452|390|405|458|405|458|475|390|390|405|491|405|390|471|452|430|407|390|390|390|520|429|390|440|470|390|403|390|390|390|390|395|412|390|390|390|424|405|390|390|422|458|447|443|479|399|390|444|459|432|390|401|405|445|437|390|452|390|390|405|390|390|390|405|450|493|528|390|390|428|452|458|390|390|390|405|390|418|390|433|390|455|437|404|399|390|390|390|453|390|454|452|423|515|390|390|390|437|511|390|418|452|405|458|473|400|390|407|405|414|390|405|499|390|443|414|390|390|452|433|390|390|433|390|434|460|485|481|405|390|437|452|398|405|530|445|390|448|405|401|405|418|390|390|405|390|390|457|424|493|390|439|439|405|432|502
Iteração que foi encontrado o Melhor Global: 179
Quantas vezes o Melhor Global foi alterado (Lembrando que a verificação na inicialização acumula nesse contador): 9
Particula Inicial do melhor global:
0,409093|1,950208|0,944054|2,273463|2,811969|2,011632|0,771126|0,800416|2,265395|1,111211|2,445066|2,374036|2,238834|0,582386|2,336804|2,398875|0,427511|0,148250|0,511407|2,646478|2,789404|0,386304|0,631129|2,958882|1,958000|
Particula Final do melhor global:
2,449509|2,697513|0,946564|1,159293|0,433787|2,168499|0,857726|2,434532|1,082193|0,870961|0,278972|0,205777|1,144937|2,573869|1,746570|1,659449|1,267643|1,324304|0,957936|2,330963|1,395317|2,706234|2,253199|1,917243|2,808388|
A melhor solução desse PSO é:
11 10 4 6 9 2 18 
8 12 3 16 17 20 15 14 23 
5 22 19 7 0 13 1 21 24 
Quantidade de trocas de:2,000000
Makespan: 390,000000
