512|391|643|460|726|494|601|530|987|568|621|594|842|547|772|641|553|597|556|482|385|509|439|611|562|891|527|414|579|504|507|595|634|356|657|694|600|765|586|841|542|554|1006|706|847|793|754|483|916|767|877|629|542|384|527|435|499|398|840|523|540|517|880|652|822|754|483|547|585|537|444|464|720|805|429|579|735|513|650|572|368|482|655|683|437|564|555|740|1002|689|619|1028|550|427|514|714|494|640|545|687|640|546|560|428|634|593|732|614|711|550|443|361|654|561|427|415|519|601|558|689|860|510|923|504|664|518|676|526|528|409|559|838|591|845|688|531|787|554|704|486|826|507|496|608|923|834|700|407|726|648|800|393|530|363|591|772|584|621|669|722|502|452|522|865|407|633|501|533|681|462|534|480|644|509|718|506|443|714|523|573|728|666|669|514|479|766|612|600|578|546|608|624|701|809|725|709|777|468|594|404|804|604|840|558|508|623|480|536|726|399|765|697|715|554|636|452|727|908|754|557|469|806|583|594|742|593|575|548|1191|448|611|758|558|385|650|389|508|602|635|416|689|792|641|706|716|448|485|646|645|954
201|176|176|276|272|250|176|239|292|176|289|176|276|201|192|234|176|286|213|227|225|278|208|186|203|318|176|178|176|225|186|210|176|213|225|199|296|208|176|201|198|284|176|176|176|253|241|176|176|176|176|176|242|176|205|205|299|225|214|214|269|241|226|189|176|199|176|227|250|176|186|178|214|192|176|273|199|193|203|189|248|178|197|189|176|237|201|220|209|176|176|242|229|214|239|176|191|178|273|202|252|244|305|176|186|176|202|245|176|176|210|295|176|211|180|176|176|176|236|224|286|230|176|178|178|294|176|200|178|176|234|176|272|176|238|176|238|176|191|176|213|203|235|198|259|176|187|232|201|224|259|205|180|176|296|176|233|176|201|270|176|209|318|265|238|176|293|192|222|229|176|201|208|193|178|176|263|221|206|203|176|202|259|236|219|277|247|288|243|176|176|232|176|176|332|214|269|192|262|176|178|176|176|259|251|192|243|176|176|185|233|239|176|182|176|205|251|176|193|269|274|176|178|176|229|176|221|176|214|231|176|193|178|193|176|180|284|176|209|176|176|199|176|323|275|235|240|176|224|176
Iteração que foi encontrado o Melhor Global: 202
Quantas vezes o Melhor Global foi alterado (Lembrando que a verificação na inicialização acumula nesse contador): 17
Particula Inicial do melhor global:
3,949318|2,275738|0,893152|2,555664|3,604034|0,319685|2,677798|0,437128|2,861512|2,184482|3,875114|2,098937|2,580677|1,947572|3,846570|2,388412|0,925763|3,880318|3,061073|1,810450|2,437032|2,716624|3,420865|3,536697|2,493953|
Particula Final do melhor global:
0,743663|1,237761|2,232955|1,590200|3,459261|1,323545|3,355124|0,457863|0,629088|2,781960|2,180305|1,746708|2,110216|1,942180|1,490186|2,676097|2,170164|3,344437|2,713628|2,500490|1,066123|0,876632|3,286619|1,213481|3,489319|
A melhor solução desse PSO é:
7 8 0 21 
20 23 1 5 14 3 11 13 
12 16 10 2 19 15 18 9 
22 17 6 4 24 
Quantidade de trocas de:0,000000
Makespan: 176,000000
