890|1121|888|729|976|1188|897|1173|659|1086|1135|713|941|813|861|1058|865|709|841|810|947|872|1256|855|699|1086|1418|854|960|890|1108|810|849|1145|1119|1429|868|779|902|911|710|707|638|825|741|872|1004|972|759|552|714|825|1339|832|1374|843|761|893|673|939|868|988|1151|813|606|1094|930|1090|909|841|747|813|1106|918|862|1152|795|992|828|1032|721|894|921|653|1120|885|1197|873|1106|880|968|725|701|863|681|951|645|853|741|922|809|817|700|987|745|892|730|938|1196|1380|924|706|775|697|982|751|771|787|1019|883|1270|1048|675|810|862|876|1277|630|883|968|1022|706|829|835|711|1343|923|622|695|1158|838|1062|806|805|984|907|852|994|783|909|698|1411|614|708|732|891|1054|803|957|638|913|757|877|734|1219|997|658|904|873|734|765|857|979|1534|685|808|836|751|964|783|1495|758|891|655|688|780|704|772|926|986|792|1129|874|703|983|955|765|636|716|704|831|1349|751|1144|645|1098|855|961|1286|820|683|778|983|835|553|1240|769|785|1056|1223|1109|797|820|921|877|803|1004|882|724|1184|860|998|1405|847|1366|667|885|1068|595|1010|847|853|1199|842|672|1151|739|840|948|736
390|437|409|451|410|390|390|414|437|517|477|398|390|401|473|434|467|475|390|467|485|447|433|390|477|408|449|437|390|390|409|401|408|409|434|495|390|390|390|459|418|390|443|390|390|390|484|390|428|390|480|414|464|390|424|390|437|409|451|460|451|390|414|390|390|482|390|390|534|497|390|390|475|390|390|390|390|542|390|406|390|390|390|506|418|481|481|406|419|476|390|390|390|448|451|390|390|390|461|517|390|414|443|420|390|390|398|473|409|409|432|486|390|390|390|400|390|451|390|390|390|456|433|390|493|390|390|390|484|390|432|479|417|414|455|390|398|390|390|409|390|390|434|395|424|451|390|390|390|390|479|390|501|390|452|390|390|437|390|463|390|390|390|502|511|451|451|503|390|390|427|390|493|430|480|492|419|414|390|414|477|390|400|436|477|451|390|452|456|405|465|444|390|479|466|414|511|478|390|432|390|390|390|504|433|390|456|390|390|457|423|400|390|390|514|424|418|390|466|431|458|390|390|451|498|390|390|404|409|414|442|390|452|390|390|398|390|455|390|390|390|467|390|491|482|390|390|390|414|460
Iteração que foi encontrado o Melhor Global: 174
Quantas vezes o Melhor Global foi alterado (Lembrando que a verificação na inicialização acumula nesse contador): 16
Particula Inicial do melhor global:
0,014884|2,283274|1,888302|1,879345|1,499379|1,599823|2,042218|1,834732|1,695749|0,373702|2,823285|2,232365|0,721639|0,910887|2,200050|2,377330|1,937300|0,503701|0,572938|0,025351|1,639458|2,776399|1,101492|1,733534|2,720416|
Particula Final do melhor global:
0,503595|0,887790|1,828459|2,597846|1,255771|0,147762|1,137286|0,556294|2,137286|1,775744|1,449514|1,256259|2,001328|0,907014|2,216920|2,342186|2,576917|1,017884|1,813092|0,924694|2,518811|0,375823|0,573939|2,148931|0,870227|
A melhor solução desse PSO é:
5 21 0 7 22 24 1 13 19 
17 6 4 11 10 9 18 2 
12 8 23 14 15 20 16 3 
Quantidade de trocas de:2,000000
Makespan: 390,000000
