631|642|720|731|615|521|540|541|1029|714|538|643|440|727|929|524|708|629|549|815|524|706|771|621|493|598|548|606|700|719|1030|881|628|453|804|558|470|493|865|530|824|637|879|539|590|694|584|687|588|592|763|899|580|591|846|396|686|644|465|484|526|841|962|633|759|569|600|495|547|578|519|486|1085|583|596|531|498|582|808|455|534|697|830|793|479|872|913|715|622|572|680|525|687|893|549|733|805|641|629|537|435|545|911|707|674|552|390|710|428|590|511|645|568|642|484|468|511|975|858|640|694|601|427|798|763|587|779|628|645|487|450|494|725|579|781|944|697|607|634|474|826|658|558|546|711|857|642|718|659|626|615|863|886|668|757|657|491|508|595|658|872|493|999|599|1004|457|674|547|578|600|880|536|835|536|632|751|444|1058|747|470|667|578|748|607|1426|410|596|920|611|837|588|570|851|591|909|596|873|552|611|548|829|1108|570|683|642|459|533|640|488|564|719|463|542|633|451|444|526|540|518|1062|485|621|732|428|522|810|743|559|462|470|492|780|758|544|874|765|651|679|763|646|573|813|615|473|636|552|722|664|560|477
350|304|282|319|321|324|246|293|332|275|277|342|320|345|303|344|346|266|330|276|275|345|293|335|309|306|326|285|314|289|325|339|348|294|257|339|341|302|345|348|319|308|274|319|288|346|304|282|308|278|261|328|292|332|312|300|270|273|244|335|308|290|279|353|315|320|280|252|293|267|258|345|278|283|300|358|355|290|274|248|291|293|304|303|234|287|295|275|280|291|336|246|285|244|305|352|308|324|289|289|337|333|341|292|332|321|294|279|319|330|283|291|352|301|282|265|339|350|346|313|331|304|215|318|293|304|306|340|342|280|299|299|327|337|338|277|329|316|306|280|355|325|315|310|321|331|304|304|306|306|215|307|312|333|329|266|268|246|311|322|345|293|300|348|329|276|302|234|316|300|349|309|323|293|305|307|302|315|327|329|291|310|340|326|284|278|328|351|289|308|321|360|305|277|323|276|304|250|316|313|340|287|274|317|337|358|315|337|316|299|312|292|248|313|332|291|275|279|331|308|282|295|269|258|315|313|311|320|359|280|269|287|290|281|304|263|287|340|291|295|261|319|280|273|319|322|317|311|275|312
Iteração que foi encontrado o Melhor Global: 901
Quantas vezes o Melhor Global foi alterado (Lembrando que a verificação na inicialização acumula nesse contador): 15
Particula Inicial do melhor global:
3,693055|2,716059|1,860871|2,027155|0,616009|1,319586|2,535214|1,671177|2,567929|2,760210|0,501827|3,394708|3,979491|3,182482|2,136062|1,815655|0,687809|3,031277|2,676043|0,182528|3,394212|0,633621|2,181472|2,279269|1,687860|
Particula Final do melhor global:
2,929832|3,769654|3,519701|3,118104|3,060023|0,958884|3,105304|2,249398|0,280194|0,317595|0,919452|2,857223|1,665736|0,952894|1,736001|2,295053|3,732652|2,999144|0,843285|1,874660|1,056697|0,160285|1,532672|1,230190|3,850859|
A melhor solução desse PSO é:
21 8 9 18 10 13 5 
20 23 22 12 14 19 
7 15 11 0 17 
4 6 3 2 16 1 24 
Quantidade de trocas de:0,000000
Makespan: 215,000000
