242|161|180|192|181|188|266|197|187|268|192|201|189|177|168|178|199|264|204|177|224|237|198|164|181|147|196|186|243|247|209|220|267|158|191|192|195|177|179|248|177|176|213|169|168|262|241|215|221|268|188|185|160|203|187|166|170|229|201|230|142|213|183|285|196|207|248|230|229|243|195|171|227|176|165|192|169|183|251|161|169|165|174|267|186|205|247|206|218|198|221|171|252|213|233|255|196|246|191|142|197|239|161|203|221|165|252|235|227|183|242|261|251|160|265|149|192|151|219|211|152|270|238|177|149|209|264|191|188|162|226|203|169|207|279|293|176|218|294|239|238|226|189|194|192|172|223|244|248|243|167|177|184|163|241|201|224|167|257|229|202|178|155|190|198|170|230|163|163|156|235|197|146|155|188|164|231|198|209|295|225|201|208|165|195|214|190|220|190|193|186|208|247|216|204|253|226|227|275|188|153|238|162|215|272|264|195|188|168|219|236|229|190|165|223|207|196|157|221|332|220|143|137|258|180|204|148|167|188|183|163|204|173|169|222|176|172|208|155|196|258|238|163|229|224|190|279|214|197|163
130|131|138|133|132|140|131|130|133|134|134|139|132|135|135|134|133|134|134|133|135|134|131|129|135|134|135|135|132|133|133|130|132|129|135|132|132|131|135|134|136|136|135|132|136|134|136|136|138|134|132|132|130|132|134|135|135|132|133|132|136|134|133|133|136|135|135|134|130|132|135|136|131|135|131|137|132|130|131|133|137|132|132|134|132|134|135|131|135|136|133|133|134|133|133|133|130|132|131|137|137|132|130|133|136|131|133|132|133|131|130|130|132|135|131|130|139|133|138|136|132|131|135|130|130|135|134|132|129|134|132|134|132|135|132|131|133|138|137|131|133|134|136|135|131|134|134|132|129|133|129|135|129|136|134|134|131|134|131|133|134|134|131|133|134|129|131|135|135|129|131|138|133|131|132|138|131|133|132|130|134|129|133|138|131|133|133|132|133|132|132|131|133|134|132|133|129|133|132|129|129|130|134|133|137|131|131|131|129|135|135|134|129|133|133|130|133|134|132|132|129|132|132|131|131|136|137|133|134|137|131|133|131|137|133|134|134|134|131|136|133|132|134|135|134|132|129|133|131|132
Iteração que foi encontrado o Melhor Global: 138
Quantas vezes o Melhor Global foi alterado (Lembrando que a verificação na inicialização acumula nesse contador): 6
Particula Inicial do melhor global:
2,749880|2,021598|1,633407|1,901765|0,256761|2,281744|1,702848|0,774640|3,890230|1,311092|3,183127|0,242438|2,782388|2,432485|0,675397|3,110170|2,899102|2,805768|1,673968|0,016421|3,190667|2,643909|2,003778|3,342924|0,408720|
Particula Final do melhor global:
3,047084|2,733263|1,781115|3,031794|3,111364|3,808764|1,520837|1,560210|3,825252|0,555830|0,141695|0,016702|1,714224|2,883290|1,207463|1,614270|2,539439|0,024574|2,313533|0,586845|0,763449|1,409314|2,250900|2,726615|3,643318|
A melhor solução desse PSO é:
11 17 10 9 19 20 
14 21 6 7 15 12 2 
22 18 16 23 1 13 
3 0 4 24 5 8 
Quantidade de trocas de:6,000000
Makespan: 129,000000
