451|413|393|582|305|579|309|357|415|551|331|348|387|494|459|384|367|555|343|412|380|487|327|478|372|354|312|335|329|350|363|502|334|340|474|328|388|534|281|400|433|403|334|400|405|373|398|357|312|454|379|583|388|297|289|308|294|353|453|369|375|333|411|403|457|418|395|368|401|361|386|429|446|490|525|406|451|497|499|289|364|439|321|290|342|373|323|398|344|467|535|295|479|456|458|396|450|345|353|436|330|423|362|426|449|429|451|311|408|405|380|370|424|305|297|645|267|325|567|366|399|344|500|460|405|454|383|526|423|392|370|327|382|378|323|444|344|396|558|373|350|436|364|343|324|388|410|415|324|403|406|450|326|468|491|358|369|351|354|366|390|416|378|372|573|403|504|343|507|341|399|396|472|374|474|430|388|439|362|530|416|510|450|375|338|394|448|494|343|377|342|355|339|409|446|402|403|363|405|596|362|411|330|317|343|505|378|497|439|360|331|327|425|326|360|284|490|401|378|362|358|475|476|307|350|279|283|353|370|405|437|377|449|456|428|364|344|491|475|396|343|439|388|351|374|451|287|320|506|445
253|236|251|252|234|258|261|242|254|251|253|235|246|230|248|252|244|246|248|242|240|242|242|260|244|242|260|232|253|232|260|244|248|224|239|251|240|244|266|246|244|255|239|246|243|261|228|245|250|239|249|240|248|271|250|264|255|252|245|250|250|247|252|246|235|237|238|251|240|264|247|257|259|247|261|261|246|257|241|244|255|245|242|227|247|254|250|251|248|254|255|251|242|255|252|245|240|256|229|244|240|256|256|244|246|243|272|238|224|263|239|257|247|255|247|243|244|249|266|247|224|256|256|232|251|250|252|261|249|249|257|243|252|255|260|239|243|250|253|258|257|256|231|257|247|256|234|262|249|254|245|253|261|246|240|253|248|247|254|256|252|251|264|249|258|250|247|237|252|246|254|244|251|237|256|246|238|258|260|254|245|244|236|245|245|247|239|248|251|224|237|260|247|246|239|248|245|250|251|224|249|246|245|253|234|255|228|242|249|259|248|235|257|254|246|255|252|234|234|243|224|249|248|249|245|252|249|246|247|242|248|244|254|249|252|231|245|252|253|248|251|245|238|247|252|251|253|250|250|238
Iteração que foi encontrado o Melhor Global: 269
Quantas vezes o Melhor Global foi alterado (Lembrando que a verificação na inicialização acumula nesse contador): 8
Particula Inicial do melhor global:
1,799749|3,381334|3,574445|1,403573|0,500159|2,919208|0,122153|1,121206|2,176971|3,432486|1,921976|1,974074|0,499037|0,870212|1,705283|2,060547|3,664558|1,654265|0,754825|3,438674|2,511949|3,280428|0,920424|0,626659|1,288399|
Particula Final do melhor global:
0,466605|0,247340|3,237809|3,520658|3,022451|0,087888|2,952088|2,155389|0,964756|0,161414|1,304962|2,485281|1,677273|0,553767|3,566165|1,096222|3,513312|1,931245|1,714250|0,485909|1,247265|2,364928|3,575537|2,352367|2,939619|
A melhor solução desse PSO é:
5 9 1 0 19 13 8 
15 20 10 12 18 17 
7 23 21 11 24 6 
4 2 16 3 14 22 
Quantidade de trocas de:1,000000
Makespan: 224,000000
