857|1033|1496|922|1074|1452|1112|1093|748|1037|746|1150|1035|814|783|1169|631|1101|1070|1494|980|847|878|956|854|849|1332|1322|979|839|985|1128|954|1430|1256|866|1262|821|950|900|1252|922|921|1223|1348|1193|979|991|779|911|754|1532|826|1150|1074|1173|932|855|990|754|938|1054|1162|894|1159|805|917|847|1440|858|1038|787|1164|968|1130|920|970|1178|876|1140|1234|899|1072|1200|764|1012|883|992|1246|1119|1032|849|943|795|1004|676|863|1323|1122|992|1450|1165|839|1219|771|1156|958|1198|868|609|1271|985|1040|1092|904|893|830|994|978|852|835|782|995|771|847|891|1207|998|857|1030|1363|748|778|893|951|1200|844|1298|1003|923|1020|1161|1186|802|763|1134|944|870|1197|1003|820|868|1218|971|962|1007|977|930|946|936|858|860|982|1155|863|1013|917|1318|955|847|1071|953|1025|1036|790|862|1059|679|886|861|822|1120|1155|982|1115|925|1006|1210|1058|846|1114|782|1112|1003|943|898|917|1150|1228|1032|924|1114|1300|1093|1064|848|1223|888|1373|1248|1110|911|826|910|1070|831|763|775|818|891|1086|869|903|822|1232|1267|1029|938|730|1231|900|884|929|1211|1040|945|1114|935|968|956|854|1077|901|1016|1211|1303|1311|784|1226|1324
511|492|589|501|501|547|479|479|536|493|528|584|479|511|591|591|587|511|515|585|479|479|479|479|517|605|525|517|530|586|479|496|512|523|584|479|550|553|496|529|479|512|617|637|503|479|479|479|562|485|550|517|511|584|537|479|539|511|501|558|479|479|511|539|580|479|511|518|524|511|512|479|479|535|602|562|479|555|479|592|519|517|511|546|503|511|545|556|529|517|479|549|500|529|479|612|511|632|479|479|479|540|530|559|582|556|568|479|516|583|511|511|546|521|511|511|495|579|479|511|552|578|585|620|503|496|582|615|514|593|479|503|620|517|482|479|511|553|479|511|624|503|501|496|570|613|590|524|520|551|550|553|554|479|541|517|479|546|512|617|511|584|518|523|479|493|479|479|528|522|547|523|550|519|479|609|551|479|479|528|511|580|584|511|479|547|490|479|595|508|517|579|479|479|479|511|479|517|546|593|479|505|511|503|479|479|529|479|479|479|503|567|515|503|479|517|479|532|561|537|479|511|514|506|479|513|501|479|479|528|479|561|519|530|497|479|511|511|511|527|532|572|540|529|564|553|526|561|506|553
Iteração que foi encontrado o Melhor Global: 330
Quantas vezes o Melhor Global foi alterado (Lembrando que a verificação na inicialização acumula nesse contador): 15
Particula Inicial do melhor global:
0,088004|0,317523|1,296437|0,798057|1,521034|1,001898|0,697896|0,984913|1,181217|1,165748|0,531868|1,244475|0,387828|0,457643|1,278376|1,316136|1,772687|0,905810|0,339110|0,967446|1,271392|0,988735|1,947641|0,263840|1,668420|
Particula Final do melhor global:
1,444185|1,396068|1,034894|1,269432|1,294203|1,759814|1,200584|0,543890|1,095005|1,253608|0,240814|1,169962|0,229945|0,483614|1,465139|0,084836|0,365737|0,226573|0,247621|1,195006|0,330796|0,360879|0,474634|0,795247|1,759198|
A melhor solução desse PSO é:
15 17 12 10 18 20 21 16 22 13 7 23 
2 8 11 19 6 9 3 4 1 0 14 24 5 
Quantidade de trocas de:4,000000
Makespan: 479,000000
