1422|1033|1219|1419|1181|984|1126|916|1069|1370|1057|1111|994|1449|1209|1092|935|862|1286|1147|1010|1045|969|903|872|1207|1137|972|1581|896|1371|866|1359|962|845|1166|1344|944|1195|952|1009|952|1146|938|1375|1678|771|916|1362|1558|1109|958|1177|1489|796|1059|1024|1321|940|856|867|990|1196|1553|1088|1135|1148|1061|1461|1051|1042|1047|838|1444|1250|1167|1643|1155|1063|1308|1065|1067|952|1357|1341|1118|750|1357|1161|1094|1196|1004|928|1069|1826|734|1061|1167|1160|1584|871|800|1105|956|818|1044|1045|1161|1010|1086|1362|1088|985|1059|1727|866|1112|1162|1299|794|856|812|888|1099|790|1001|1111|1496|1026|994|1126|1060|962|1003|1247|1302|1482|1352|933|1126|1204|741|1615|1032|1248|1050|711|979|915|1303|1099|1167|1254|1370|1293|991|1295|872|1079|837|863|1120|918|1278|968|1287|1005|1212|1587|944|1088|740|1077|1076|749|1176|977|770|1017|1162|1182|1234|1037|1259|979|916|1259|959|1077|797|937|783|1151|978|1048|1067|704|918|1184|1097|1872|891|1095|755|883|1061|748|1059|1003|968|802|1450|820|1278|1694|1416|918|1193|1214|922|755|904|1077|1152|982|871|954|1344|855|992|1077|1236|945|1196|1004|781|1048|1087|1570|1331|1124|1466|919|1038|1004|790|1134|1201|1012|739
620|487|453|453|453|453|459|500|486|523|510|518|532|505|503|453|492|487|453|524|453|543|508|539|453|511|511|453|491|512|453|549|497|453|453|511|539|524|504|527|518|453|531|453|486|528|453|453|524|486|498|618|487|453|510|508|453|528|529|453|453|486|453|453|555|548|459|515|453|459|569|453|630|500|516|524|527|453|453|536|453|486|487|522|595|460|453|453|555|453|517|484|453|517|517|453|453|541|533|453|567|453|527|527|453|487|504|561|453|453|497|453|453|587|453|532|459|550|453|484|474|453|578|518|453|475|506|532|459|486|487|484|453|487|460|453|506|516|453|453|520|453|545|508|519|475|459|542|453|453|535|506|453|510|488|453|546|453|530|531|492|487|474|453|568|453|453|487|487|530|459|488|453|453|469|453|487|499|559|487|453|459|453|453|517|517|536|453|453|453|488|583|469|518|497|494|531|453|453|556|487|615|567|453|486|453|475|486|515|453|453|540|567|519|536|486|453|488|469|523|582|453|555|455|487|518|508|487|466|497|512|453|487|503|453|453|500|456|459|469|490|453|453|547|469|453|453|504|453|453
Iteração que foi encontrado o Melhor Global: 88
Quantas vezes o Melhor Global foi alterado (Lembrando que a verificação na inicialização acumula nesse contador): 14
Particula Inicial do melhor global:
1,910125|1,419756|2,671955|0,815012|2,957623|2,991823|0,416443|2,959782|1,367872|1,943788|1,858587|0,178103|0,601314|2,380501|2,339671|2,457984|0,958965|1,011046|1,601044|1,300762|2,451044|0,098359|2,002949|2,558505|1,341031|
Particula Final do melhor global:
1,296341|1,453559|0,860211|2,869263|2,366941|0,971349|0,776250|1,511606|0,365301|2,215382|2,112810|2,353062|1,003946|0,195973|1,875804|2,254043|1,226718|1,311705|1,429282|0,115734|2,203981|0,777917|2,232458|1,325214|2,849813|
A melhor solução desse PSO é:
19 13 8 6 21 2 5 
12 16 0 17 23 18 1 7 14 
10 20 9 22 15 11 4 24 3 
Quantidade de trocas de:8,000000
Makespan: 453,000000
