485|561|506|663|479|452|581|450|764|534|505|497|441|485|546|611|556|397|578|493|669|560|488|525|600|446|692|597|523|596|448|483|471|621|503|522|510|636|502|470|452|526|424|449|476|597|525|498|597|606|595|404|503|671|450|608|633|463|640|610|788|709|431|546|534|588|461|568|642|561|753|455|522|561|730|457|638|635|447|677|554|683|467|786|465|483|569|601|710|629|533|428|641|496|430|599|446|545|700|486|421|464|553|687|548|466|498|530|541|378|536|504|517|473|530|550|536|539|460|464|511|477|602|454|592|629|603|692|577|537|465|491|538|512|468|635|577|499|530|490|486|481|470|481|511|531|458|465|474|519|539|614|446|428|795|556|570|532|433|413|437|719|587|466|918|481|659|451|547|527|492|530|744|565|450|708|603|445|659|568|419|645|541|571|733|481|607|599|593|809|491|553|448|610|494|479|487|528|577|485|531|537|508|407|502|565|489|498|461|527|617|477|431|555|493|504|514|424|463|554|636|802|495|590|510|523|502|514|532|583|584|485|706|621|530|456|417|446|782|553|470|623|549|495|601|496|534|552|503|438
327|318|351|320|343|359|349|325|338|339|343|335|347|363|339|338|348|342|374|345|341|361|349|341|370|361|340|330|338|338|316|356|330|338|344|337|336|351|342|325|342|346|362|330|350|339|326|341|320|340|365|363|353|345|338|352|366|339|335|358|345|335|346|335|332|337|308|327|329|354|318|341|342|338|352|361|349|332|333|353|330|337|367|348|367|351|363|371|346|345|345|347|359|340|347|337|342|350|370|354|308|338|321|333|356|350|314|321|356|349|342|361|343|352|357|350|355|308|339|339|362|330|349|369|339|342|340|338|366|334|364|368|341|340|336|342|356|341|356|326|350|346|362|350|314|357|349|361|318|340|359|340|348|342|351|337|345|335|341|356|327|354|356|322|361|355|361|343|338|352|324|363|360|346|352|304|338|327|366|339|348|348|344|347|328|347|354|337|358|333|353|338|360|349|363|346|354|337|363|323|342|371|349|330|352|345|354|344|329|321|368|327|308|343|364|362|336|365|329|350|352|348|347|343|364|359|348|343|343|335|348|333|353|348|349|346|320|338|363|357|350|352|358|342|356|348|336|330|357|352
Iteração que foi encontrado o Melhor Global: 765
Quantas vezes o Melhor Global foi alterado (Lembrando que a verificação na inicialização acumula nesse contador): 15
Particula Inicial do melhor global:
0,462635|0,081122|0,535195|1,670711|2,031412|2,541274|2,007053|2,737004|2,214001|2,254150|1,019364|2,734700|0,679703|2,967493|2,130255|2,593234|2,060619|0,377008|2,696551|1,413317|1,538427|2,533977|2,659497|0,877048|2,799544|
Particula Final do melhor global:
1,863000|0,303564|1,627113|0,029375|2,348841|0,995911|0,217901|0,004515|1,261691|1,936046|2,017945|0,526021|1,634706|1,293590|2,173686|2,267304|2,449782|1,334006|2,431206|0,379851|2,946238|0,891220|1,044672|2,132453|1,542366|
A melhor solução desse PSO é:
7 3 6 1 19 11 21 5 
22 8 13 17 24 2 12 0 9 
10 23 14 15 4 18 16 20 
Quantidade de trocas de:11,000000
Makespan: 304,000000
