653|630|689|437|927|369|871|774|536|587|460|579|626|709|601|882|434|519|779|1132|662|754|535|914|756|718|687|684|406|541|612|814|698|638|807|684|529|524|649|898|545|443|828|824|781|647|534|708|675|496|904|558|677|725|520|452|582|770|798|809|580|779|771|598|516|346|438|807|551|581|913|701|583|575|665|544|475|632|594|550|590|581|646|601|753|624|612|688|525|669|448|590|532|786|423|417|495|684|556|629|569|687|792|507|788|909|502|932|630|435|591|884|722|572|766|472|674|766|590|530|560|588|512|469|904|641|616|568|725|559|514|825|542|774|642|356|621|515|821|659|583|748|554|919|719|560|610|383|543|565|634|744|445|532|402|600|1056|842|567|390|661|549|456|458|543|927|577|307|542|468|450|720|682|683|421|1192|535|534|747|434|624|745|403|597|480|420|561|499|593|526|577|1118|442|650|605|709|537|897|591|584|574|627|773|828|512|731|448|688|594|641|1024|628|674|574|731|620|442|722|476|651|510|663|973|746|485|541|850|777|649|541|411|540|546|667|498|679|732|608|907|580|580|631|910|566|618|458|589|564|1120|509
254|244|287|258|254|317|258|281|245|278|265|290|249|278|284|281|269|268|265|234|302|276|280|278|279|279|272|196|252|249|250|285|314|253|225|258|239|259|287|245|254|250|258|264|287|238|267|297|269|223|229|263|297|259|269|256|242|249|223|272|253|196|273|262|287|309|286|274|249|248|243|241|254|196|292|307|288|274|279|241|276|259|270|196|259|273|291|289|292|262|305|279|238|231|228|265|294|225|232|257|321|258|270|265|258|248|248|316|264|281|286|258|225|215|207|296|266|261|251|201|258|300|271|249|263|292|222|225|245|281|250|207|296|291|231|303|235|329|278|225|220|259|287|264|277|261|310|296|258|299|258|196|293|234|284|305|300|268|238|292|265|196|268|273|236|323|258|282|271|304|268|291|207|238|329|296|284|277|225|226|243|215|244|316|248|249|273|311|271|239|295|258|318|261|296|238|296|240|269|225|249|298|275|235|261|231|256|283|249|296|327|231|270|278|266|215|268|278|291|312|278|275|258|259|259|271|264|256|281|305|311|248|318|228|263|255|258|234|262|290|277|277|221|257|276|290|261|258|291|260
Iteração que foi encontrado o Melhor Global: 411
Quantas vezes o Melhor Global foi alterado (Lembrando que a verificação na inicialização acumula nesse contador): 11
Particula Inicial do melhor global:
2,218827|2,105539|2,538065|2,880202|0,688155|1,525943|2,580169|0,445942|2,968756|3,127110|0,656345|3,857609|1,804978|3,976115|2,380992|1,614748|2,348961|0,778025|0,428646|3,112488|0,796935|0,589130|2,750717|1,987591|3,233088|
Particula Final do melhor global:
1,299151|1,560720|3,942550|0,692305|1,217127|1,090027|1,085801|0,953353|0,277202|2,977286|2,800179|2,818320|0,461413|2,027880|2,993105|3,990931|2,007726|3,105801|3,357683|0,573906|3,733002|0,960650|1,070633|3,662587|1,227254|
A melhor solução desse PSO é:
8 12 19 3 7 21 
22 6 5 4 24 0 1 
16 13 10 11 9 14 
17 18 23 20 2 15 
Quantidade de trocas de:0,000000
Makespan: 196,000000
