594|792|752|908|1288|620|1044|769|750|924|689|623|744|898|903|747|833|916|697|1140|662|709|628|715|877|671|1071|833|775|643|550|944|703|771|764|751|875|543|726|1556|807|743|934|1138|654|622|602|710|915|577|1254|943|961|1163|748|715|755|736|816|880|703|539|918|688|615|735|747|957|674|803|594|558|970|526|661|653|713|643|1058|613|747|635|749|605|681|637|568|1110|990|663|707|759|629|791|927|1001|813|664|915|1011|776|798|756|693|619|869|895|739|555|670|662|649|941|877|1021|945|1045|795|965|837|770|1012|796|706|893|624|806|618|614|845|922|768|665|956|1048|575|759|761|731|920|1084|705|1077|526|674|948|552|660|779|769|927|647|636|655|591|1111|591|731|1001|684|750|637|1047|979|575|694|836|1391|605|612|758|810|845|944|946|880|683|969|880|917|517|926|701|650|705|710|636|607|729|883|948|625|901|671|621|731|927|647|840|1073|620|673|716|705|732|699|926|659|878|539|616|843|563|981|653|821|843|1055|1057|710|634|1395|574|737|646|791|910|619|646|1041|688|859|1204|777|896|843|648|851|598|602|813|1001|584|809|568|1079|1089|1250|773|859
325|422|414|363|325|382|421|325|325|325|325|325|325|325|465|331|477|334|355|325|355|325|325|352|325|349|432|440|325|414|325|355|325|415|423|325|448|325|355|383|416|334|331|355|325|325|325|325|325|325|325|325|325|333|325|415|325|357|325|325|363|387|325|325|325|325|333|414|325|325|325|325|325|325|325|325|325|427|325|325|351|446|325|325|325|453|431|355|355|402|379|331|325|325|325|325|357|325|325|444|325|325|325|355|325|414|325|325|325|325|325|372|325|379|325|350|325|374|325|366|325|344|325|325|325|334|443|325|350|325|325|325|401|325|418|464|325|325|325|325|325|412|325|456|414|325|325|351|325|325|325|351|325|325|325|417|325|325|325|372|325|325|425|325|446|325|325|357|325|325|325|325|325|325|325|325|325|325|355|355|350|325|325|325|325|325|349|425|325|325|325|325|325|407|325|325|325|325|325|325|355|325|325|325|355|325|325|409|350|442|325|325|325|325|325|414|325|325|325|384|405|397|325|464|331|325|374|414|325|325|325|333|325|325|325|423|325|374|325|334|325|325|418|414|325|325|325|325|325|392
Iteração que foi encontrado o Melhor Global: 51
Quantas vezes o Melhor Global foi alterado (Lembrando que a verificação na inicialização acumula nesse contador): 8
Particula Inicial do melhor global:
0,512378|1,046595|1,946469|0,079025|2,920483|2,342936|2,301673|1,698250|0,731923|2,108353|0,383835|1,044771|1,801426|1,400973|2,709384|0,710039|2,240480|0,044057|1,374605|0,076476|1,989383|2,117326|1,562095|0,399478|0,327997|
Particula Final do melhor global:
1,451702|1,932047|1,372117|2,271271|0,887537|0,607927|0,909488|0,512976|0,786784|0,424067|2,313919|0,691733|2,494014|1,387097|1,720845|2,350181|1,065934|2,546129|2,017868|0,479401|2,242006|1,190824|1,712083|0,979347|0,625083|
A melhor solução desse PSO é:
9 19 7 5 24 11 8 4 6 23 
16 21 2 13 0 22 14 1 
18 20 3 10 15 12 17 
Quantidade de trocas de:1,000000
Makespan: 325,000000
