354|528|356|484|356|282|403|497|331|335|707|376|345|329|452|435|538|392|570|409|467|393|445|360|325|481|480|454|492|374|391|518|470|418|303|426|421|368|432|292|416|396|350|422|376|325|315|371|640|379|369|615|375|449|272|418|405|322|504|350|289|372|494|390|300|400|305|343|506|323|394|412|362|330|405|416|441|356|581|361|378|332|307|386|384|566|404|448|383|354|351|368|479|396|372|350|403|442|407|433|425|417|445|379|352|350|374|325|348|262|348|368|336|553|467|436|331|377|407|392|476|414|430|412|351|488|313|420|398|439|429|571|487|388|436|375|429|602|329|451|523|312|374|540|375|332|363|351|411|369|480|295|374|426|339|375|371|535|502|419|374|332|323|288|492|309|491|433|378|410|569|424|539|442|614|397|305|375|420|349|362|394|418|394|322|593|274|287|437|535|347|300|447|453|369|288|406|626|453|564|396|414|393|350|390|359|406|407|648|431|399|400|391|279|316|384|427|494|492|420|499|420|320|398|461|451|394|467|381|311|263|297|397|374|412|572|317|386|299|410|427|475|418|414|308|330|462|341|351|384
221|236|238|220|241|232|222|227|240|239|218|230|246|236|238|221|220|234|225|220|220|234|220|220|230|247|232|234|246|220|227|224|218|236|229|245|244|222|230|217|233|220|206|243|220|230|220|252|237|225|248|246|221|220|246|234|231|221|230|245|243|204|234|263|225|224|235|237|250|240|217|241|233|249|220|237|220|230|213|226|228|220|241|220|249|243|236|242|240|225|240|231|220|241|236|234|245|232|225|231|217|236|228|214|251|223|240|249|218|204|243|250|232|245|225|235|222|226|252|245|220|217|241|239|223|235|237|235|247|220|242|240|223|239|235|234|218|218|226|236|220|206|229|247|225|254|245|245|245|224|233|222|232|233|224|239|226|242|231|233|249|246|244|237|231|235|231|238|229|210|225|239|220|217|243|244|226|237|229|204|214|204|237|226|252|243|249|244|235|246|245|214|251|230|229|231|220|220|242|224|229|244|250|239|218|251|228|243|226|235|230|223|229|237|256|223|233|229|220|244|220|204|251|223|220|232|224|247|238|225|235|240|236|242|240|221|239|206|204|245|232|245|242|220|235|237|224|223|248|230
Iteração que foi encontrado o Melhor Global: 346
Quantas vezes o Melhor Global foi alterado (Lembrando que a verificação na inicialização acumula nesse contador): 10
Particula Inicial do melhor global:
2,728402|1,131401|1,808018|1,381545|1,338068|1,260858|0,912300|2,321078|0,225066|0,446296|0,826258|1,218583|1,873152|0,804339|2,549741|0,282222|3,922508|0,142529|2,855764|0,311753|3,653820|1,961679|2,735883|0,364786|2,524222|
Particula Final do melhor global:
0,528657|1,762355|2,753632|2,928976|0,560099|3,794535|0,721158|2,590019|3,151801|2,066585|0,876638|3,162389|1,106435|3,157413|1,865513|2,907280|1,943060|3,394466|2,534378|1,427620|0,765800|1,514866|1,998719|0,330470|2,724092|
A melhor solução desse PSO é:
23 0 4 6 20 10 
12 19 21 1 14 16 22 
9 18 7 24 2 15 3 
8 13 11 17 5 
Quantidade de trocas de:0,000000
Makespan: 204,000000
