784|530|503|500|481|691|568|557|510|901|538|633|422|730|527|427|629|542|603|455|540|589|452|772|592|681|486|685|446|552|1059|958|765|500|579|826|743|945|529|694|664|573|555|723|559|610|462|609|812|668|588|609|779|535|451|782|937|581|616|499|431|457|497|818|696|598|788|566|536|467|641|550|613|489|569|635|607|639|630|589|529|521|515|561|471|703|1004|765|875|827|635|376|784|605|571|977|688|716|1040|525|815|848|730|458|916|499|746|612|1046|569|607|498|406|947|637|598|694|556|428|608|549|833|576|870|722|1079|542|523|628|977|1027|708|411|1018|529|1124|706|443|685|544|852|426|757|496|954|684|633|522|646|821|450|509|668|506|548|661|906|886|988|609|445|556|652|876|462|561|878|508|870|514|943|689|544|628|719|585|411|677|828|712|817|709|685|693|739|544|609|791|365|449|718|484|757|977|752|689|582|615|428|692|490|458|456|712|894|595|699|1021|708|893|883|798|650|813|671|513|679|753|819|504|715|1006|951|545|546|723|612|616|620|461|523|679|611|937|513|479|963|653|647|906|680|781|677|467|619|699|539|607|643|831
221|243|235|244|207|240|275|236|226|237|245|240|245|300|207|291|283|229|224|261|297|281|240|329|319|240|311|298|240|222|235|270|266|206|253|289|238|215|227|288|282|246|258|253|254|206|206|206|206|206|318|259|240|208|206|206|271|257|210|229|206|239|206|249|254|257|207|207|238|238|206|254|281|255|312|286|264|297|217|273|288|240|214|209|262|313|240|206|276|259|206|322|207|223|281|206|238|257|206|264|277|277|207|277|308|206|285|247|296|278|240|240|283|206|206|290|274|206|212|206|306|266|207|311|207|238|225|206|322|239|240|238|236|226|299|316|215|250|248|207|207|240|210|240|240|206|298|260|314|206|206|239|210|207|264|294|278|302|240|206|253|206|289|246|207|258|206|206|214|250|206|229|219|293|257|292|220|294|249|309|270|298|248|206|286|210|238|270|207|244|206|240|238|206|255|291|216|255|206|278|214|209|247|206|305|240|327|313|227|206|206|214|296|251|207|257|231|220|295|325|264|299|219|206|263|305|279|229|236|297|259|230|311|219|210|255|255|207|312|246|245|246|223|278|240|291|263|206|282|239
Iteração que foi encontrado o Melhor Global: 576
Quantas vezes o Melhor Global foi alterado (Lembrando que a verificação na inicialização acumula nesse contador): 17
Particula Inicial do melhor global:
2,677115|3,332503|0,799144|3,223197|1,848485|1,922943|0,345514|1,234633|1,974170|2,135822|3,166120|2,069467|1,978098|3,587178|2,065862|2,510344|0,429811|1,754075|0,409666|2,262388|0,194902|3,832976|2,977299|0,659541|3,791589|
Particula Final do melhor global:
1,211532|2,870631|0,683149|3,586074|1,583633|0,935455|2,313356|0,321140|0,691446|2,136573|3,307463|2,794333|0,696023|2,339232|2,348984|3,117867|1,922092|1,515144|3,496359|0,583482|0,615483|1,596925|1,190133|3,707528|1,164825|
A melhor solução desse PSO é:
7 19 20 2 8 12 5 
24 22 0 17 4 21 16 
9 6 13 14 11 1 
15 10 18 3 23 
Quantidade de trocas de:0,000000
Makespan: 206,000000
