809|822|683|911|1144|739|566|770|651|1002|996|847|764|716|722|690|823|924|867|676|752|633|1024|688|610|937|920|635|687|685|877|1058|801|1217|1052|909|805|728|585|626|706|566|658|672|544|764|954|1391|630|791|688|759|609|602|889|826|577|675|618|848|1088|1121|750|659|863|1005|627|984|599|972|687|597|743|797|773|739|1075|795|701|712|881|987|916|807|980|874|909|733|776|831|843|678|1026|713|815|999|1001|680|673|799|886|764|559|979|729|885|654|653|902|887|733|555|922|877|1013|514|870|942|1167|1047|656|630|540|1143|706|770|1030|1166|612|1229|685|666|845|971|601|660|767|573|992|863|709|659|622|1210|788|831|745|650|893|642|752|758|824|864|709|769|710|725|851|694|1072|769|536|740|649|808|750|782|1040|802|666|660|676|841|722|707|787|890|1025|897|776|476|956|849|699|730|837|1080|889|862|1029|651|905|1002|665|801|727|1013|694|1062|1136|895|1005|635|814|574|699|782|646|735|884|806|748|766|629|736|886|859|784|789|990|640|859|594|533|592|1472|706|574|784|665|611|662|633|667|985|841|644|835|692|556|662|645|838|782|746|557|975|1052|879
361|444|402|361|361|394|339|395|395|361|339|361|339|355|340|398|360|339|394|339|339|427|385|361|357|371|382|368|339|361|394|339|339|400|339|339|339|361|342|359|375|361|423|372|352|342|361|396|354|352|339|339|386|361|361|405|426|429|420|339|339|431|387|373|339|398|340|394|361|340|361|339|477|375|365|342|339|392|431|387|361|432|394|422|385|377|406|394|342|370|339|372|339|394|384|339|361|371|361|361|396|394|339|394|339|395|365|361|394|339|339|361|346|437|359|394|416|361|383|361|372|394|340|393|339|365|415|404|347|397|355|361|339|394|339|445|394|396|394|432|432|432|363|394|377|400|394|339|361|416|361|401|352|339|371|361|401|361|340|339|367|340|346|339|396|339|365|361|339|392|395|378|392|346|374|371|340|372|395|369|365|394|395|361|339|339|413|388|361|402|339|436|339|436|339|340|417|383|371|394|339|359|361|361|376|339|363|342|392|395|366|424|339|339|394|342|380|339|394|392|394|419|406|394|339|339|423|427|339|352|339|359|461|361|339|394|339|394|339|339|369|410|339|369|339|358|417|394|403|361
Iteração que foi encontrado o Melhor Global: 373
Quantas vezes o Melhor Global foi alterado (Lembrando que a verificação na inicialização acumula nesse contador): 11
Particula Inicial do melhor global:
2,202309|2,189812|1,983566|0,523307|0,832252|1,086979|0,843659|0,398245|1,720488|0,894203|2,393754|2,636919|0,438403|2,052917|2,803665|2,566667|2,514500|2,534325|0,386539|0,281821|0,187538|2,893974|0,199482|0,900454|0,540815|
Particula Final do melhor global:
2,547716|2,778521|0,719063|0,092459|1,616421|1,090903|2,863111|0,739074|1,586074|2,607008|1,093445|1,469038|1,564112|1,034097|0,813043|2,419015|2,096200|0,955097|2,622868|0,552393|2,403296|2,356033|1,612166|0,602871|0,790961|
A melhor solução desse PSO é:
3 19 23 2 7 24 14 17 
13 5 10 11 12 8 22 4 
16 21 20 15 0 9 18 1 6 
Quantidade de trocas de:1,000000
Makespan: 339,000000
