670|651|738|661|899|679|717|861|944|968|1012|1018|968|697|924|1040|886|706|794|712|892|723|680|885|931|682|1130|682|836|637|587|629|894|733|771|565|1091|891|600|868|1070|853|734|1286|1208|715|992|815|601|839|809|688|713|562|733|648|615|680|846|819|615|772|825|861|657|792|862|1201|735|672|741|1338|769|624|842|886|911|879|722|699|945|674|895|588|696|820|665|534|578|702|832|671|790|636|895|647|786|859|947|888|752|1073|785|678|935|884|773|723|593|537|986|632|954|978|975|825|984|688|767|884|769|535|896|1047|965|868|819|923|763|691|911|725|817|865|924|797|466|668|594|952|1018|662|1082|785|617|784|684|1210|698|744|746|763|917|763|857|578|775|901|1014|851|732|1053|560|994|565|919|745|707|734|995|518|834|750|538|621|974|1133|803|935|780|815|768|744|696|850|688|579|838|917|564|1413|904|826|918|531|648|622|839|787|719|796|1092|649|794|733|679|1027|767|659|642|967|766|704|622|711|1092|1145|730|681|764|768|673|848|694|678|844|848|672|1164|816|629|584|586|548|1148|884|752|735|739|1032|1056|577|1006|696|712|654|752|787|1009|830
417|459|382|419|410|426|401|415|438|410|450|385|385|408|439|443|361|432|427|439|412|376|426|429|362|386|380|420|476|403|387|397|372|418|446|434|430|438|482|447|432|413|447|396|397|410|435|418|404|409|420|431|391|431|383|424|453|429|412|361|422|421|376|406|361|428|404|380|417|440|410|417|410|414|425|417|407|419|386|414|410|388|421|485|418|445|420|410|398|362|395|374|362|403|427|413|425|425|404|420|362|418|435|422|366|361|376|442|444|404|445|456|361|439|425|418|452|417|413|452|436|417|366|433|368|381|432|417|424|412|402|361|407|419|379|403|385|419|376|432|450|442|431|398|380|385|404|449|382|433|361|421|423|395|433|464|390|415|414|388|362|361|412|440|426|382|454|401|415|421|404|379|396|379|464|440|406|402|389|431|432|410|380|396|410|399|389|429|428|397|421|396|430|429|407|439|405|432|416|405|422|420|447|414|362|405|385|362|361|426|361|423|420|435|446|375|446|379|423|425|415|424|441|423|388|410|377|380|417|399|400|374|376|365|410|432|397|454|390|391|361|376|369|401|382|402|421|440|376|395
Iteração que foi encontrado o Melhor Global: 486
Quantas vezes o Melhor Global foi alterado (Lembrando que a verificação na inicialização acumula nesse contador): 15
Particula Inicial do melhor global:
1,399139|1,401673|0,589205|2,433603|0,736259|0,546367|0,851932|0,581974|1,046762|0,469021|2,522172|1,001950|0,220787|1,356631|2,154399|1,021033|0,706047|0,916344|0,035785|0,600872|2,139113|1,990094|0,448573|2,268526|0,242761|
Particula Final do melhor global:
2,191070|0,213567|0,344354|0,088990|1,273474|2,395529|0,794380|0,666914|1,276322|2,792279|1,191601|1,726339|1,869964|1,828955|2,752868|1,194007|2,551539|0,675971|2,466997|2,949598|0,427323|2,414105|2,545848|1,398432|0,485874|
A melhor solução desse PSO é:
3 1 2 20 24 7 17 6 
10 15 4 8 23 11 13 12 
0 5 21 18 22 16 14 9 19 
Quantidade de trocas de:2,000000
Makespan: 361,000000
