150|165|155|208|186|200|245|191|185|242|244|228|231|189|233|211|168|185|241|192|176|161|214|162|172|154|185|239|196|204|176|163|163|193|234|269|166|152|309|247|208|169|236|237|226|232|254|166|190|181|227|181|197|197|216|152|185|177|249|143|162|182|213|188|168|163|176|179|225|219|182|174|262|219|206|161|238|170|154|235|223|140|169|207|199|245|207|193|190|189|187|197|190|192|166|199|199|154|180|197|252|189|173|187|249|152|144|242|238|179|176|219|171|207|214|188|203|177|203|255|188|200|211|147|237|168|140|206|202|183|207|163|145|188|231|162|189|190|192|222|212|212|266|192|299|167|223|271|215|190|177|154|199|253|182|175|188|190|200|216|198|190|220|223|204|207|172|185|230|177|177|201|201|184|183|245|220|237|223|198|168|161|194|231|230|185|188|199|182|208|190|237|245|155|216|222|230|158|154|268|143|219|188|199|194|195|191|197|190|215|183|211|199|211|219|245|164|190|194|180|186|204|183|156|254|182|174|288|189|148|164|149|218|171|180|230|183|234|275|170|189|164|162|222|211|146|180|210|208|218
134|131|132|132|133|133|135|132|134|131|130|136|135|135|136|137|131|130|131|137|131|134|132|133|131|134|133|133|135|134|134|132|130|131|129|133|132|133|132|132|135|134|135|129|129|131|133|132|133|129|132|135|134|131|133|136|133|134|129|133|134|133|134|138|132|136|135|132|132|131|129|130|131|136|139|137|132|132|135|135|135|133|138|133|135|135|134|134|130|134|130|131|131|136|135|131|129|136|131|131|134|132|132|131|129|134|132|132|129|132|131|135|134|135|136|132|134|134|134|131|135|130|137|132|131|133|136|133|129|133|132|136|137|132|133|133|131|132|132|133|137|129|131|131|134|135|134|135|136|133|130|134|135|131|134|132|136|131|130|133|132|134|134|131|133|136|129|135|133|134|132|132|134|132|135|134|134|135|137|130|132|135|130|133|132|132|134|132|137|131|133|132|132|133|136|132|131|134|138|132|132|136|132|134|129|129|132|136|135|134|135|132|131|132|133|135|135|131|131|138|134|133|136|130|133|136|135|133|131|133|136|134|136|134|134|131|133|132|131|133|132|134|132|132|134|135|129|134|134|136
Iteração que foi encontrado o Melhor Global: 27
Quantas vezes o Melhor Global foi alterado (Lembrando que a verificação na inicialização acumula nesse contador): 4
Particula Inicial do melhor global:
1,080904|0,913112|0,482224|0,331578|0,547785|0,106934|0,294861|2,552116|0,961531|2,631475|3,165128|2,795353|0,760392|0,792554|0,778038|3,226903|3,173349|3,839001|0,234419|1,198759|1,225474|2,366455|1,267485|3,355533|3,912867|
Particula Final do melhor global:
2,409648|0,052228|0,911630|1,995544|3,015801|2,275851|3,791996|3,593565|1,675724|0,997580|1,107606|2,116485|3,413952|2,858019|1,276432|2,039981|3,670823|0,403528|3,884668|1,344279|2,492493|2,283248|2,323009|1,124432|3,527226|
A melhor solução desse PSO é:
1 17 2 9 
10 23 14 19 8 3 
15 11 5 21 22 0 20 13 
4 12 24 7 16 6 18 
Quantidade de trocas de:11,000000
Makespan: 129,000000
