1066|778|1183|794|1094|1031|781|823|764|594|910|650|900|750|751|994|642|761|824|841|959|718|858|699|735|829|757|998|766|746|766|1078|786|703|1031|756|938|746|803|983|656|783|923|784|956|843|676|790|948|765|926|999|920|897|882|1065|949|942|871|871|701|853|835|882|908|1016|698|1072|861|866|740|1124|692|1155|776|883|875|759|994|1128|1034|895|864|1020|1004|654|608|776|692|785|1139|826|653|591|891|707|1101|659|1141|861|776|1101|934|997|1057|699|748|780|760|740|718|820|989|717|830|870|952|729|787|657|685|1052|821|903|698|897|889|683|721|702|740|707|586|979|741|826|772|1060|786|740|755|778|726|766|800|809|670|717|805|727|791|1143|727|692|777|761|933|1042|861|831|646|675|871|1055|783|1008|890|784|1061|824|991|903|951|965|765|724|938|620|678|1025|739|910|887|775|1090|738|864|733|732|860|805|869|944|766|980|899|1000|959|907|974|976|899|679|886|685|888|713|804|1136|956|912|704|954|686|807|941|761|703|727|749|943|840|735|796|882|796|908|886|674|791|744|697|994|1127|793|800|745|917|832|988|1120|841|860|901|1266|867|647|1015|856|873
492|465|447|445|476|447|447|447|447|492|510|447|445|447|447|445|447|512|470|492|490|466|445|447|447|445|445|447|447|447|470|472|445|447|445|447|492|493|511|447|490|447|447|473|447|447|475|498|447|447|445|445|447|515|498|473|486|480|445|490|447|447|447|490|492|453|447|445|445|490|447|447|537|445|447|445|447|447|471|447|489|463|447|447|447|447|447|447|447|447|447|495|445|500|480|447|445|445|447|450|445|548|445|447|472|447|447|447|447|514|495|445|447|527|499|447|468|447|470|538|492|447|506|486|447|445|445|445|475|445|471|447|447|468|470|447|447|457|445|447|447|447|483|479|473|447|447|447|500|445|447|445|447|445|445|447|492|447|447|502|447|517|447|490|447|477|452|500|447|445|447|447|445|447|447|492|447|470|467|471|461|473|492|447|484|445|447|486|445|447|447|467|485|447|491|505|445|447|445|447|447|565|477|477|447|447|447|447|447|447|447|445|447|461|445|468|473|445|445|447|445|447|447|486|445|446|447|490|445|518|447|475|447|447|447|491|447|452|447|513|476|512|445|447|475|447|469|447|447|447
Iteração que foi encontrado o Melhor Global: 249
Quantas vezes o Melhor Global foi alterado (Lembrando que a verificação na inicialização acumula nesse contador): 7
Particula Inicial do melhor global:
1,888314|0,713571|1,926264|1,336279|0,854339|0,152524|1,568700|0,210288|0,815495|0,440226|0,521154|1,347598|0,125910|1,073419|1,931408|1,998877|1,033984|1,942867|1,582945|0,850837|1,543368|0,575514|1,942624|1,693352|0,687502|
Particula Final do melhor global:
1,014962|1,720488|1,226205|1,649664|0,638398|1,261161|0,520517|0,446163|1,876837|0,805159|0,805872|1,413667|0,885604|1,192525|0,906597|0,771333|1,579621|0,583269|1,369461|1,372381|1,107794|1,269904|0,227717|0,599523|1,304876|
A melhor solução desse PSO é:
22 7 6 17 23 4 15 9 10 12 14 
0 20 13 2 5 21 24 18 19 11 16 3 1 8 
Quantidade de trocas de:6,000000
Makespan: 445,000000
