476|336|345|312|313|449|278|325|298|460|367|387|354|417|306|305|290|407|401|481|361|475|470|330|450|344|361|433|469|404|385|298|392|322|492|336|457|415|279|260|350|255|538|337|364|300|244|486|354|452|344|261|293|344|375|458|385|552|277|324|351|319|290|366|331|348|339|577|364|393|273|393|308|412|336|329|286|277|391|495|323|296|300|269|479|272|296|317|425|376|329|284|352|283|322|398|275|333|317|387|292|257|298|438|538|297|526|306|542|369|340|417|273|372|394|303|378|498|361|378|346|403|312|477|284|315|332|473|343|235|369|314|320|324|254|313|348|353|361|246|555|323|289|345|468|294|308|319|377|296|347|421|419|380|480|452|351|432|433|401|368|463|423|436|441|310|301|392|431|454|380|233|357|370|470|340|266|430|466|355|416|301|344|286|327|283|292|501|341|507|378|276|369|514|371|432|327|269|394|358|425|377|304|292|328|303|433|448|320|381|327|325|384|400|480|316|344|304|363|387|406|362|377|297|362|364|352|310|388|411|335|245|250|301|676|294|323|311|302|349|501|310|328|251|432|337|359|504|347|280
184|206|213|194|215|209|199|205|181|211|198|204|209|199|199|215|194|201|220|184|204|201|207|201|200|203|184|214|199|206|209|207|207|197|202|210|201|212|201|210|207|210|210|190|204|184|225|199|199|213|202|212|193|192|195|199|201|210|191|184|211|203|180|193|193|194|211|195|193|213|203|197|199|216|207|201|184|204|211|202|209|205|194|205|192|211|190|215|189|213|206|204|203|196|192|205|199|203|201|212|208|197|202|192|195|193|223|202|218|201|218|190|194|200|207|206|213|191|227|225|204|197|202|213|209|217|214|201|184|206|185|217|192|207|218|206|211|192|184|209|218|194|210|193|196|205|208|206|181|199|206|212|192|208|190|213|192|189|211|202|202|203|192|207|216|205|209|206|192|194|210|202|213|213|211|193|203|201|191|199|206|206|204|217|226|188|208|204|205|214|199|185|213|208|204|205|192|199|192|190|184|187|196|213|209|198|196|209|214|186|212|197|210|215|187|201|184|204|184|214|203|196|207|200|186|208|182|202|181|214|210|205|194|208|222|198|228|205|192|205|199|206|215|210|221|206|206|201|226|191
Iteração que foi encontrado o Melhor Global: 942
Quantas vezes o Melhor Global foi alterado (Lembrando que a verificação na inicialização acumula nesse contador): 12
Particula Inicial do melhor global:
3,014334|2,033997|1,570122|3,701518|3,258487|1,673695|1,342028|1,331721|3,309731|3,093352|1,214731|0,429442|1,629339|1,134383|2,577484|2,474675|2,515894|0,256428|1,307565|2,758096|2,604589|3,365819|1,533543|0,443358|3,435576|
Particula Final do melhor global:
1,476283|3,538134|2,325026|3,255574|3,173623|2,950015|3,273810|1,562431|3,365682|2,782623|2,718120|1,530027|2,324710|1,380383|0,378179|2,107732|0,754350|2,791315|1,939789|2,421391|0,354914|2,438684|1,764135|0,900164|0,796547|
A melhor solução desse PSO é:
20 14 16 24 23 
13 0 11 7 22 18 
15 12 2 19 21 10 9 17 5 
4 3 6 8 1 
Quantidade de trocas de:2,000000
Makespan: 180,000000
