590|407|367|331|433|427|541|384|315|517|604|389|349|380|354|314|559|476|516|599|402|353|417|493|403|357|509|554|550|428|406|395|383|365|436|298|521|421|348|445|599|478|545|439|470|607|368|315|679|377|379|279|372|489|461|321|358|497|813|421|425|515|375|433|398|405|348|428|322|502|283|377|408|522|467|424|471|366|380|510|500|384|547|329|618|381|517|497|487|467|430|520|493|483|410|332|376|526|352|421|296|416|534|571|365|577|343|367|341|485|475|400|512|421|403|397|389|597|500|395|412|463|311|506|604|449|422|454|445|402|468|401|548|369|345|373|522|691|385|422|372|550|375|331|675|349|411|465|478|508|568|435|333|437|464|433|434|487|443|442|433|429|604|452|456|355|385|417|391|437|306|531|449|390|483|479|346|454|701|433|400|403|369|366|760|398|510|516|387|752|497|333|491|527|358|417|337|351|328|428|377|458|479|370|427|751|408|551|337|351|498|564|467|516|382|501|380|532|356|364|520|510|408|563|400|420|316|595|507|797|387|431|402|541|365|388|458|547|661|472|336|431|449|398|487|438|423|361|371|347
275|241|267|276|282|269|250|246|265|247|255|262|273|261|269|251|268|264|270|249|251|239|259|250|276|242|275|276|252|228|263|244|251|264|252|267|239|261|239|242|253|239|261|254|250|260|258|260|251|259|260|279|259|248|270|269|265|267|251|228|272|258|248|255|245|273|250|268|263|239|263|239|265|267|263|274|266|273|250|267|257|254|231|276|262|239|250|256|278|242|268|258|265|259|256|265|243|258|239|251|280|249|269|265|262|260|249|274|256|258|250|272|261|239|256|256|253|255|264|272|257|255|269|270|274|252|239|250|248|273|270|268|257|249|275|270|251|261|269|267|262|265|241|265|252|256|262|248|231|260|273|255|265|262|260|252|259|267|243|256|239|268|267|265|267|275|269|260|262|254|231|260|267|242|271|279|239|239|261|251|251|271|269|239|271|273|232|247|277|268|251|262|269|261|266|255|259|259|254|251|250|248|259|239|270|261|239|253|262|266|263|264|281|274|260|257|275|275|239|269|274|261|274|271|277|269|260|259|261|262|267|268|262|268|231|283|266|240|258|250|237|266|259|267|263|264|269|265|252|266
Iteração que foi encontrado o Melhor Global: 910
Quantas vezes o Melhor Global foi alterado (Lembrando que a verificação na inicialização acumula nesse contador): 13
Particula Inicial do melhor global:
0,207153|0,056627|2,991750|2,850370|1,638640|3,903342|1,317474|1,512748|2,724530|3,661573|1,283758|2,503411|3,470148|0,795053|2,631511|0,554546|0,618622|3,778881|0,142104|0,932185|3,834435|1,354237|3,221233|2,507649|0,012253|
Particula Final do melhor global:
1,885185|1,577898|3,315652|2,279191|2,396579|3,032979|1,951785|0,519718|1,372380|2,870763|2,768717|0,955555|3,343763|0,309916|0,895142|0,326412|1,417252|0,964473|3,875809|1,304202|3,076756|3,010821|2,485893|3,196928|2,990058|
A melhor solução desse PSO é:
13 15 7 14 11 17 
19 8 16 1 0 6 
3 4 22 10 9 24 
21 5 20 23 2 12 18 
Quantidade de trocas de:3,000000
Makespan: 228,000000
