619|374|462|429|443|669|587|449|517|772|457|488|603|616|503|469|625|733|768|773|450|442|442|566|427|607|695|435|570|483|449|576|610|506|704|545|531|507|508|408|434|460|386|614|524|475|463|379|608|583|525|454|501|403|523|459|636|470|572|488|643|536|503|578|506|500|650|524|491|513|548|528|415|489|530|396|600|550|526|466|573|557|545|463|419|518|599|706|824|553|633|440|553|434|451|555|490|439|496|678|520|538|742|451|403|566|399|511|721|642|506|451|583|632|407|404|480|574|634|491|506|642|517|602|393|501|569|615|491|519|525|464|726|558|672|598|512|556|635|468|473|564|556|497|445|613|580|595|492|429|556|489|484|665|440|518|501|565|499|457|480|677|721|467|612|577|568|536|517|476|614|621|468|388|494|534|488|503|484|568|462|456|645|475|493|626|437|892|560|671|531|513|480|664|454|533|428|467|541|621|636|662|455|436|556|469|473|562|460|458|683|438|521|437|683|589|467|617|457|502|433|653|616|435|429|525|464|433|518|540|782|507|490|450|448|646|458|453|773|792|580|492|745|525|432|441|599|659|499|392
328|312|349|313|347|305|325|317|308|324|327|343|304|335|332|349|333|320|317|339|305|317|305|317|305|305|317|339|314|305|336|349|304|317|309|331|305|337|344|305|311|325|305|332|329|329|328|305|305|305|354|352|343|324|339|329|304|323|336|331|340|357|323|336|319|338|317|305|304|324|305|305|349|323|305|332|329|307|334|318|349|325|305|316|305|305|304|329|328|319|327|305|333|305|331|346|330|355|317|339|305|325|341|304|318|323|349|305|305|327|327|331|305|357|328|331|305|335|337|305|323|347|352|321|346|357|330|344|330|349|317|332|316|312|350|317|335|328|305|317|337|339|305|305|305|363|344|305|314|305|352|305|317|350|317|349|314|305|356|332|347|317|336|333|342|326|339|340|339|319|334|331|322|349|325|305|326|317|340|305|343|328|338|340|324|305|325|329|330|317|312|305|305|317|317|351|325|346|339|316|317|337|305|368|333|332|326|326|333|327|331|352|339|305|319|320|319|340|348|325|341|352|333|338|336|321|335|317|319|325|330|329|331|348|318|327|305|355|316|358|356|317|334|317|330|306|347|326|305|305
Iteração que foi encontrado o Melhor Global: 518
Quantas vezes o Melhor Global foi alterado (Lembrando que a verificação na inicialização acumula nesse contador): 9
Particula Inicial do melhor global:
1,601821|1,691425|2,053232|1,175582|0,824599|1,673042|2,953906|2,722071|0,167962|2,944781|1,021508|2,177029|1,013649|2,149917|2,830004|1,264531|0,788065|1,669316|0,394752|2,435070|1,354715|0,697585|2,298470|1,935733|1,459292|
Particula Final do melhor global:
0,521127|0,409654|2,180959|2,709885|2,635774|1,603385|1,140650|0,065030|1,589766|0,859736|2,416349|1,316598|1,944355|1,806236|0,705513|1,778891|2,797004|2,593436|0,058685|0,498383|0,718609|1,639009|2,543484|2,172009|1,556528|
A melhor solução desse PSO é:
18 7 1 19 0 14 20 9 
6 11 24 8 5 21 15 13 12 
23 2 10 22 17 4 3 16 
Quantidade de trocas de:12,000000
Makespan: 304,000000
