528|526|685|550|431|523|616|564|631|820|611|638|584|813|597|626|748|684|789|541|534|709|632|506|680|465|639|444|556|564|736|516|570|465|461|547|809|770|815|763|544|633|489|444|520|703|916|855|773|575|553|599|598|484|753|889|709|409|642|627|505|709|626|714|787|514|876|461|750|580|517|410|797|762|540|601|602|550|516|788|491|845|641|478|485|515|570|655|543|573|482|562|464|539|823|827|462|508|531|673|463|502|483|574|480|549|799|431|696|430|687|542|569|568|575|521|594|490|712|664|411|465|651|882|741|592|633|632|721|703|458|519|530|456|504|525|612|619|633|476|513|571|477|614|460|536|445|576|482|796|657|724|543|499|542|514|505|654|621|637|754|513|619|699|610|484|559|527|436|584|571|605|491|605|512|690|492|535|453|505|696|586|673|536|720|602|706|699|559|635|468|655|555|564|745|434|653|399|442|486|514|887|610|639|612|710|527|563|647|465|653|377|518|571|748|746|536|602|690|617|528|647|710|835|615|482|677|435|431|712|509|506|627|683|529|687|600|590|691|487|689|637|495|560|482|599|648|872|597|536
347|335|327|290|308|295|344|325|288|311|320|320|340|314|334|342|331|314|327|331|296|315|328|305|293|335|322|307|353|327|318|318|303|310|327|351|324|350|310|312|311|331|309|295|322|323|331|343|331|305|334|330|322|315|304|350|327|343|299|325|357|310|322|334|331|345|317|320|289|363|326|312|321|308|323|331|304|318|318|310|304|331|329|351|331|318|296|359|339|347|307|314|304|357|349|320|353|339|350|309|296|331|318|289|336|305|317|344|343|338|341|296|334|300|322|354|295|327|322|347|342|289|295|342|331|299|288|337|322|296|293|353|338|360|307|312|301|331|318|342|357|326|299|312|331|312|311|319|327|331|328|339|310|294|357|330|299|316|326|321|331|317|337|330|296|315|293|363|312|288|334|349|314|299|339|331|309|347|323|323|301|343|345|314|313|311|303|330|348|325|360|306|311|342|322|307|350|305|340|310|335|344|302|331|310|332|332|328|311|331|325|318|299|333|322|339|328|310|309|344|320|303|328|300|319|311|339|346|348|328|333|342|325|326|296|310|341|305|313|351|320|331|288|323|324|310|293|328|343|365
Iteração que foi encontrado o Melhor Global: 945
Quantas vezes o Melhor Global foi alterado (Lembrando que a verificação na inicialização acumula nesse contador): 13
Particula Inicial do melhor global:
1,364293|0,894488|2,731630|1,470405|2,834221|2,093819|0,294898|2,009111|1,914324|0,014961|0,806948|2,559721|2,895589|1,956480|0,619795|2,058949|1,213362|2,484672|1,278604|1,400625|0,455204|2,013563|1,446192|2,167906|1,813659|
Particula Final do melhor global:
0,682388|1,252144|2,184422|2,240134|0,806297|2,310105|2,736852|1,713775|1,432526|0,796167|2,267477|0,796426|1,819575|1,266947|2,791389|1,065217|0,341537|1,735916|2,270195|2,739228|0,751158|1,357339|0,686300|2,467640|1,210974|
A melhor solução desse PSO é:
16 0 22 20 9 11 4 
15 24 1 13 21 8 7 17 12 
2 3 10 18 5 23 6 19 14 
Quantidade de trocas de:6,000000
Makespan: 288,000000
