668|887|1132|648|1087|750|888|661|734|1149|821|990|866|733|765|752|953|1101|648|624|918|847|682|803|641|1166|934|1012|1363|625|767|988|867|810|882|838|1132|877|1030|908|618|1033|820|987|834|860|963|733|1377|963|833|729|810|888|649|663|1070|798|768|937|802|663|684|719|1001|895|923|1355|773|663|821|711|1040|1324|808|772|968|803|784|788|750|667|904|674|648|864|873|801|638|955|912|1013|848|930|840|914|1019|846|929|1123|857|847|725|1166|914|1060|1109|574|790|880|566|859|796|926|1007|916|1011|829|1075|1117|933|1013|1517|911|654|815|788|749|730|789|635|716|930|782|1136|844|1189|963|1048|593|925|1027|716|932|807|865|1127|840|739|909|812|1221|881|1048|1373|806|1274|965|765|882|832|798|684|909|957|931|1211|837|1001|1322|931|682|882|1078|808|735|804|693|750|792|1021|1261|608|1136|780|935|949|921|957|708|842|833|1471|871|736|900|837|651|885|973|846|1228|750|883|839|1253|1067|871|973|770|802|777|916|974|836|1010|701|1359|754|1291|980|1084|1189|811|851|1004|1072|771|761|690|836|834|850|802|922|1355|856|669|817|620|660|899|815|919|874|924|1033|1033|710|1004
489|408|398|516|398|436|399|395|455|508|395|414|408|423|395|452|401|429|395|414|414|452|398|489|395|508|445|477|469|448|397|458|432|457|414|395|421|421|398|444|510|537|395|414|414|398|414|367|442|414|434|448|398|446|414|453|395|417|395|491|400|461|495|404|482|414|436|464|367|503|438|474|424|395|474|395|398|496|455|367|398|395|517|395|452|471|396|444|467|443|395|454|414|395|414|495|414|446|479|448|459|426|464|367|395|465|444|406|396|425|368|467|462|440|442|414|414|422|462|446|481|431|434|398|451|401|440|398|560|395|442|414|395|549|485|536|464|395|494|398|478|465|468|507|493|506|459|429|465|445|450|440|414|414|435|423|442|457|423|414|398|459|435|398|395|419|466|398|395|381|453|435|426|423|442|545|456|435|550|436|455|395|457|414|520|421|463|401|398|461|419|398|519|440|414|485|424|395|414|468|488|427|453|422|398|421|479|432|433|367|555|479|461|476|493|419|431|398|442|451|414|457|462|489|395|427|410|459|479|395|476|448|398|468|442|414|468|438|505|414|395|414|395|530|445|424|419|449|367|414
Iteração que foi encontrado o Melhor Global: 837
Quantas vezes o Melhor Global foi alterado (Lembrando que a verificação na inicialização acumula nesse contador): 12
Particula Inicial do melhor global:
1,222122|1,039229|2,606306|1,502838|0,752557|1,892665|0,469490|1,209002|0,339398|2,426084|0,164657|2,098315|0,364796|2,010835|0,159346|1,079287|0,030286|2,788188|1,554350|1,884653|0,824929|0,468937|1,314062|1,862354|2,256903|
Particula Final do melhor global:
2,287770|2,874674|1,130457|2,116637|0,575850|1,451464|0,342769|2,799764|1,665577|0,647468|2,366910|1,676854|1,719777|2,043145|0,238713|0,544166|2,913663|0,704439|1,486004|2,413383|0,412811|1,402018|2,430801|0,529972|1,899845|
A melhor solução desse PSO é:
14 6 20 23 15 4 9 17 
2 21 5 18 8 11 12 24 
13 3 0 10 19 22 7 1 16 
Quantidade de trocas de:1,000000
Makespan: 367,000000
