1559|1064|1468|1398|810|1210|925|812|1086|1243|1566|1013|1037|1027|802|1455|835|961|1121|1136|1399|1371|1513|1292|976|1316|1043|986|1114|1234|1035|1145|836|1325|924|976|1160|1218|1526|1305|927|903|1359|1407|1194|1283|1382|1352|1030|1014|944|1381|852|991|1001|966|900|1290|1259|1334|1053|954|1065|1137|1161|1149|1103|1106|1235|1140|940|1262|1420|995|1223|1142|993|1095|1110|1071|1139|1021|1179|1190|916|1155|929|936|1143|1339|1474|1262|1341|1014|1140|784|1032|1335|1115|1079|878|1425|1287|1054|1198|1031|1553|1008|1049|1021|1260|1053|1293|909|1384|1311|1207|939|960|849|1100|1027|1042|898|1012|913|1125|969|1094|1183|949|1181|1028|926|1525|896|1282|1142|976|1050|1305|1060|1287|1258|852|958|957|815|1007|1043|1095|1132|892|1389|1279|1163|1176|1484|1022|1166|1095|1091|989|976|1082|1369|987|1005|1116|1295|1001|1095|1072|897|1240|1402|979|1144|1434|1169|1236|849|1424|940|1506|1095|908|814|985|963|1084|946|1059|1037|1023|1007|1020|1213|1164|863|988|1453|1297|1184|1411|1157|1011|1456|1026|1269|1126|998|1166|1101|1652|1375|883|1302|1099|1212|1044|936|1092|963|1062|1039|1071|935|836|1439|984|1182|1280|1128|851|1452|1042|1151|1147|1542|1154|963|1028|975|1194|1021|1066|1015|1101|1533
621|537|570|537|596|590|601|537|537|537|550|537|539|537|593|678|537|537|558|537|537|537|537|537|677|540|537|540|540|609|545|537|670|537|537|537|638|537|537|620|537|537|537|537|602|659|537|588|537|537|537|537|537|537|537|643|546|617|537|613|537|537|537|537|537|537|537|674|548|537|537|537|537|537|537|537|537|537|537|537|537|537|620|537|537|576|541|537|537|537|573|540|540|537|537|537|613|537|537|547|537|537|537|537|537|537|587|589|537|537|537|537|537|603|537|537|603|540|537|573|537|537|537|537|537|592|537|537|537|540|540|607|537|537|585|537|575|537|537|537|603|537|537|537|680|537|572|537|537|575|572|537|599|537|539|537|537|584|550|611|537|540|537|537|580|537|537|537|537|537|537|656|606|537|537|537|572|537|537|537|537|537|537|571|537|537|537|543|537|540|638|537|547|575|573|537|537|537|550|541|537|537|537|537|537|589|537|537|537|537|601|537|537|537|537|547|540|537|537|537|537|537|601|537|547|537|537|539|537|569|537|537|537|539|537|609|537|537|560|540|537|537|537|550|575|537|638|537|537|537
Iteração que foi encontrado o Melhor Global: 32
Quantas vezes o Melhor Global foi alterado (Lembrando que a verificação na inicialização acumula nesse contador): 12
Particula Inicial do melhor global:
0,070882|1,353134|1,535330|0,668928|0,724249|0,127173|0,119231|1,130936|0,323955|1,549444|1,977692|0,779181|1,242330|1,568365|1,684545|0,526802|1,043648|0,240601|0,397801|0,412717|1,681482|1,990822|0,834586|1,467050|1,453889|
Particula Final do melhor global:
0,570146|0,754344|1,754071|0,571676|0,338010|1,167367|0,320962|0,163742|1,378413|1,205470|0,112124|1,193217|0,245777|1,068068|1,642541|0,539569|1,144610|1,586875|1,392481|0,563779|1,326957|0,806739|1,638282|0,772653|0,057100|
A melhor solução desse PSO é:
24 10 7 12 6 4 15 19 0 3 1 23 21 
13 16 5 11 9 20 8 18 17 22 14 2 
Quantidade de trocas de:5,000000
Makespan: 537,000000
