495|412|386|367|401|327|368|338|392|545|348|458|378|436|385|275|332|446|298|405|379|451|370|365|465|437|311|271|326|518|491|536|411|447|317|368|503|355|496|273|405|339|324|485|312|298|439|485|475|475|406|395|420|468|482|487|457|607|325|377|536|475|483|372|339|383|337|383|373|377|401|314|362|526|392|499|321|460|338|348|326|389|391|371|441|352|345|378|477|338|297|550|464|302|356|371|285|355|366|396|402|418|362|355|495|322|439|277|308|286|357|452|430|491|471|624|414|659|292|344|430|344|331|345|437|378|371|420|374|333|411|450|467|398|360|354|398|374|270|369|336|341|275|286|385|444|431|365|288|357|342|489|405|534|437|299|350|399|350|439|288|390|504|338|384|518|666|524|419|497|405|384|390|332|318|304|324|274|328|343|567|437|328|522|291|292|545|585|342|370|345|554|605|367|293|284|557|618|498|380|423|520|316|329|367|465|399|298|451|478|353|465|350|603|400|331|302|447|493|358|303|388|307|398|393|475|325|351|350|420|606|389|307|402|522|543|473|354|416|289|540|381|425|378|475|338|362|307|607|537
218|255|225|233|223|237|241|236|240|233|240|233|239|237|218|218|233|227|237|223|231|226|225|235|227|249|221|236|240|229|218|231|243|229|237|230|243|253|226|253|236|236|238|229|230|243|249|234|246|237|223|218|226|245|225|232|255|241|238|241|250|244|227|240|236|231|237|242|238|239|231|228|227|240|235|241|247|236|259|226|244|229|250|230|225|218|228|245|238|244|236|228|230|236|235|218|243|234|248|241|242|228|245|218|238|248|237|236|245|220|232|235|222|236|231|223|223|233|255|237|241|242|252|248|249|225|235|241|224|218|240|235|235|237|240|228|239|218|251|236|239|233|235|229|234|237|230|234|221|229|249|244|225|242|229|236|244|252|246|248|237|245|241|231|226|244|232|238|250|218|220|235|228|243|230|240|228|226|227|245|241|225|234|234|221|221|212|231|238|228|225|228|239|220|227|235|231|223|235|241|242|244|231|237|247|248|251|238|250|243|244|237|230|221|233|214|236|247|218|237|245|234|231|220|229|227|228|246|223|253|233|239|241|218|236|240|231|237|243|218|223|243|222|238|226|227|229|238|233|244
Iteração que foi encontrado o Melhor Global: 706
Quantas vezes o Melhor Global foi alterado (Lembrando que a verificação na inicialização acumula nesse contador): 9
Particula Inicial do melhor global:
2,471378|0,475895|1,017968|1,116297|0,164991|2,184728|0,444342|1,925616|1,392404|2,036494|2,001575|2,222595|2,342019|1,368125|0,125523|1,419209|0,869267|1,052423|1,706418|2,247939|2,836226|3,437790|1,538877|1,276427|1,449731|
Particula Final do melhor global:
2,171918|2,313324|1,070688|1,494091|1,995548|0,918594|0,753841|3,434981|0,276393|1,454704|3,315449|3,515598|3,092740|0,855558|1,807037|2,026024|2,776415|1,683005|2,873842|1,315958|0,539008|2,552200|2,459547|3,635569|3,015469|
A melhor solução desse PSO é:
8 20 6 13 5 
2 19 9 3 17 14 4 
15 0 1 22 21 16 18 
24 12 10 7 11 23 
Quantidade de trocas de:1,000000
Makespan: 212,000000
