201|207|239|221|199|191|167|238|225|258|175|145|214|243|198|233|190|162|220|166|219|170|222|248|152|183|185|183|192|168|219|222|168|163|188|197|151|217|181|212|243|193|204|247|158|237|213|235|198|230|172|198|196|182|173|219|186|175|181|156|162|219|149|200|183|275|276|258|186|190|223|150|142|205|192|162|178|184|152|220|250|168|236|161|198|164|179|160|176|226|279|224|181|174|169|187|175|171|197|176|193|161|156|223|168|196|153|224|175|290|162|222|224|187|269|166|177|232|180|258|227|193|194|202|171|144|238|228|167|180|196|213|210|250|214|172|172|190|212|236|201|223|143|163|210|228|220|174|165|210|220|183|162|176|177|167|193|212|160|245|208|168|161|164|155|201|173|219|205|160|171|170|222|169|182|300|263|220|185|218|172|167|237|243|179|139|186|229|158|173|169|170|218|156|164|194|158|219|175|206|186|214|187|202|179|211|182|231|254|182|194|152|160|194|154|204|190|147|219|186|249|174|207|208|179|167|205|251|219|183|242|184|225|187|174|196|238|246|273|264|147|213|224|160|186|158|188|195|172|157
135|133|132|131|131|128|131|128|129|130|134|131|129|129|131|132|131|129|132|131|135|131|131|137|132|131|128|132|132|130|131|128|128|132|134|129|135|136|132|130|128|132|128|131|133|128|137|134|133|133|134|137|132|131|130|132|131|136|132|134|130|134|134|129|130|134|128|133|133|130|130|130|131|130|134|128|129|132|130|128|132|133|128|130|128|131|133|132|134|133|133|134|135|137|132|133|132|130|132|128|133|134|133|133|131|132|130|131|133|131|132|131|130|129|129|131|131|130|132|128|134|134|134|134|132|135|132|129|131|131|128|132|133|131|128|131|132|136|131|131|134|131|131|133|133|133|133|132|134|134|132|130|131|128|132|130|136|134|132|131|131|133|134|133|128|128|135|128|128|134|128|130|134|130|132|128|130|130|133|131|128|132|132|128|132|135|132|133|131|135|133|130|136|133|131|133|135|128|130|134|135|131|133|131|133|134|135|128|132|135|133|130|134|129|137|130|134|135|131|132|133|133|129|132|133|130|133|129|133|136|134|133|134|131|130|133|132|134|131|128|132|138|130|134|130|136|133|133|132|134
Iteração que foi encontrado o Melhor Global: 156
Quantas vezes o Melhor Global foi alterado (Lembrando que a verificação na inicialização acumula nesse contador): 4
Particula Inicial do melhor global:
1,674269|0,790562|3,852492|0,125807|3,149907|3,300442|3,091369|1,744822|3,475407|1,735525|3,587559|0,273957|1,999108|3,151693|1,945918|3,918200|2,755651|2,319344|1,716513|2,488676|1,327908|3,063739|0,976459|3,495716|3,245862|
Particula Final do melhor global:
3,858680|0,910212|2,707117|3,107890|1,221866|0,445760|0,901224|1,862349|2,278327|3,370013|0,671355|1,705686|2,442216|1,554580|3,382773|0,279362|2,223783|1,659919|3,355060|3,321680|3,769017|2,855180|2,217324|0,187650|2,114815|
A melhor solução desse PSO é:
23 15 5 10 6 1 
4 13 17 11 7 
24 22 16 8 12 2 21 
3 19 18 9 14 20 0 
Quantidade de trocas de:5,000000
Makespan: 128,000000
