1037|1025|1105|763|904|1187|1016|1233|871|1240|921|1246|1076|838|1084|967|1420|1082|1081|650|931|985|976|978|1332|1008|1032|1514|909|886|1077|854|955|1168|712|898|1361|1016|897|930|1072|1413|913|826|836|1127|954|1228|912|757|990|962|1064|1045|871|1230|938|1126|1259|1016|1224|1099|1146|1043|828|840|887|853|851|885|840|852|1036|1117|779|1298|1251|1048|1175|905|1156|886|969|1083|839|1124|856|1322|965|1007|1060|905|781|928|1064|1166|929|866|777|970|1056|993|1252|928|1056|1007|1153|1119|1066|958|728|883|1076|986|1030|949|1203|932|1005|960|774|874|858|853|810|889|799|903|943|931|1154|1214|1179|1247|1015|1127|1098|923|1100|1184|1024|902|1201|1070|761|822|1224|843|1313|1098|1010|1202|760|892|1121|981|1203|1230|1078|971|875|1287|866|1187|814|1082|1467|706|1203|942|814|958|897|785|1070|883|1099|929|691|924|915|1139|947|976|1101|1044|863|1326|971|1312|1020|686|864|920|756|649|1327|1138|859|792|1215|1125|748|883|956|959|857|1197|1015|1007|1316|963|913|1063|1102|849|903|1153|1026|964|741|896|881|753|1641|887|1307|766|936|865|929|914|919|1022|851|973|909|984|1002|984|928|1112|993|830|1298|875|1158|1087|1215|1123
550|511|511|564|516|511|511|551|511|511|545|516|535|560|537|516|613|511|545|603|516|569|536|612|535|511|511|511|511|560|550|560|581|560|521|511|590|521|511|511|590|550|511|561|603|546|532|511|532|511|558|511|545|557|511|524|532|535|511|511|584|532|521|532|590|554|511|562|580|511|511|587|521|548|511|511|552|532|558|511|511|511|536|511|516|587|557|516|576|511|545|521|511|566|553|571|511|511|511|568|545|558|572|545|511|585|532|629|588|511|552|511|549|523|546|511|547|560|511|561|618|545|533|583|516|614|511|517|511|580|521|594|545|511|516|548|511|511|582|545|548|511|545|516|532|516|548|533|511|511|516|572|545|532|545|511|557|511|511|511|566|511|577|535|511|544|511|511|511|516|550|528|511|516|511|511|551|511|511|511|511|511|590|554|511|511|564|564|562|581|516|625|545|511|532|511|516|511|511|613|511|511|615|545|511|554|511|532|550|595|511|545|567|562|583|546|516|553|511|566|516|528|511|550|590|532|511|511|511|511|516|547|521|511|562|511|514|532|511|586|537|511|511|553|511|524|511|581|558|532
Iteração que foi encontrado o Melhor Global: 127
Quantas vezes o Melhor Global foi alterado (Lembrando que a verificação na inicialização acumula nesse contador): 13
Particula Inicial do melhor global:
1,344959|0,240046|1,484048|0,632072|1,207452|0,816321|1,753980|1,062975|0,459738|0,320604|0,072074|0,064596|1,131986|1,617869|1,106101|0,928697|0,807836|0,725316|0,835846|1,723801|0,961585|0,273661|0,908042|0,026656|1,449110|
Particula Final do melhor global:
1,648552|1,770981|1,535420|1,762929|1,196012|1,029057|0,514129|0,551030|1,182861|0,947604|1,745058|0,700404|0,393562|1,255085|1,528874|0,542722|0,035749|0,724784|1,279105|0,899339|0,159705|0,526090|1,684790|1,871851|0,746098|
A melhor solução desse PSO é:
16 20 12 6 21 15 7 11 17 24 19 9 
5 8 4 13 18 14 2 0 22 10 3 1 23 
Quantidade de trocas de:5,000000
Makespan: 511,000000
