887|1159|1030|1036|748|1125|1482|1483|1083|859|999|1178|1187|1276|1438|1181|1217|907|1274|1321|952|1046|852|1422|929|1049|1057|988|1188|933|899|827|936|865|1049|1150|987|1308|1254|1113|1245|1033|1572|874|1015|1198|1008|1416|1346|893|1157|916|1456|1341|1131|901|987|950|1127|924|1944|987|1289|844|953|821|1228|1092|1202|992|760|1118|799|998|935|867|1120|1138|914|1095|1233|1596|1051|1657|822|947|1208|1300|1426|1033|943|1578|1045|1285|1230|956|774|986|895|1063|894|675|1011|1080|781|1008|1199|1154|893|1765|1003|1078|1432|818|855|972|1106|924|841|937|895|1253|1344|1223|762|1083|789|985|943|1044|1594|855|806|926|885|946|1082|1107|879|1316|727|1225|1134|1085|1012|1345|994|1124|1827|1393|981|1337|1217|991|906|1380|1529|1206|1742|955|1053|927|1466|1038|1127|922|968|1371|1398|1299|1202|1853|1068|921|941|1090|960|1270|1471|1166|922|1091|1026|1256|899|1119|1036|1340|925|867|1025|776|1045|1225|1098|1108|834|1230|1455|969|1080|922|940|1299|853|893|1137|1428|1283|1360|1069|1047|1366|1339|1146|1425|1240|767|1361|1671|876|922|1147|1367|969|1477|1137|1168|1281|1405|882|1558|889|1097|1000|855|1087|1017|1622|745|1152|1163|846|962|1087|1284|833|841|983|937
628|565|640|614|572|508|597|548|573|602|560|564|584|593|561|548|597|595|568|642|571|591|584|575|604|641|554|663|573|498|553|618|581|587|548|544|548|573|635|598|618|580|560|549|560|566|596|547|538|543|547|521|579|560|591|503|632|611|555|625|602|615|630|598|588|503|528|507|600|570|538|574|576|520|516|544|586|619|580|555|548|586|538|564|600|593|569|613|637|587|588|579|567|597|538|499|546|623|503|607|584|552|573|602|542|565|605|637|612|554|607|622|628|555|573|578|598|610|503|597|578|589|548|499|578|570|559|523|618|544|582|558|593|588|563|560|649|516|600|569|591|532|548|581|551|627|614|635|577|573|618|548|503|596|592|568|551|534|614|577|604|532|591|572|555|558|532|585|552|534|635|548|548|579|601|598|523|610|560|586|529|622|604|552|579|563|538|524|568|587|617|544|535|585|503|581|600|548|589|578|571|564|570|579|602|500|549|548|519|600|577|584|503|560|582|551|620|624|645|595|546|503|553|568|560|502|541|584|560|642|516|548|564|528|503|651|553|534|597|538|578|583|573|596|560|555|553|663|568|526
Iteração que foi encontrado o Melhor Global: 861
Quantas vezes o Melhor Global foi alterado (Lembrando que a verificação na inicialização acumula nesse contador): 11
Particula Inicial do melhor global:
2,824431|1,462003|2,633268|0,705633|2,471149|0,882495|0,126850|0,109062|1,536307|1,977444|1,861276|1,052652|1,400040|0,637437|1,382538|2,112450|0,539277|1,729833|0,804338|0,538442|2,897259|2,931761|2,989113|0,026026|0,294136|
Particula Final do melhor global:
2,448668|0,099559|1,317167|2,420343|1,294546|0,921906|2,504753|0,676775|2,704256|1,064295|1,827529|1,815863|0,625605|2,406906|2,865836|1,306250|1,630489|0,103653|0,691698|2,024235|2,034294|0,466787|1,598675|0,856119|1,271504|
A melhor solução desse PSO é:
1 17 21 12 7 18 23 5 
9 24 4 15 2 22 16 11 10 
19 20 13 3 0 6 8 14 
Quantidade de trocas de:9,000000
Makespan: 498,000000
