428|429|371|404|369|436|476|405|516|445|406|436|417|560|578|492|411|385|574|449|405|416|362|446|327|356|378|344|363|540|561|680|477|530|274|434|437|387|412|413|367|376|405|508|482|530|677|631|446|400|449|401|503|600|473|468|654|388|341|329|577|341|363|399|464|350|411|558|478|442|545|407|404|446|333|368|407|566|363|641|342|548|517|486|638|654|319|479|367|476|440|527|396|519|607|423|511|358|512|543|561|465|538|614|448|455|301|352|415|432|495|459|372|312|452|297|354|551|595|423|416|328|444|424|506|573|482|380|405|415|459|409|525|440|481|370|549|728|418|405|417|385|401|445|434|512|603|443|442|365|413|474|332|489|544|492|497|442|512|430|425|479|414|452|341|623|534|627|557|405|393|483|443|400|403|454|393|390|327|370|391|565|382|377|421|486|507|601|341|557|353|658|398|458|435|416|433|474|486|443|413|365|336|639|621|376|326|577|442|506|432|304|447|648|499|365|450|498|409|359|508|363|406|486|563|371|574|359|380|524|423|391|637|428|409|529|454|348|361|656|393|361|429|431|502|376|368|520|518|352
272|216|211|215|260|269|241|270|280|242|243|210|254|282|244|252|261|211|241|260|246|245|233|217|218|218|211|222|271|257|274|245|245|241|238|228|234|234|233|267|239|245|250|223|211|251|254|235|210|268|218|244|236|210|210|253|214|216|288|216|275|218|225|243|226|210|237|239|230|270|222|240|240|209|248|233|218|253|252|240|248|228|260|245|267|210|248|216|263|249|218|271|273|233|209|254|255|223|245|210|254|216|242|239|262|210|268|230|214|260|220|267|221|218|255|246|209|265|278|239|263|228|245|265|279|268|255|244|211|276|210|257|268|217|251|250|269|230|246|210|247|260|237|215|216|230|222|252|222|218|219|210|210|210|242|246|227|210|260|218|245|250|216|281|242|220|220|232|211|269|240|261|252|259|266|266|257|268|237|240|241|229|253|241|245|249|253|216|261|253|236|216|270|211|233|211|262|235|239|261|211|216|216|237|209|210|253|262|266|250|245|233|227|222|229|245|269|210|216|243|247|236|256|213|238|264|271|233|216|276|210|216|239|259|216|239|244|216|216|262|235|237|210|248|261|254|235|229|216|269
Iteração que foi encontrado o Melhor Global: 686
Quantas vezes o Melhor Global foi alterado (Lembrando que a verificação na inicialização acumula nesse contador): 13
Particula Inicial do melhor global:
3,073284|1,016612|2,675363|2,715138|1,914770|0,824497|0,463371|0,106725|3,070379|2,047352|3,419271|1,017391|1,592040|1,644796|3,003317|0,249241|3,692426|2,481848|1,482261|0,470228|0,648627|3,519497|0,132690|0,151882|2,866052|
Particula Final do melhor global:
1,592266|3,186457|3,972410|3,582946|2,115069|2,770190|1,522664|2,551365|0,650986|0,347403|2,423320|3,926130|1,814793|0,753206|2,784122|1,950765|1,936069|3,256270|0,743284|1,077709|2,403181|0,221551|3,901817|0,941767|1,826321|
A melhor solução desse PSO é:
21 9 8 18 13 23 
19 6 0 12 24 16 15 
4 20 10 7 5 14 
1 17 3 22 11 2 
Quantidade de trocas de:0,000000
Makespan: 209,000000
