1226|1127|1251|1178|901|1373|1279|871|728|1104|848|1097|1027|1216|1014|873|914|1296|913|1325|1135|1039|978|1113|1000|1288|1351|1118|935|1031|893|870|1148|1037|1440|1147|1170|1230|1351|1173|1305|1011|1279|1312|1301|1116|1114|1062|1486|1244|921|1056|968|1005|1126|1295|1315|1312|984|1298|983|738|1249|1022|1071|939|1193|818|1761|1145|1420|1140|963|1074|1004|1341|1314|1006|877|1218|1450|996|1239|1111|1169|1128|1012|1090|1378|964|1231|1018|1079|1283|1003|1045|1136|974|1008|1018|1286|1091|1248|1154|1534|979|1199|1270|1398|1579|1364|926|1323|1236|899|1282|1214|1358|1287|1297|884|989|991|921|863|898|1207|1127|957|1018|953|1041|1128|1079|1125|1534|1164|1352|1140|1324|952|1407|880|1689|1237|1023|1200|1000|1201|1177|1178|931|1465|1158|1080|1064|1485|897|1008|1014|1299|1198|1084|1586|1147|1342|1266|1228|1117|1161|927|1282|1010|851|967|1199|1019|1092|1270|1109|1061|775|1013|989|1162|1030|1467|962|1054|1426|889|1110|1008|1130|946|1328|1431|1134|975|888|1173|786|1176|1364|1252|990|1027|913|1037|1447|1016|1002|958|1316|911|1467|1095|1329|977|1088|1089|1080|965|1205|1275|827|1400|888|969|889|984|1204|997|1404|886|1207|1339|979|838|1150|1323|1333|1328|816|1201|1215|980|1100|1029|1489
545|614|599|579|537|547|712|562|628|608|573|603|603|589|576|626|545|539|616|610|614|618|636|670|625|572|617|617|590|605|545|537|539|603|634|640|655|603|606|614|628|612|650|633|658|547|637|658|603|611|638|600|680|640|597|545|570|655|548|600|616|704|640|537|640|656|618|631|587|609|643|537|623|608|614|644|545|570|594|603|640|537|637|603|661|537|614|602|584|603|629|640|537|676|640|640|586|537|713|540|617|572|642|610|607|618|537|610|537|645|557|603|640|613|637|604|621|581|545|626|542|542|621|537|545|620|600|547|540|542|550|624|647|537|545|603|633|579|570|577|640|621|545|623|573|616|609|537|548|617|611|592|603|545|640|594|599|537|746|611|600|540|570|592|640|542|595|604|613|547|657|579|574|576|603|678|577|616|545|605|662|677|537|604|594|696|545|572|572|611|609|633|591|600|545|603|542|606|537|542|642|582|629|559|540|670|645|545|594|603|579|657|537|540|625|545|685|581|604|599|537|545|579|579|655|573|542|605|589|537|639|537|608|570|545|616|537|537|542|612|603|570|594|587|577|635|603|589|627|545
Iteração que foi encontrado o Melhor Global: 474
Quantas vezes o Melhor Global foi alterado (Lembrando que a verificação na inicialização acumula nesse contador): 11
Particula Inicial do melhor global:
1,688672|0,200237|0,743282|0,487729|1,365412|1,142288|1,264881|0,232947|0,490745|1,828192|0,641437|1,058414|0,679135|1,169600|0,836656|0,281799|0,150946|0,206021|0,311186|0,266354|0,176456|1,852067|1,493400|1,247513|0,834437|
Particula Final do melhor global:
0,088356|0,329664|1,325211|0,186140|0,663267|1,767931|0,114409|0,804812|1,931889|1,482457|0,758881|1,183952|0,685806|1,898951|1,159834|0,684107|1,224617|1,258245|1,950493|0,022393|1,153871|0,465067|1,260833|0,081201|0,155357|
A melhor solução desse PSO é:
19 23 0 6 24 3 1 21 4 15 12 10 7 
20 14 11 16 17 22 2 9 5 13 8 18 
Quantidade de trocas de:5,000000
Makespan: 537,000000
