322|347|650|461|547|511|416|409|437|592|671|380|374|382|445|394|438|379|698|480|332|432|510|412|374|413|417|307|358|488|426|513|471|452|312|388|373|366|535|530|488|385|394|312|460|529|335|454|370|328|377|376|350|512|462|350|340|440|367|411|364|531|418|474|697|549|405|623|370|366|420|452|439|323|343|397|347|350|443|542|453|393|456|340|331|336|498|477|330|358|434|481|443|413|515|337|360|443|362|489|497|435|381|472|478|350|457|463|358|377|375|483|359|398|603|491|315|428|403|472|566|592|383|479|462|384|425|327|375|323|393|482|540|546|298|416|626|370|457|428|522|509|345|383|361|513|462|490|450|323|532|431|485|482|506|651|365|443|497|479|417|283|396|376|501|326|408|572|482|377|434|464|309|400|420|479|346|516|612|608|358|380|461|497|367|442|584|577|676|419|326|420|405|447|457|530|362|432|481|400|432|563|361|431|657|509|468|445|379|416|439|530|358|690|482|477|505|489|380|397|459|526|504|338|453|368|391|419|431|351|366|376|460|534|537|423|405|378|368|503|394|466|442|356|347|598|389|462|421|406
214|247|239|264|231|232|257|230|247|235|226|236|228|250|250|251|256|234|250|265|252|214|247|262|252|263|263|214|238|255|231|258|250|259|234|259|232|241|248|229|250|257|257|219|239|214|237|268|246|245|211|239|224|214|268|211|272|214|280|255|243|254|245|259|271|250|236|244|238|264|214|233|268|239|247|214|241|214|247|276|223|222|264|246|214|251|261|243|221|266|249|233|216|241|273|244|240|250|261|224|250|211|226|262|272|240|256|216|211|267|214|240|263|269|236|244|262|251|229|211|256|252|211|250|243|231|257|273|246|214|241|214|219|256|257|250|255|243|237|264|260|261|265|262|229|245|277|235|232|255|259|239|258|249|254|263|230|237|250|241|224|276|244|229|256|211|226|263|251|247|250|241|260|211|236|256|214|214|240|238|237|247|214|262|232|230|246|253|212|214|264|243|216|246|219|250|214|250|252|255|221|222|216|249|226|262|243|218|267|245|224|250|277|245|249|214|249|233|214|253|249|256|250|216|256|257|244|245|242|218|236|232|261|256|259|269|214|211|268|222|241|237|239|257|235|263|211|242|275|248
Iteração que foi encontrado o Melhor Global: 744
Quantas vezes o Melhor Global foi alterado (Lembrando que a verificação na inicialização acumula nesse contador): 12
Particula Inicial do melhor global:
1,244737|0,494895|2,990396|1,644357|2,905522|3,413334|1,257391|3,845610|3,610115|3,269263|3,861861|1,060520|0,617297|1,273536|3,323867|1,781167|0,527050|2,170805|0,679888|2,964762|1,614976|0,630256|2,759725|2,205961|0,898092|
Particula Final do melhor global:
3,159901|0,870459|1,021603|0,548374|0,768313|1,893383|0,649195|3,777010|1,683735|1,365424|2,853949|0,970752|2,665120|1,379610|2,056187|3,146644|3,433450|0,570133|1,981680|3,412644|2,646548|1,636311|2,525024|2,886787|3,312340|
A melhor solução desse PSO é:
3 17 6 4 1 11 
2 9 13 21 8 5 18 
14 22 20 12 10 23 
15 0 24 19 16 7 
Quantidade de trocas de:0,000000
Makespan: 211,000000
