214|273|236|222|182|140|185|202|222|138|177|245|241|200|170|237|243|165|150|216|235|164|262|204|175|156|227|157|165|190|193|204|231|226|176|138|206|213|219|228|189|161|217|218|169|220|225|180|202|223|163|196|230|181|270|166|202|229|177|166|194|248|272|178|237|212|210|226|180|218|249|188|180|165|190|173|179|187|227|182|186|206|215|207|161|191|167|166|303|219|210|220|254|154|170|182|173|180|254|250|241|188|245|184|170|179|198|197|195|224|196|219|175|175|192|273|173|212|138|195|183|214|267|169|214|142|228|201|175|162|194|172|155|153|238|178|186|223|237|225|171|192|168|196|197|266|205|178|239|222|181|152|201|161|187|232|206|191|209|151|162|197|230|202|182|217|191|205|212|165|188|150|171|158|214|231|232|152|183|199|250|342|164|233|207|175|177|179|205|217|204|231|184|209|239|216|228|136|206|214|311|206|241|184|190|161|264|186|230|219|150|223|154|186|167|169|217|263|155|197|214|237|186|193|256|169|246|221|151|180|189|203|201|234|175|199|185|195|149|163|216|183|189|224|211|194|166|212|219|310
134|134|137|131|134|129|129|132|133|131|130|134|134|132|133|131|134|132|134|132|131|134|132|133|133|132|134|129|136|132|133|136|129|131|133|132|130|137|132|133|136|130|133|132|134|133|131|131|133|135|131|131|130|135|133|131|135|129|133|131|135|134|137|130|130|132|131|136|133|133|135|133|136|134|131|134|131|136|134|134|132|133|130|132|132|133|131|134|135|133|134|134|131|135|131|131|134|135|132|136|134|136|136|131|129|131|131|137|134|134|133|134|132|135|130|133|133|130|135|129|135|136|133|134|131|135|131|137|131|129|131|135|133|135|132|135|138|133|137|136|134|130|132|134|136|131|132|135|134|130|133|131|130|133|132|135|136|136|135|133|133|133|130|133|132|135|131|136|134|131|130|132|133|136|136|135|132|134|137|132|132|133|129|133|134|128|131|132|134|132|132|135|135|133|129|134|132|136|134|133|137|133|134|130|134|131|133|133|140|132|138|134|135|135|136|132|134|137|131|133|133|137|133|134|131|135|136|132|131|132|134|132|133|133|130|132|136|133|128|130|133|133|134|130|132|134|138|136|135|133
Iteração que foi encontrado o Melhor Global: 567
Quantas vezes o Melhor Global foi alterado (Lembrando que a verificação na inicialização acumula nesse contador): 8
Particula Inicial do melhor global:
3,283747|2,078339|0,916883|3,337035|0,925999|1,036380|3,435970|1,532321|1,864828|0,464098|3,316524|2,233638|2,026644|0,299474|0,613508|2,089515|0,832078|3,770023|1,679461|2,090454|3,494408|2,936702|2,145881|0,294311|3,838191|
Particula Final do melhor global:
2,605566|1,353534|2,674171|2,624673|0,020549|1,261374|2,332252|1,723502|3,865722|0,558582|2,066326|1,899351|2,688371|1,914123|0,191342|2,199246|1,037205|3,789450|2,521123|2,737156|0,942870|2,814864|2,791376|3,466846|1,773157|
A melhor solução desse PSO é:
4 14 9 20 
16 5 1 7 24 11 13 
10 15 6 18 0 3 2 12 19 22 21 
23 17 8 
Quantidade de trocas de:6,000000
Makespan: 128,000000
