976|762|994|977|589|870|940|1148|1238|805|872|1189|553|728|1023|737|1045|1195|769|901|591|991|1000|581|922|770|748|1390|1111|787|694|1058|773|1041|900|1144|914|716|688|646|686|860|668|896|894|743|837|1190|945|740|696|970|1205|860|760|741|955|1051|1037|683|608|867|815|1040|1371|1037|814|1201|981|1015|703|1069|979|1092|1145|809|995|963|840|810|749|933|1069|839|1012|918|895|927|687|786|809|1323|1286|797|705|872|1166|838|867|782|1163|1371|780|886|776|883|726|786|687|1011|879|738|1110|1036|668|667|1006|922|869|630|1239|709|733|716|786|1014|950|592|757|779|1107|982|719|761|921|959|668|930|707|1555|748|673|1192|1476|882|845|756|1340|693|865|1216|1132|1218|819|732|1033|1247|753|754|1157|1095|828|756|854|821|708|694|1337|711|732|896|1067|747|813|1074|892|919|944|1117|1522|621|709|769|988|945|1102|889|526|981|626|756|820|792|633|738|975|918|1391|1207|688|1225|1050|1335|869|810|1141|882|786|709|968|1089|799|799|914|726|672|970|984|712|1102|911|657|702|887|872|1028|940|1072|938|660|1079|641|992|1289|770|817|755|955|1127|1025|726|1182|809|951|868|909|1142|1064|1064|915
401|500|380|480|411|379|345|342|463|343|451|486|396|490|452|467|337|416|500|470|496|471|502|430|453|453|370|329|404|456|463|491|370|370|418|424|423|432|382|444|482|466|399|454|398|460|466|494|450|328|441|398|437|361|414|329|450|448|482|428|328|425|457|329|465|329|419|451|432|414|502|391|462|430|508|461|329|475|433|432|380|337|476|397|457|390|438|366|414|449|420|455|379|509|337|427|470|486|496|465|380|342|421|410|505|456|336|416|461|468|487|486|415|337|495|422|461|481|444|447|414|447|498|428|464|361|472|411|472|503|393|422|401|328|417|370|452|393|448|467|492|491|420|465|526|484|440|458|416|457|505|377|481|384|461|418|513|472|484|451|428|426|353|473|471|500|335|413|339|349|438|478|447|457|391|404|473|439|425|486|412|476|475|414|492|428|371|487|378|454|456|479|493|423|377|478|444|479|452|497|501|495|389|462|491|482|513|484|477|462|493|425|414|474|476|462|459|467|468|482|453|389|494|444|403|443|482|462|391|407|451|448|467|443|358|451|469|439|370|509|473|445|434|454|379|409|363|337|441|494
Iteração que foi encontrado o Melhor Global: 932
Quantas vezes o Melhor Global foi alterado (Lembrando que a verificação na inicialização acumula nesse contador): 18
Particula Inicial do melhor global:
0,419217|3,117217|0,199272|3,329876|3,398731|2,017169|0,571400|1,704491|0,589333|1,901235|0,421858|1,910472|2,644084|0,127434|2,027203|3,228535|3,168833|0,483747|3,412219|2,740315|3,057368|2,426489|3,082788|2,744681|1,614203|
Particula Final do melhor global:
3,083025|1,439056|2,091875|0,517545|3,743011|0,648195|0,438854|0,287841|2,542792|3,993894|0,932220|3,322662|2,698714|3,362659|1,365059|1,415916|1,378667|2,487250|3,233510|1,540577|3,530871|0,875498|2,562048|1,018813|3,081601|
A melhor solução desse PSO é:
7 6 3 5 21 10 
23 14 16 15 1 19 
2 17 8 22 12 
24 0 18 11 13 20 4 9 
Quantidade de trocas de:8,000000
Makespan: 328,000000
