802|1317|1120|863|807|862|1085|915|1193|771|908|822|1242|1007|812|1171|904|1046|917|1027|1191|1153|1266|965|826|712|907|852|890|1274|826|875|969|937|742|1060|1069|905|947|975|846|1152|878|1298|1074|727|1023|721|1230|1006|924|901|886|1038|1227|1192|1194|946|1066|751|978|908|880|807|874|925|1091|1057|828|1049|1096|1268|671|883|1027|1204|1044|990|774|1397|807|1179|1088|1082|940|969|808|954|1073|746|1021|989|906|895|1104|1372|955|1091|944|1351|773|823|1057|1133|1208|901|921|991|1140|837|1201|1082|823|1167|1096|1224|912|753|1203|1084|946|1265|1046|1180|811|817|1346|888|910|699|738|1351|925|904|870|1263|1061|1272|879|768|792|922|1157|924|966|951|1160|854|1041|1214|956|833|982|825|895|936|828|1227|1014|916|882|969|979|1030|943|1160|1027|895|766|958|950|1087|859|702|797|971|929|1079|979|935|855|1197|818|957|844|1275|1243|697|1254|856|989|789|1030|972|923|1051|918|897|983|808|1060|1133|1064|1122|1078|834|1165|771|1369|1021|1115|1239|857|1088|862|951|1011|972|1476|1389|819|1232|961|1170|1083|756|1025|1084|904|1038|913|842|1021|1144|841|963|944|842|1227|890|897|881|869|1166|972|1014|1147|755|800|885
517|544|613|548|517|548|514|479|546|479|588|514|504|514|548|529|524|548|546|516|479|548|479|514|494|514|548|531|554|479|548|514|528|523|630|479|551|532|573|537|546|514|513|579|479|514|479|541|516|538|487|514|579|524|548|513|522|524|518|580|479|554|554|545|541|546|540|533|591|549|530|514|479|548|519|487|517|548|548|514|578|513|548|524|549|531|520|529|487|479|563|490|554|548|548|552|493|548|514|517|590|530|613|545|625|479|478|479|514|569|548|570|556|500|553|513|544|514|548|559|543|522|557|479|560|479|478|589|549|479|533|563|514|565|514|479|479|487|514|582|618|548|536|549|548|537|547|541|507|479|479|526|587|559|548|479|546|479|532|514|479|604|549|514|548|514|479|479|525|479|479|531|579|545|554|548|517|549|487|558|559|554|560|579|555|529|565|555|479|529|567|479|479|554|481|543|556|548|551|547|546|518|535|529|514|516|479|581|589|498|511|479|550|517|514|545|685|551|548|479|525|546|548|555|514|524|511|581|519|563|551|524|556|558|548|479|546|514|550|541|548|537|566|492|524|550|514|513|545|479
Iteração que foi encontrado o Melhor Global: 983
Quantas vezes o Melhor Global foi alterado (Lembrando que a verificação na inicialização acumula nesse contador): 14
Particula Inicial do melhor global:
0,030432|0,221279|0,634329|1,503209|1,613677|0,600251|0,174996|1,870111|0,166833|0,440819|1,953675|1,161561|1,747541|1,274906|1,284635|1,832954|0,679292|1,228794|0,365309|1,207205|1,025824|1,138795|1,997003|1,791490|0,599129|
Particula Final do melhor global:
0,920188|0,755916|0,357497|0,686513|1,679641|0,903429|0,943633|1,340770|0,719536|0,290142|1,119305|0,658893|1,350033|1,814908|0,940541|1,394124|1,254263|0,594246|1,018626|0,881412|1,737736|1,059958|1,532536|0,730358|0,400757|
A melhor solução desse PSO é:
9 2 24 17 11 3 8 23 1 19 5 0 14 6 
18 21 10 16 7 12 15 22 4 20 13 
Quantidade de trocas de:4,000000
Makespan: 478,000000
