1331|1279|1023|1196|1072|1148|1299|1050|1471|1198|1074|1340|1113|1532|1078|1262|1008|1020|1046|1147|1060|1138|1217|1047|1600|1024|1375|1032|1291|1703|1300|1377|1741|1397|1505|1748|1243|1322|1005|1431|1129|1222|1595|1187|1336|1504|1208|1295|1254|948|1310|1276|1041|1515|1182|1146|1169|1397|1156|1171|1295|1399|1402|1560|1407|1251|1219|1479|995|1176|1188|1116|1015|1918|1383|1220|1064|1052|1082|1012|1017|1139|1157|1222|1344|1090|1126|1424|1157|1359|1170|1022|1523|1454|2047|1173|1424|1223|1345|1109|1395|1212|1053|1098|1044|1493|1790|1609|1426|1112|1061|1255|1295|1170|1213|1419|1296|1265|1158|1055|1111|1716|1384|874|1048|1429|1248|1284|1119|1182|1705|1838|1185|1098|1402|1436|1418|1252|1456|1145|1228|1345|816|1275|1281|1135|1669|1103|1492|1536|1273|1067|1244|1257|1232|950|1085|1666|1456|1310|1414|1553|1371|1364|1174|1827|1062|1150|1104|1135|1001|1115|890|855|976|1360|1421|1205|1250|1659|1253|997|951|1524|1275|1130|1270|1413|1025|1130|1302|825|1324|1653|1165|1223|1178|1296|1083|1260|1725|1403|1160|1087|1430|1531|1785|1416|1437|1119|1641|1053|1023|1203|1037|1223|1373|1624|1188|1241|1186|1427|940|1348|1249|1218|1306|1106|1121|1421|1330|1176|1260|1290|1104|1437|1229|1241|1176|1425|1457|1228|1449|1723|1132|1243|1560|1191|1071|1067
710|776|730|747|745|690|671|673|691|735|742|680|704|678|671|753|683|768|671|679|638|697|711|674|728|708|715|673|681|674|678|678|705|727|671|725|671|809|707|713|740|738|768|740|651|726|777|673|671|734|705|671|695|671|767|672|752|723|710|742|671|805|771|746|726|739|638|717|671|681|787|712|678|674|747|674|723|727|741|703|731|710|699|720|675|716|681|745|671|746|781|681|681|690|792|722|719|712|671|707|671|741|679|677|787|740|681|671|671|742|671|758|692|705|686|686|761|745|711|677|712|716|700|741|671|740|671|717|709|671|687|682|713|789|674|687|681|706|686|671|638|703|746|751|638|749|673|753|788|709|713|674|721|757|678|691|753|672|726|781|734|676|673|746|738|673|673|722|678|671|738|710|748|758|671|693|741|744|695|671|706|708|739|671|675|705|686|779|705|774|697|671|680|671|709|671|679|726|697|686|740|758|683|714|686|678|671|776|720|775|706|710|671|682|758|671|671|686|691|705|713|678|671|722|764|714|691|736|772|703|747|723|671|671|673|711|673|695|638|771|704|739|683|740|683|773|671|741|757|766
Iteração que foi encontrado o Melhor Global: 870
Quantas vezes o Melhor Global foi alterado (Lembrando que a verificação na inicialização acumula nesse contador): 13
Particula Inicial do melhor global:
1,059265|0,785398|1,095048|0,609175|1,276335|1,261486|0,028904|1,420278|0,786949|0,459238|1,736123|1,828973|0,910931|1,307725|0,350842|1,976256|1,898222|0,769926|0,301527|0,839816|0,608859|1,968801|0,945419|1,816875|1,910284|
Particula Final do melhor global:
1,281947|1,173063|0,875583|0,294528|1,427683|1,163147|1,625982|0,798409|1,874476|0,272706|0,284950|0,845375|0,163971|0,238651|0,058521|0,668427|1,552475|0,558827|0,932215|1,093844|1,130213|0,404472|1,236064|0,674853|1,681413|
A melhor solução desse PSO é:
14 12 13 9 10 3 21 17 15 23 7 11 2 18 
19 20 5 1 22 0 4 16 6 24 8 
Quantidade de trocas de:6,000000
Makespan: 638,000000
