584|494|450|486|451|403|754|523|502|543|423|479|553|487|488|469|530|648|505|492|488|535|458|448|438|511|504|397|467|439|534|477|399|610|451|483|615|419|561|561|522|376|533|519|626|648|644|608|498|480|417|703|514|548|401|474|640|924|604|526|577|469|564|448|622|801|558|536|471|441|608|552|525|461|430|661|459|370|580|573|567|623|700|580|465|501|449|474|632|462|609|630|542|616|492|461|442|445|589|540|683|508|539|458|488|494|708|763|368|637|486|553|672|513|625|374|476|393|429|454|494|443|486|354|377|508|443|575|553|556|494|708|487|438|465|616|610|480|454|594|575|681|762|603|472|553|550|440|595|419|557|435|533|557|470|452|465|379|590|674|570|473|653|621|472|474|628|455|577|509|551|557|627|569|569|507|697|569|401|477|699|440|389|527|506|486|466|485|685|523|723|550|442|461|405|444|434|507|641|442|418|845|533|387|429|446|562|623|575|498|593|457|462|421|460|433|580|393|672|456|777|566|479|481|544|495|377|619|446|436|535|462|437|439|463|395|555|704|448|481|594|423|480|711|538|583|464|538|457|605
347|328|318|283|310|298|307|322|283|308|327|333|310|283|287|307|324|292|329|287|295|287|319|287|295|333|344|298|295|317|316|326|287|317|315|287|303|322|316|298|309|347|306|291|287|283|316|287|328|324|295|335|312|318|322|320|287|283|325|325|324|337|287|323|330|331|332|287|287|301|287|295|318|299|287|342|326|320|287|332|287|287|330|321|317|330|287|287|298|295|308|311|329|332|324|315|287|322|306|292|318|324|287|317|287|311|328|336|322|324|287|317|308|334|287|352|329|328|301|331|327|356|314|336|310|320|324|328|283|283|321|306|302|319|329|287|287|287|317|283|315|325|332|332|283|287|317|312|334|301|322|287|311|318|337|297|291|342|327|312|325|319|312|343|283|283|283|331|283|283|287|287|311|324|283|309|287|300|316|291|302|290|296|295|287|324|292|310|283|320|324|317|287|283|287|300|316|335|295|317|322|295|283|306|297|287|287|335|298|287|283|287|300|341|315|300|324|341|287|283|287|317|309|335|295|292|330|294|308|322|283|313|310|346|294|306|283|313|312|317|307|320|328|295|333|314|295|308|293|295
Iteração que foi encontrado o Melhor Global: 702
Quantas vezes o Melhor Global foi alterado (Lembrando que a verificação na inicialização acumula nesse contador): 10
Particula Inicial do melhor global:
2,565768|2,501726|0,630508|0,354151|1,108088|2,527584|0,187490|2,266586|0,898770|0,070530|0,319999|2,491935|2,306785|1,625620|2,788991|2,364398|0,881243|1,566675|2,450703|2,534127|1,049284|1,494107|1,791626|1,857583|0,155820|
Particula Final do melhor global:
2,987770|2,159074|2,556993|0,520740|1,274943|1,050835|1,485413|0,539209|0,688252|1,004453|0,344990|2,552886|1,675496|0,943455|2,488676|1,691856|2,608060|1,679071|2,094356|1,978118|1,188668|0,549674|0,023157|0,585957|2,359034|
A melhor solução desse PSO é:
22 10 3 7 21 23 8 13 
9 5 20 4 6 12 17 15 19 
18 1 24 14 11 2 16 0 
Quantidade de trocas de:2,000000
Makespan: 283,000000
