258|169|216|187|173|220|263|174|155|181|220|298|216|161|204|237|218|219|176|304|208|211|164|186|208|197|186|145|218|167|220|219|212|186|204|260|167|262|183|144|196|198|143|157|150|167|158|257|241|211|173|184|274|146|209|245|217|229|204|241|200|174|222|218|196|168|263|191|268|301|256|202|162|201|162|227|194|212|199|208|165|181|214|166|226|149|193|187|196|212|203|161|192|214|176|159|158|154|182|179|159|153|211|167|271|189|174|212|239|267|184|199|193|186|223|156|190|269|153|151|200|209|201|192|191|252|170|196|202|147|187|165|176|187|285|178|152|147|235|198|169|151|245|163|198|144|148|180|212|156|173|188|255|293|162|305|239|244|205|213|187|230|198|222|216|149|220|168|218|181|191|176|186|200|196|212|224|166|172|177|178|154|224|163|156|248|203|171|238|161|218|219|250|172|197|160|166|215|231|210|187|146|260|176|182|185|201|260|245|223|289|231|175|195|171|174|284|215|183|166|166|178|297|168|226|179|175|234|205|153|223|211|169|221|252|266|150|218|190|174|206|193|271|197|194|200|211|164|196|194
136|132|132|134|133|134|130|133|131|132|134|133|134|133|129|132|129|135|128|136|134|133|131|131|129|135|138|131|136|132|131|133|134|132|134|133|135|131|132|137|135|132|134|129|136|133|133|133|133|132|134|130|133|135|133|132|131|132|133|131|134|131|132|131|132|131|130|133|134|135|133|133|133|133|136|133|133|134|131|136|131|133|133|138|131|132|133|136|132|132|132|134|131|131|131|132|132|137|135|134|135|130|135|131|132|133|128|131|132|133|133|133|133|133|132|135|132|138|134|129|131|136|131|133|132|131|132|134|132|130|133|133|132|134|132|135|133|132|134|133|131|131|134|134|130|131|137|134|133|132|135|135|135|135|133|133|136|135|132|135|130|132|133|131|136|129|135|131|136|130|130|132|130|133|130|135|132|131|137|131|135|134|134|131|134|134|136|137|134|133|132|133|132|133|135|132|131|134|134|133|133|133|132|131|133|132|136|132|131|132|137|136|133|132|133|130|131|136|133|133|138|131|134|135|134|134|134|134|132|128|136|135|131|131|134|132|130|132|133|132|133|134|136|134|131|131|131|135|137|134
Iteração que foi encontrado o Melhor Global: 183
Quantas vezes o Melhor Global foi alterado (Lembrando que a verificação na inicialização acumula nesse contador): 8
Particula Inicial do melhor global:
3,384784|0,660402|1,320374|0,392283|2,478300|3,491675|2,404198|3,416868|2,759002|0,449934|0,986791|1,626947|2,638998|1,208884|2,991482|1,598101|1,743184|3,362839|1,509573|3,688184|1,304187|0,112035|0,602023|1,279921|2,372598|
Particula Final do melhor global:
1,401074|0,977399|0,205602|1,623737|2,876276|3,905687|0,694861|3,675159|2,722946|1,650908|0,215377|0,170028|2,205176|1,119180|0,811661|3,193177|2,281391|0,940227|3,612245|2,695559|3,543969|1,343522|1,227843|1,457493|2,620183|
A melhor solução desse PSO é:
11 2 10 6 14 17 1 
13 22 21 0 23 3 9 
12 16 24 19 8 4 
15 20 18 7 5 
Quantidade de trocas de:7,000000
Makespan: 128,000000
