1278|640|752|732|765|878|779|950|751|802|997|797|1009|816|1111|1233|711|1329|1112|905|1434|794|1273|1003|1029|863|902|905|778|1224|1045|725|890|771|1497|776|1216|1429|991|779|1310|1101|783|915|1300|1063|819|989|904|1056|789|771|711|1226|984|953|1013|1516|833|943|880|1073|974|1067|1148|1113|915|786|834|820|895|1209|1174|980|779|1097|849|966|1026|836|811|981|1732|1209|888|819|712|1280|866|1114|929|977|1156|1072|1192|1362|1030|870|785|1085|797|1067|818|1041|1260|865|1127|1498|934|1497|1109|1182|971|747|1602|883|1206|924|1322|1148|1001|845|947|812|1020|1455|959|726|1107|1016|1082|1139|982|1287|865|636|1077|790|816|1346|999|1036|1075|1000|967|1191|1002|960|1358|787|806|1215|1132|727|1046|1005|875|1210|804|830|877|816|1215|1112|949|1003|938|809|980|1239|978|987|804|1140|1231|1059|582|977|984|865|646|1171|821|879|1094|767|1018|821|972|869|756|862|792|1286|593|984|784|1044|1072|888|929|845|1036|710|1163|804|892|1034|961|971|930|851|1237|869|1474|639|1182|988|999|847|940|709|711|729|839|779|1138|1022|792|1042|670|1450|972|1026|944|789|701|640|1023|882|772|1142|788|910|855|1064|805|1154|1171|1003
437|363|420|509|459|373|363|383|498|365|440|373|474|387|438|383|363|363|416|363|429|363|371|481|433|402|415|363|487|414|460|451|419|458|418|404|383|480|525|363|454|411|490|531|440|430|363|397|476|395|434|471|437|414|500|363|416|415|476|440|440|523|455|433|363|448|363|447|536|363|417|440|371|387|447|553|440|414|489|448|500|363|493|387|383|406|363|450|444|450|421|363|417|383|475|430|429|415|383|447|411|483|392|502|440|500|363|387|455|363|477|472|461|387|531|460|381|440|407|462|526|511|456|470|383|440|363|423|433|418|363|451|465|363|440|363|512|383|363|422|408|381|465|443|383|457|363|440|443|452|363|443|387|447|401|443|413|404|465|416|395|431|363|383|535|424|477|363|414|379|363|477|428|363|424|445|488|440|464|392|363|440|484|471|526|387|456|438|495|439|430|423|479|452|528|453|400|363|408|468|440|419|363|456|459|363|479|435|455|448|405|402|388|412|440|511|470|383|499|502|383|363|481|496|421|387|426|424|493|423|452|363|387|363|442|387|463|528|477|387|440|387|436|485|363|418|458|440|383|473
Iteração que foi encontrado o Melhor Global: 324
Quantas vezes o Melhor Global foi alterado (Lembrando que a verificação na inicialização acumula nesse contador): 11
Particula Inicial do melhor global:
0,206508|2,000065|0,695211|0,400157|2,716105|0,075422|2,553640|0,064050|1,649465|0,947778|2,112351|2,223307|1,841718|2,636928|0,746558|0,735752|0,847911|1,059073|0,229797|2,536440|1,076331|0,764714|0,622548|2,597645|1,166497|
Particula Final do melhor global:
1,477948|0,985274|2,784848|2,315447|1,743059|2,257971|0,366032|2,949856|0,643809|0,495486|2,467073|1,552281|0,620949|0,126992|2,892125|0,441413|1,275196|2,569484|2,050045|2,208663|1,577326|1,616092|1,861751|1,552287|0,874395|
A melhor solução desse PSO é:
13 6 15 9 12 8 24 1 
16 0 11 23 20 21 4 22 
18 19 5 3 10 17 2 14 7 
Quantidade de trocas de:5,000000
Makespan: 363,000000
