853|954|1080|670|1399|746|655|1370|832|937|1102|978|737|780|920|893|1192|945|1322|727|757|1005|800|1237|751|830|1066|1123|1174|874|991|778|1038|919|1142|765|1100|554|946|714|1063|1099|725|1407|1014|951|1127|588|1143|953|885|785|840|1022|787|1052|904|1134|814|849|1201|1003|947|862|830|733|862|885|926|886|964|763|777|859|977|849|931|1081|728|947|1203|1019|885|1004|889|771|678|1072|866|1031|980|711|719|677|925|833|955|1119|1220|1013|924|1100|897|750|850|1106|843|821|900|810|798|614|1230|1313|599|903|850|964|889|887|922|740|644|1416|1219|634|787|936|693|823|869|1052|746|910|548|802|504|836|1373|859|934|838|1271|886|888|1511|1438|545|886|1113|658|942|1241|694|827|988|731|903|946|935|951|984|901|838|740|1314|996|1062|854|806|774|850|870|838|653|1167|787|1012|964|606|1236|916|763|771|773|501|1124|550|798|796|539|973|746|921|1322|750|897|1319|1061|878|929|1267|888|852|1212|905|917|929|983|703|685|670|1244|847|971|981|799|1028|916|805|1588|707|612|473|859|721|807|1053|771|728|733|642|1071|1352|902|971|836|1315|602|1097|837|943|717|1462|1236|942|677|1269|835|1089
422|453|421|445|435|432|274|397|352|464|479|327|430|489|446|464|477|415|436|411|438|444|381|274|421|415|427|445|406|452|446|274|473|430|460|455|379|385|435|497|371|384|332|465|384|445|437|310|469|427|432|487|417|462|439|392|375|274|384|352|404|274|457|427|389|485|439|409|461|442|453|423|449|497|444|274|408|487|356|411|384|320|487|274|426|484|350|436|365|448|461|467|468|414|364|433|274|274|456|386|387|421|367|437|396|274|487|407|475|381|451|409|274|428|449|367|373|428|452|393|464|274|428|274|434|274|350|483|485|274|404|379|367|427|274|397|474|363|340|455|340|399|476|376|274|374|461|477|386|476|372|417|352|516|455|488|310|374|383|472|479|385|385|418|438|445|425|453|444|421|274|441|407|465|424|277|412|405|347|446|422|415|274|350|373|467|407|274|441|416|345|421|470|372|423|416|357|274|376|438|445|399|376|418|401|443|408|436|355|431|428|428|473|437|443|384|472|453|465|487|452|483|274|329|461|397|443|395|483|460|402|407|377|437|450|274|412|410|385|375|418|274|435|350|431|366|451|457|409|426
Iteração que foi encontrado o Melhor Global: 407
Quantas vezes o Melhor Global foi alterado (Lembrando que a verificação na inicialização acumula nesse contador): 10
Particula Inicial do melhor global:
2,711064|0,576829|3,660663|0,255563|2,459802|2,994346|0,136338|0,673750|0,393025|1,297652|3,994925|1,846887|0,017413|3,478344|0,441653|3,332292|3,675204|2,673114|2,595377|0,038682|0,434124|3,540547|0,890438|3,015564|1,523166|
Particula Final do melhor global:
1,461516|1,757885|2,618113|1,450546|3,002086|0,912143|1,114592|1,396735|2,356837|0,284061|0,979104|3,648484|2,437044|2,213748|3,041730|3,670273|3,159703|2,427056|3,065884|1,439069|3,562778|0,379860|1,023832|0,766973|2,211942|
A melhor solução desse PSO é:
9 21 23 5 10 
22 6 7 19 3 0 1 
24 13 8 17 12 2 
4 14 18 16 20 11 15 
Quantidade de trocas de:4,000000
Makespan: 274,000000
