595|806|553|524|516|984|687|525|855|631|548|467|605|614|657|654|598|634|642|598|644|727|518|771|678|794|570|814|643|433|459|458|879|451|539|667|966|573|561|829|649|482|746|590|624|557|420|619|570|487|697|791|695|772|461|677|666|1007|936|580|506|617|454|463|767|725|609|686|477|660|709|448|509|543|527|541|703|686|725|545|618|538|661|571|820|639|411|469|585|995|817|608|1125|843|523|604|591|726|619|483|730|677|758|759|440|612|552|439|593|449|938|696|848|654|596|691|727|569|781|845|798|568|855|544|676|877|531|977|791|744|862|717|652|825|615|420|729|486|593|660|706|951|573|912|911|812|526|594|530|468|919|596|528|762|457|792|517|911|545|614|955|559|534|405|478|960|609|567|468|324|596|582|606|584|508|604|440|698|694|651|952|574|979|642|621|592|682|650|621|544|742|541|559|861|469|781|662|706|466|569|1083|604|741|632|480|1062|595|471|476|757|934|637|721|669|767|534|513|666|624|814|479|540|487|628|648|772|675|555|618|505|600|477|618|789|821|502|601|579|560|570|665|673|689|775|657|1239|403|758|626|636
256|249|260|260|341|297|263|276|254|276|249|305|300|229|275|229|260|337|286|280|251|259|229|254|293|229|301|254|277|229|296|249|292|297|274|284|297|330|267|318|342|248|322|299|248|297|303|308|229|229|304|229|294|260|277|260|327|336|260|306|296|260|295|229|254|277|267|234|260|272|272|246|272|285|246|229|284|277|260|346|260|299|351|285|276|297|289|311|274|277|277|236|249|285|338|253|307|349|260|299|231|337|280|303|229|229|313|303|229|306|316|299|248|246|288|321|280|274|300|260|294|318|229|248|248|327|263|282|283|260|287|258|254|297|279|288|282|272|286|259|345|297|317|234|291|229|247|327|300|344|276|249|260|244|303|258|321|264|249|297|284|365|283|298|290|229|277|305|310|237|286|302|272|327|229|243|276|248|301|290|260|284|320|254|229|282|289|276|249|300|311|330|282|260|314|241|290|275|302|322|282|296|341|246|263|333|286|319|229|248|229|246|351|309|231|291|229|305|301|289|316|327|243|287|297|312|229|229|315|233|297|313|229|297|252|248|271|260|243|314|279|303|249|317|286|368|294|305|229|256
Iteração que foi encontrado o Melhor Global: 292
Quantas vezes o Melhor Global foi alterado (Lembrando que a verificação na inicialização acumula nesse contador): 12
Particula Inicial do melhor global:
3,572802|2,365341|2,713750|0,144617|1,407174|2,292892|1,867087|1,023297|1,232037|2,945336|0,093318|2,063937|2,440197|2,428256|0,545302|2,329079|1,312337|3,905909|2,228044|2,989164|1,782063|1,062166|0,510668|2,614166|3,262078|
Particula Final do melhor global:
3,464963|1,858983|0,606759|2,166466|1,141629|2,799865|3,587064|0,874450|0,358809|2,843941|3,161465|1,872625|3,733268|1,044851|0,385371|3,535409|1,112959|0,345288|2,567827|1,895882|2,463127|1,489882|0,730460|1,826362|3,438774|
A melhor solução desse PSO é:
17 8 14 2 22 7 
13 16 4 21 23 1 11 19 
3 20 18 5 9 
10 24 0 15 6 12 
Quantidade de trocas de:1,000000
Makespan: 229,000000
