934|847|807|1083|856|770|847|1210|1115|858|1069|944|804|1378|1369|1074|1063|1382|954|737|1028|840|1431|782|997|912|763|1311|920|776|895|1112|933|964|1103|774|849|1306|918|805|1080|861|742|760|1144|1197|1188|1135|963|696|1147|1014|1008|679|1365|1141|1198|726|740|987|848|963|1065|1086|1172|1056|1223|1060|800|973|709|865|746|951|1102|731|806|846|1221|1032|986|959|1239|1048|907|923|1332|1221|698|661|830|847|998|1226|921|739|1202|794|877|993|1167|843|857|850|1443|980|1268|981|972|1161|977|942|1208|994|1145|1007|898|1214|996|792|774|1228|1012|759|798|1135|952|1167|1422|913|1287|924|882|734|961|1169|751|977|1389|1243|753|742|1442|956|1080|987|837|681|967|1158|748|657|823|885|1012|829|986|751|838|905|1310|929|1044|978|660|834|851|847|1025|727|996|980|1231|1040|1053|1050|1183|1301|1455|1302|950|932|745|567|786|761|974|792|1027|844|1113|1035|958|887|1039|1301|857|787|1327|1024|771|1004|793|1374|1244|1020|1119|1188|1346|811|886|936|825|848|788|775|949|994|935|877|912|1062|744|1262|848|913|1313|713|833|995|724|1171|881|678|1112|882|924|1120|806|678|979|1140|965|992|1090|1357|1009|867|975|1104
520|509|512|554|500|509|465|563|549|506|543|526|549|481|492|463|528|439|475|479|466|466|456|500|522|450|550|506|490|459|526|533|462|462|473|466|506|465|489|450|450|545|471|515|516|463|476|479|528|473|434|512|411|443|515|429|422|484|484|488|504|493|433|457|520|467|530|439|474|575|561|506|514|429|530|510|513|487|486|524|528|513|470|528|474|500|501|461|429|492|504|504|503|541|494|422|498|515|491|439|517|515|525|525|531|495|504|450|443|544|541|463|464|476|429|429|529|515|458|457|459|496|536|434|475|466|542|450|546|490|411|434|429|505|482|559|480|437|518|450|518|472|479|466|526|461|492|507|526|509|498|503|506|482|521|439|419|481|497|523|523|531|450|496|507|487|450|456|473|499|531|474|504|411|442|506|419|444|498|446|535|448|439|567|523|503|447|490|491|519|509|439|539|478|459|439|487|519|477|496|454|517|476|462|541|576|531|500|473|429|472|486|514|526|459|503|482|476|503|449|482|519|570|520|464|450|571|411|429|450|431|542|545|480|462|541|524|487|515|479|543|439|551|502|530|450|561|556|521|535
Iteração que foi encontrado o Melhor Global: 738
Quantas vezes o Melhor Global foi alterado (Lembrando que a verificação na inicialização acumula nesse contador): 11
Particula Inicial do melhor global:
0,382329|2,452057|1,975838|2,745364|2,807699|0,920643|0,850369|2,696020|0,426695|1,923691|0,162769|2,502313|2,498868|1,675670|1,441804|0,237318|1,621629|1,208537|0,346751|1,940745|2,159793|0,721966|0,864595|2,687438|2,735451|
Particula Final do melhor global:
1,335271|2,176816|1,446087|2,630319|2,607171|1,515692|0,606372|2,069451|2,281252|0,965434|1,709108|1,582349|0,297782|2,161741|0,954479|1,263811|0,902857|2,053747|0,611120|0,018719|1,712232|2,246327|1,359208|2,795983|2,033759|
A melhor solução desse PSO é:
19 12 6 18 16 14 9 
15 0 22 2 5 11 10 20 
24 17 7 13 1 21 8 4 3 23 
Quantidade de trocas de:7,000000
Makespan: 411,000000
