1128|858|750|1044|1122|913|804|1115|862|1027|1049|997|1127|1003|985|976|1164|1555|1545|1328|1234|833|846|899|790|1058|1073|848|788|916|875|928|1486|969|923|1168|978|1058|1112|1273|1365|985|1248|1038|1588|902|1381|972|1234|1140|1038|950|1278|1212|983|916|1148|1114|881|989|1187|1253|1443|1126|1054|825|806|1112|1467|1211|959|1006|792|1508|1297|1047|823|948|979|1692|872|862|985|811|1363|1424|951|1500|896|921|1198|1302|1121|999|1118|1229|1500|1152|1208|1088|1143|1512|916|922|1112|850|986|1535|1096|1479|1109|1661|962|1226|992|1144|1202|961|1256|911|1217|791|1401|870|1224|1003|962|1169|1071|1401|775|1276|1012|1180|1450|1375|1003|941|1314|1447|896|816|1380|725|1005|883|1295|964|1026|1308|1090|1424|775|1022|1426|681|1087|1177|975|1097|1076|1452|1102|943|1047|1024|914|1245|1022|1062|1033|1147|1027|1161|1433|1184|787|1405|1067|817|832|1242|1087|820|969|1119|872|908|1083|1094|1319|969|1253|1045|1161|888|1005|1253|1048|1267|1078|1114|1363|972|1237|921|744|1504|1976|891|910|1288|1093|802|1769|1133|1349|1148|757|951|905|1007|824|1017|1095|725|992|1160|920|885|1727|1514|1258|811|977|1209|891|1444|863|1078|1282|1238|911|886|808|906|990|1133|1171|1583
523|622|655|548|587|598|594|594|547|507|613|529|581|525|521|570|586|598|655|554|600|572|599|541|609|533|566|617|555|636|648|625|578|600|548|616|604|563|577|603|620|539|566|575|585|622|579|618|585|535|618|551|619|590|592|584|562|584|525|507|601|541|648|575|582|596|563|581|568|551|622|549|645|598|626|609|593|517|618|631|574|612|633|557|575|618|580|591|596|602|589|536|577|585|536|573|599|604|630|612|547|507|556|573|590|507|578|551|657|635|620|610|599|656|613|598|603|583|563|638|507|563|539|558|581|578|588|644|595|594|644|635|507|569|597|613|614|563|571|547|598|641|595|608|629|603|564|555|606|530|622|570|580|557|599|632|545|642|551|604|589|590|558|569|559|629|602|579|580|581|563|547|616|602|613|617|642|603|516|554|546|556|596|553|574|517|589|628|583|534|585|589|651|569|521|559|599|631|593|605|584|653|647|558|543|626|596|637|580|565|582|517|668|572|574|573|578|650|651|591|609|563|656|596|639|556|607|587|540|610|580|629|566|630|598|573|582|640|584|563|636|623|622|602|647|621|507|545|581|613
Iteração que foi encontrado o Melhor Global: 726
Quantas vezes o Melhor Global foi alterado (Lembrando que a verificação na inicialização acumula nesse contador): 18
Particula Inicial do melhor global:
2,999395|0,498067|1,031972|1,378098|0,361203|1,430151|0,367063|2,069021|0,905283|0,805678|1,778052|2,583108|0,152881|2,990335|1,150911|0,386620|2,964945|2,205428|1,288401|2,806283|0,690420|2,650928|1,802529|2,037837|0,477837|
Particula Final do melhor global:
0,631914|1,343242|2,222706|0,141988|2,142526|2,527132|1,611779|1,768778|0,840587|2,045048|2,200654|2,493408|0,931411|1,706995|1,708590|2,277016|0,291274|1,376150|1,444720|2,423877|0,948899|1,072256|2,195454|1,976477|0,635159|
A melhor solução desse PSO é:
3 16 0 24 8 12 20 
21 1 17 18 6 13 14 7 23 
9 4 22 10 2 15 19 11 5 
Quantidade de trocas de:10,000000
Makespan: 507,000000
