900|808|812|564|538|572|665|920|665|560|513|565|737|686|516|697|687|622|861|593|735|626|614|517|1049|657|663|527|480|649|921|507|547|1004|645|703|427|1284|428|776|511|876|836|539|567|579|740|696|1239|500|793|933|631|603|705|511|760|595|664|722|858|590|552|781|561|632|677|970|611|890|626|522|666|463|552|804|618|499|538|799|639|828|533|643|638|447|736|706|614|712|526|746|696|975|500|508|597|946|654|977|742|503|796|711|495|690|618|634|875|972|769|734|747|561|790|557|723|425|615|793|472|955|557|872|607|517|493|874|770|566|808|639|1102|895|1062|599|672|683|658|633|758|596|958|675|519|602|982|712|728|797|471|591|589|1003|538|894|560|470|966|658|517|515|688|1065|494|694|580|578|677|629|1049|755|607|696|483|1028|455|686|683|1015|663|658|842|758|756|757|468|600|938|633|709|1026|964|798|513|645|942|858|534|738|689|795|670|1338|518|776|559|696|616|614|528|1077|710|521|645|831|731|644|1095|566|535|760|660|570|738|488|686|565|1104|741|658|668|789|958|658|1056|652|532|924|529|541|687|467|599|1073|610|848|749|595|574
254|263|312|327|283|256|291|253|254|263|263|291|253|263|263|254|253|253|256|263|267|310|253|253|315|294|253|394|253|300|253|263|253|327|292|304|260|253|386|253|276|297|306|263|350|253|254|348|253|253|253|253|254|293|287|277|253|253|263|253|348|304|334|358|274|263|296|316|253|286|304|268|253|305|263|357|325|317|256|300|296|253|263|296|256|256|263|253|300|254|319|304|306|298|265|330|253|275|293|323|287|305|254|253|253|263|253|324|263|354|253|327|263|353|278|261|347|268|253|253|254|253|315|253|310|347|263|253|263|260|263|300|339|292|263|253|263|273|300|263|305|260|256|300|366|253|328|253|254|288|254|280|353|284|319|326|253|354|286|288|253|263|290|263|260|318|253|253|327|253|285|319|253|284|327|263|375|263|300|260|300|318|318|253|254|253|319|267|300|294|344|331|257|287|309|273|260|253|263|287|265|284|307|327|318|257|253|306|326|263|284|339|253|306|351|253|288|300|299|263|254|327|257|283|253|263|298|297|323|253|306|324|260|362|253|263|304|253|253|281|263|273|253|263|361|253|343|253|333|344
Iteração que foi encontrado o Melhor Global: 250
Quantas vezes o Melhor Global foi alterado (Lembrando que a verificação na inicialização acumula nesse contador): 8
Particula Inicial do melhor global:
0,948975|0,322441|1,364951|2,298505|2,016015|1,352501|0,274672|1,157589|2,793466|2,116232|0,393099|1,919169|0,474888|2,770812|1,043369|0,589183|2,575483|2,870932|1,866360|2,871274|0,278950|0,678474|2,703227|1,058500|0,213971|
Particula Final do melhor global:
1,189232|0,454220|2,897874|2,078330|1,494182|1,854257|0,966659|0,843459|1,050910|1,911526|2,265542|0,800095|1,490288|0,849950|2,474782|1,638234|1,601675|2,319834|0,645826|1,682942|2,335334|1,575944|0,073611|2,159119|2,048554|
A melhor solução desse PSO é:
22 1 18 11 7 13 6 
8 0 12 4 21 16 15 19 5 9 
24 3 23 10 17 20 14 2 
Quantidade de trocas de:3,000000
Makespan: 253,000000
