459|396|396|434|543|694|430|540|472|678|692|420|509|529|690|521|450|561|473|657|581|830|561|553|557|647|371|427|603|607|403|421|631|535|506|551|569|417|522|503|679|499|527|496|472|675|675|678|441|457|492|566|428|386|539|504|597|421|466|483|490|607|437|654|559|498|483|485|422|482|430|495|441|672|598|551|611|464|519|452|492|587|422|414|526|448|501|448|460|480|762|462|516|435|659|453|683|472|429|507|628|486|589|641|525|595|393|575|556|401|541|558|601|448|629|679|851|646|681|667|407|462|619|357|476|451|514|621|436|594|635|508|536|680|440|724|416|464|375|638|474|410|622|390|721|516|423|525|624|566|562|447|451|512|449|532|620|427|448|408|530|468|717|714|487|546|474|462|553|561|542|483|486|486|438|423|891|518|526|568|450|605|605|470|399|637|658|557|442|427|474|674|632|458|751|628|583|808|393|582|620|608|562|413|530|395|403|395|438|431|492|548|429|619|513|477|559|633|409|737|535|502|383|713|644|621|591|573|500|552|446|615|561|439|412|433|547|502|521|404|560|560|587|659|435|571|469|723|544|655
280|317|280|342|283|280|329|280|283|293|298|331|306|320|283|280|304|309|310|295|280|284|308|357|280|280|327|283|283|283|283|320|283|283|352|296|306|306|280|283|324|283|280|311|280|295|280|283|280|283|283|280|280|317|283|280|280|280|295|298|280|283|295|294|323|314|280|280|280|306|317|280|280|337|283|283|280|280|280|298|304|280|280|304|283|301|305|312|280|298|283|283|280|289|301|310|305|280|280|306|304|280|284|283|317|333|341|283|298|319|283|295|283|302|280|280|310|280|283|310|335|280|280|299|339|317|280|308|300|322|280|283|280|290|283|283|283|283|330|283|280|280|280|321|317|307|291|280|283|280|280|335|280|357|280|280|280|311|306|348|303|293|280|280|283|334|283|280|280|293|298|333|280|283|298|280|283|295|280|280|283|283|283|304|280|280|280|316|304|304|283|280|323|283|280|280|280|316|320|283|325|283|308|280|315|307|280|283|280|280|280|280|283|302|284|280|328|330|280|280|321|312|305|280|291|283|312|280|283|280|280|280|283|280|283|317|280|290|280|280|306|283|283|280|280|328|280|313|283|283
Iteração que foi encontrado o Melhor Global: 313
Quantas vezes o Melhor Global foi alterado (Lembrando que a verificação na inicialização acumula nesse contador): 8
Particula Inicial do melhor global:
1,113397|0,514396|0,425780|2,506216|0,009487|2,441158|1,118120|2,465366|0,034674|2,359330|0,865275|2,350952|2,479517|0,952422|0,492346|0,666017|1,914246|2,547000|2,295744|2,824847|0,738401|1,043253|1,813953|2,049371|0,318454|
Particula Final do melhor global:
2,597335|0,723008|2,879778|2,471741|2,631304|0,354402|2,359754|2,530059|2,569227|2,729812|0,249420|0,437614|1,646271|1,351159|1,961006|1,305668|0,777118|2,475431|0,659910|2,530444|0,307743|1,780940|1,720768|1,166111|1,544692|
A melhor solução desse PSO é:
10 20 5 11 18 1 16 
23 15 13 24 12 22 21 14 
6 3 17 7 19 8 0 4 9 2 
Quantidade de trocas de:2,000000
Makespan: 280,000000
