520|415|440|459|513|499|757|553|475|473|395|587|430|492|451|566|671|444|462|467|557|420|556|460|525|424|516|495|433|568|380|430|590|391|732|611|428|519|487|410|509|452|444|486|433|473|470|533|609|719|445|509|459|774|408|506|492|463|502|408|631|661|442|540|393|692|506|494|480|451|559|713|488|597|400|489|524|588|745|523|542|672|473|518|450|841|630|659|405|509|420|406|511|603|551|518|532|409|506|616|508|481|505|585|649|398|436|464|651|518|554|569|435|823|500|374|519|500|532|381|412|519|654|376|555|627|563|443|574|507|557|438|434|585|409|439|480|634|503|449|454|716|465|462|678|439|419|606|628|547|489|669|491|637|452|590|534|625|566|762|644|403|599|461|503|717|480|519|487|577|510|657|470|384|556|475|449|681|656|418|507|405|409|549|520|624|609|490|598|459|680|519|499|533|448|419|616|417|526|444|615|655|535|427|449|778|480|586|353|434|449|436|664|436|538|549|843|581|571|643|549|452|514|533|427|477|593|657|526|455|624|478|461|569|507|498|569|629|465|585|556|641|515|494|468|439|455|501|412|585
291|299|319|310|309|306|306|279|270|295|291|306|287|301|270|295|309|340|339|309|305|301|315|310|286|305|270|314|323|286|326|316|323|300|315|310|298|345|314|313|288|299|321|299|324|301|298|294|301|339|295|306|324|319|322|312|298|291|287|331|270|299|327|310|306|319|338|304|313|305|290|291|319|305|337|301|293|287|335|301|344|318|319|313|318|291|298|288|318|310|287|291|326|291|300|304|298|291|311|312|310|295|318|320|304|310|288|307|291|295|295|307|307|299|270|289|291|307|294|304|330|312|299|313|306|298|307|298|280|291|307|317|291|291|283|295|299|317|270|288|306|288|326|317|307|287|309|306|302|298|298|315|270|298|320|293|270|300|306|316|295|336|330|291|295|307|270|320|309|291|320|314|270|299|270|305|295|270|306|298|302|318|298|287|298|305|350|298|297|317|327|295|323|295|291|288|314|291|291|298|316|317|298|307|311|292|295|291|331|304|324|312|308|295|305|305|314|317|295|295|342|297|270|325|334|318|331|311|317|322|301|277|277|306|298|303|315|286|310|313|301|305|291|315|298|277|310|306|298|270
Iteração que foi encontrado o Melhor Global: 665
Quantas vezes o Melhor Global foi alterado (Lembrando que a verificação na inicialização acumula nesse contador): 14
Particula Inicial do melhor global:
1,519450|2,596490|1,499094|2,085311|0,667365|1,905376|1,057759|1,730888|2,622466|2,152258|1,337430|1,600962|1,652747|2,302654|1,086323|2,732460|2,194006|0,389161|2,625376|1,545642|0,947111|2,343488|0,689684|0,751523|1,048386|
Particula Final do melhor global:
1,177714|1,153940|0,804797|0,510492|1,092274|1,409095|1,194421|2,263721|1,184978|1,167271|0,699353|0,743941|2,115920|2,878406|1,367253|2,162528|0,788908|1,853316|0,592854|1,733395|2,803259|2,255172|2,278561|2,747213|0,719309|
A melhor solução desse PSO é:
3 18 10 24 11 16 2 
4 1 9 0 8 6 14 5 19 17 
12 15 21 7 22 23 20 13 
Quantidade de trocas de:1,000000
Makespan: 270,000000
