335|357|308|314|463|372|369|666|353|474|475|477|396|282|444|717|573|355|302|507|553|519|557|322|261|438|445|323|399|540|467|330|365|412|375|402|337|374|389|551|350|342|422|291|417|405|372|396|335|309|473|334|348|453|402|488|405|335|345|416|513|517|347|383|318|499|353|523|369|344|354|409|322|251|460|479|467|341|397|511|359|441|329|370|369|384|445|344|636|284|307|452|417|380|380|468|454|305|366|545|447|378|303|418|434|413|363|450|335|436|342|392|415|388|442|425|337|340|490|329|628|357|477|295|395|276|387|364|474|449|434|454|497|349|425|335|265|471|424|416|361|291|464|447|351|397|476|388|378|324|500|471|433|359|423|290|349|335|322|397|461|471|522|387|319|274|404|359|438|560|386|348|358|485|472|310|552|346|382|332|340|532|409|366|336|294|512|407|428|329|414|327|502|313|337|623|376|427|398|488|521|404|449|477|563|311|363|406|270|412|353|413|340|378|326|321|527|315|536|480|322|527|409|404|394|300|322|395|523|360|405|435|460|418|429|380|313|361|381|500|359|432|401|285|368|361|328|338|394|369
252|241|257|252|259|252|255|254|256|245|251|262|265|267|256|249|254|236|259|258|260|257|252|253|256|246|252|262|252|253|240|252|251|253|245|251|252|246|261|260|247|256|249|256|260|246|261|255|255|251|251|257|249|258|247|233|253|250|253|241|253|252|250|250|254|241|250|250|236|240|250|242|257|251|244|249|253|252|244|248|258|251|248|250|262|253|259|250|252|254|255|249|247|243|244|250|260|248|239|249|257|255|244|237|252|248|247|244|244|244|259|239|245|258|253|252|250|245|246|263|247|249|246|267|254|236|235|260|262|249|253|240|260|236|255|253|249|263|243|263|253|239|254|264|261|247|242|260|247|244|254|251|247|244|250|258|255|255|256|264|256|245|265|260|250|243|256|247|247|234|243|257|253|257|255|250|260|245|245|247|248|237|237|259|259|251|253|249|245|248|254|250|234|251|252|245|257|254|248|250|239|254|246|269|265|246|257|252|247|250|236|254|247|256|256|250|253|257|258|250|263|255|247|251|256|261|256|251|247|262|245|250|245|243|240|243|242|244|243|261|247|252|258|258|254|247|237|253|247|250
Iteração que foi encontrado o Melhor Global: 968
Quantas vezes o Melhor Global foi alterado (Lembrando que a verificação na inicialização acumula nesse contador): 10
Particula Inicial do melhor global:
2,492413|0,372597|3,054771|0,758347|2,457561|2,648781|2,728721|2,028857|1,936799|2,729983|1,569474|2,029016|2,051298|1,109311|0,253785|2,951751|2,733276|2,257390|0,173244|0,475188|0,627880|3,249046|3,632031|2,486317|1,077323|
Particula Final do melhor global:
1,150238|2,102941|0,442958|3,660185|2,240310|2,915846|0,387272|3,311076|2,713446|3,363695|2,745451|2,408075|3,762073|2,148901|1,558436|0,692270|1,724093|3,583595|3,610077|1,856067|0,517031|0,658973|1,643098|0,399351|2,942410|
A melhor solução desse PSO é:
6 23 2 20 21 15 
0 14 22 16 19 
1 13 4 11 8 10 5 24 
7 9 17 18 3 12 
Quantidade de trocas de:3,000000
Makespan: 233,000000
