970|1361|752|638|903|1162|952|1491|839|1254|635|750|1044|1064|683|1096|704|847|1053|765|958|924|602|552|839|696|1075|864|811|951|1026|809|875|694|773|740|1012|775|1107|1220|1101|707|634|1052|827|1138|1021|724|1215|1087|856|884|673|696|1039|974|1100|884|818|935|1063|867|1376|741|1075|739|1006|790|762|1214|1113|724|689|504|996|676|848|955|781|1036|608|683|863|747|948|704|1058|800|708|660|1123|824|1255|565|717|734|1035|770|762|891|948|800|1001|879|1003|901|567|644|697|1513|751|627|723|740|684|812|761|637|788|1208|956|747|931|941|697|889|971|690|627|794|682|820|1205|984|701|746|846|836|789|887|1266|801|886|880|739|806|712|685|724|1002|992|900|826|772|976|1076|743|1002|877|709|916|710|763|1097|502|1075|560|650|773|856|769|703|713|728|724|812|746|1433|992|690|988|866|925|824|1018|864|867|859|958|1103|704|905|768|733|649|551|817|611|704|964|1160|1101|741|982|850|1009|957|729|871|816|872|1220|864|796|846|964|674|767|834|557|923|783|643|868|991|884|861|791|1288|795|845|831|823|942|602|1060|899|866|832|674|1008|835|1179|1110|684|1044|1246|726|1045|700
391|385|392|394|413|324|358|301|337|444|434|446|310|420|308|401|373|318|298|301|437|310|417|346|379|495|438|426|380|310|508|403|438|403|317|403|402|298|472|422|432|310|301|476|443|455|376|457|395|394|426|451|375|423|373|503|357|382|455|451|437|397|301|489|453|378|491|446|470|421|342|375|390|504|343|301|388|301|310|440|441|378|387|411|318|318|392|395|458|423|318|430|412|471|439|489|387|398|439|485|346|298|301|392|406|398|429|477|426|412|324|343|474|392|422|301|399|346|476|356|346|452|447|406|310|431|371|412|410|427|452|315|310|324|446|454|394|301|408|420|439|388|418|408|336|413|415|376|417|353|469|409|346|489|346|346|421|404|398|392|415|433|393|369|369|516|301|298|425|408|471|405|392|395|422|423|332|427|429|390|409|428|427|440|380|320|395|343|301|380|380|416|392|368|346|301|394|360|394|298|399|407|435|413|409|419|444|371|460|383|417|413|343|298|413|459|423|324|436|301|332|401|332|391|301|425|301|310|448|410|381|324|411|472|298|446|502|414|301|410|495|298|386|315|375|378|324|298|332|301
Iteração que foi encontrado o Melhor Global: 924
Quantas vezes o Melhor Global foi alterado (Lembrando que a verificação na inicialização acumula nesse contador): 18
Particula Inicial do melhor global:
1,908893|3,211799|3,189323|1,487888|3,666763|0,336261|3,453011|2,984114|0,113653|0,364653|0,068431|2,595093|2,178317|2,390007|1,795846|1,513266|3,793758|2,397031|2,273372|0,103398|0,001695|3,805395|3,600144|0,966461|2,585591|
Particula Final do melhor global:
3,376482|2,109272|0,683507|1,656307|2,561891|1,500758|2,018606|3,910959|0,387051|1,349743|3,407802|1,408201|1,711343|0,526224|2,313780|3,080869|2,661578|0,483757|3,375832|2,185857|3,462039|1,279472|0,685291|2,603980|0,499643|
A melhor solução desse PSO é:
8 17 24 13 2 22 
21 9 11 5 3 12 
6 1 19 14 4 23 16 
15 18 0 10 20 7 
Quantidade de trocas de:5,000000
Makespan: 298,000000
