844|1296|603|970|721|879|1169|730|2081|812|773|862|857|1084|899|932|849|1119|819|1056|702|884|852|579|806|1176|628|916|670|579|770|928|932|1199|844|834|733|692|603|710|598|678|908|984|636|732|905|1212|600|633|911|1042|765|694|912|795|886|874|1005|1036|1075|905|868|861|825|879|823|699|670|1004|688|1040|796|542|849|958|1168|870|977|814|755|778|1070|873|915|917|947|798|939|1428|762|942|601|895|672|743|721|841|816|1514|737|850|1037|778|1040|938|882|790|555|878|702|689|1381|943|977|651|869|1338|1132|878|1123|986|1027|854|907|649|1240|1103|932|834|1288|577|715|813|1323|680|892|872|900|900|1233|793|598|1030|609|1191|720|568|890|1246|870|952|693|682|892|1133|905|788|714|1090|1032|1190|1082|611|1186|838|1060|1288|811|669|714|630|1402|1194|764|861|853|671|893|1196|663|743|1034|1070|656|771|949|864|1477|984|893|742|874|650|883|674|731|645|773|1075|884|1044|939|805|984|1012|991|567|1073|850|624|1015|1074|789|1238|882|914|760|855|820|738|640|1266|929|938|754|1033|629|855|1185|753|703|947|990|944|934|1394|1082|674|858|647|686|1137|1392|657|749|678|716|876|660
490|423|428|399|463|456|325|433|428|465|501|401|437|428|430|399|346|385|325|356|325|325|468|449|325|453|414|449|325|325|325|442|325|420|396|325|413|329|325|457|325|354|354|325|415|356|481|387|325|390|428|494|404|354|339|325|325|438|325|427|325|407|430|369|371|436|477|429|373|412|410|405|373|325|345|430|437|399|428|361|325|389|325|504|359|427|504|479|365|325|332|325|461|399|365|447|416|360|338|325|443|346|376|408|405|412|471|368|477|376|424|325|452|397|325|371|434|393|389|325|429|475|460|470|411|483|457|325|372|325|425|477|487|489|403|346|376|346|470|363|381|383|390|435|381|436|325|462|393|354|325|449|378|325|411|500|357|470|469|460|377|338|394|469|325|402|325|439|430|456|396|325|379|423|383|379|388|426|365|330|325|482|465|371|340|362|462|385|479|427|462|354|325|444|480|445|367|357|474|447|416|445|492|482|396|395|437|456|354|363|440|436|442|485|394|325|441|406|416|429|343|392|429|445|374|455|454|427|416|325|325|325|356|325|391|464|371|325|432|391|325|418|461|393|374|399|434|335|448|330
Iteração que foi encontrado o Melhor Global: 315
Quantas vezes o Melhor Global foi alterado (Lembrando que a verificação na inicialização acumula nesse contador): 16
Particula Inicial do melhor global:
3,726876|0,065152|0,539784|3,481300|2,061423|1,174150|1,091058|1,479073|0,486667|2,903964|1,177622|3,715340|3,163384|1,905253|3,903648|3,898482|0,611833|3,840117|0,243888|2,529501|1,491145|2,969051|3,054026|1,754414|2,740450|
Particula Final do melhor global:
3,050324|1,434362|0,246085|3,424554|2,367445|3,323544|3,307398|3,332360|0,821646|0,807841|2,591236|1,520843|1,827135|0,696733|3,806794|3,390752|2,482205|0,739341|2,012338|2,255337|1,404190|1,948322|3,660752|2,259604|0,344566|
A melhor solução desse PSO é:
2 24 13 17 9 8 
20 1 11 12 21 
18 19 23 4 16 10 
0 6 5 7 15 3 22 14 
Quantidade de trocas de:7,000000
Makespan: 325,000000
