633|702|930|990|640|977|836|684|724|755|959|850|697|902|977|802|850|780|670|654|1740|853|762|962|1256|795|824|814|990|606|679|764|930|861|826|744|817|778|1166|982|506|697|1088|726|681|904|745|740|774|798|993|776|675|640|579|596|855|600|725|574|669|1043|1072|832|925|852|706|896|767|1184|809|742|645|721|806|1074|806|589|1219|896|941|1025|790|1372|803|724|615|664|722|970|509|853|524|807|695|900|737|820|1088|873|510|618|687|906|551|703|820|945|720|772|903|1029|622|724|628|672|782|818|918|668|1157|531|924|828|1117|890|822|640|561|695|789|969|873|918|975|657|947|905|660|665|877|748|1008|672|866|986|1214|837|945|857|690|792|1027|618|862|834|1130|968|818|856|1316|786|592|1083|815|735|913|649|509|841|733|1104|708|810|690|674|750|667|1044|1007|779|907|1281|690|933|1276|821|730|810|953|789|575|956|1025|982|862|772|959|714|864|704|951|717|778|860|1053|756|851|945|965|513|852|530|970|720|534|1058|517|828|719|1057|1083|806|769|802|948|1085|767|543|672|1098|733|636|1184|738|835|733|785|1269|1083|956|538|709|1033|653|1034|630|733|1229|842
247|317|351|419|277|306|382|315|303|317|303|354|365|247|329|380|331|393|247|329|338|362|247|381|381|373|305|303|377|378|356|305|312|399|401|350|329|303|336|328|364|372|324|339|247|261|385|340|290|321|416|361|261|422|363|365|399|318|394|301|373|328|261|372|391|391|317|317|247|409|267|390|247|381|400|388|383|362|409|384|332|369|330|303|365|303|309|332|381|317|303|247|247|247|247|360|345|337|364|383|414|368|247|364|352|360|305|320|264|348|383|247|400|303|327|343|455|346|305|380|247|247|422|277|390|365|387|340|365|376|386|305|344|376|303|286|247|313|427|261|329|303|305|386|381|349|291|346|385|341|371|351|247|466|247|324|311|328|339|389|305|378|360|314|375|355|369|312|409|314|261|387|380|407|324|381|327|373|303|305|402|389|384|342|303|362|247|303|305|397|425|370|303|374|303|403|365|387|317|247|390|335|305|340|247|365|321|320|317|380|261|305|308|305|435|375|315|375|324|304|391|407|343|247|413|389|421|261|327|311|404|303|442|302|350|399|261|404|378|396|282|352|247|247|355|348|307|247|401|305
Iteração que foi encontrado o Melhor Global: 470
Quantas vezes o Melhor Global foi alterado (Lembrando que a verificação na inicialização acumula nesse contador): 17
Particula Inicial do melhor global:
1,204950|1,351247|0,817744|0,368404|2,112016|1,148521|0,252975|0,079507|0,819642|0,303618|1,147015|0,808869|3,577269|1,703892|1,971269|1,049490|3,955809|2,096211|3,574603|1,892709|1,789670|2,560358|0,245840|3,870965|0,656003|
Particula Final do melhor global:
1,573236|3,579978|1,114393|1,256434|0,845345|3,714351|3,392498|2,195215|0,755125|1,648048|0,767695|1,321652|2,710592|3,155247|3,371741|0,327282|1,285101|3,175073|0,348225|2,622882|1,860688|2,099620|3,419608|3,628279|2,540856|
A melhor solução desse PSO é:
15 18 8 10 4 
2 3 16 11 0 9 20 
21 7 24 19 12 
13 17 14 6 22 1 23 5 
Quantidade de trocas de:3,000000
Makespan: 247,000000
