606|975|524|691|542|928|878|524|589|523|733|936|541|593|714|735|667|556|651|576|707|507|670|538|784|855|955|523|739|479|620|748|605|605|921|428|660|852|790|518|774|962|655|837|761|469|786|1250|720|465|483|690|616|374|786|590|568|487|565|494|697|752|636|602|538|557|672|790|630|542|734|868|948|550|535|755|928|575|468|629|516|626|624|609|900|598|750|518|504|1104|463|712|603|648|672|538|456|493|571|691|641|444|781|656|556|559|476|862|926|616|344|1085|410|714|601|515|599|844|498|704|855|549|684|918|589|750|518|567|476|450|578|951|535|730|532|833|655|494|629|855|546|616|697|792|689|843|589|866|714|784|750|1033|554|445|431|716|602|458|717|748|834|596|471|752|799|735|555|501|789|585|551|524|608|613|467|546|480|790|529|781|542|626|779|483|527|563|608|512|595|532|700|562|518|571|533|645|855|792|866|719|1071|868|646|597|591|680|604|604|415|790|488|476|589|627|586|867|580|720|642|819|521|654|577|526|541|781|465|567|551|681|700|841|587|591|408|648|846|554|879|526|935|717|1023|599|563|620|408|563|718|703
266|263|267|205|257|205|205|233|216|262|205|237|207|289|219|205|292|208|219|274|300|314|219|205|334|324|205|219|205|315|236|289|282|277|282|301|280|238|219|219|247|306|260|251|296|314|251|207|296|205|207|286|210|277|219|264|274|285|205|318|239|226|258|268|249|277|297|252|205|205|273|302|205|219|264|205|219|261|269|291|260|257|253|252|205|244|275|259|205|306|275|205|302|327|291|207|269|205|205|205|253|235|205|263|205|321|246|290|205|244|302|276|247|286|306|223|238|205|281|340|238|320|221|301|278|207|264|229|308|240|205|311|205|205|231|205|205|280|205|205|205|238|339|253|205|220|303|280|280|251|258|210|264|309|278|321|312|205|352|205|275|250|251|290|253|237|205|238|223|205|251|214|285|205|288|267|309|261|269|214|240|315|221|205|254|219|219|205|240|272|205|275|236|205|306|268|306|244|261|315|274|282|222|205|258|299|276|205|207|313|207|205|205|224|239|240|306|263|324|311|297|251|302|286|315|292|268|208|315|249|301|255|219|205|339|205|299|261|205|265|346|205|304|257|216|285|287|205|223|205
Iteração que foi encontrado o Melhor Global: 187
Quantas vezes o Melhor Global foi alterado (Lembrando que a verificação na inicialização acumula nesse contador): 9
Particula Inicial do melhor global:
1,197670|3,648165|3,212958|3,942520|0,478627|3,660327|1,452782|1,859594|2,536462|2,293016|3,359702|3,098174|1,328614|0,232494|3,071771|0,741789|0,371261|3,302082|3,897187|3,648643|0,552798|1,147019|2,724846|1,294593|3,678589|
Particula Final do melhor global:
2,539770|2,422335|0,927523|2,222848|3,129214|0,827624|2,280723|1,891792|0,384889|0,896337|2,259100|1,909961|1,646602|0,861496|1,039896|3,880833|3,015475|1,488322|0,643945|2,784559|0,564298|0,669817|3,194879|3,184115|2,093380|
A melhor solução desse PSO é:
8 20 18 21 5 13 9 2 
14 17 12 7 11 
24 3 10 6 1 0 19 
16 4 23 22 15 
Quantidade de trocas de:0,000000
Makespan: 205,000000
