556|535|388|346|473|603|502|491|752|714|732|814|1200|440|557|502|635|633|689|542|605|730|536|667|612|544|626|653|580|669|630|539|566|1082|356|422|666|970|533|564|473|572|470|376|549|508|601|479|554|521|549|567|561|523|467|537|439|649|511|657|481|742|575|397|585|615|586|579|802|561|499|401|737|442|569|550|655|490|742|544|689|839|471|581|634|613|524|634|734|545|675|642|705|908|662|587|484|910|316|495|910|514|444|779|577|640|636|487|692|577|607|625|742|834|659|594|944|516|575|595|587|633|545|503|533|779|969|728|649|1011|558|321|919|563|1239|961|686|943|425|576|476|550|801|524|728|529|551|691|409|453|472|662|733|608|505|674|468|750|620|968|642|541|445|597|605|602|784|997|474|611|817|844|974|402|396|427|797|736|661|904|955|484|580|618|581|444|596|688|633|614|616|809|929|417|482|413|553|427|682|1021|610|448|460|421|746|783|762|366|503|406|467|615|597|592|448|790|679|471|447|996|636|659|469|780|623|440|683|388|475|676|790|522|503|514|835|742|841|423|560|477|662|660|708|696|451|607|443|945|509|539
292|242|309|294|229|254|204|256|253|235|307|250|241|296|241|311|251|273|270|290|226|313|256|252|278|229|230|305|237|256|279|243|266|222|283|193|311|193|261|195|253|178|208|178|272|286|293|261|309|259|265|234|267|260|178|263|239|194|196|235|178|273|211|305|219|280|212|213|231|271|271|178|285|245|206|212|245|255|178|255|235|257|231|311|301|274|308|280|231|180|225|193|273|241|300|178|256|252|276|250|205|274|261|282|283|208|198|261|244|243|242|266|193|255|264|282|222|214|195|225|265|288|242|184|303|207|223|305|193|301|178|321|275|261|293|181|217|267|251|208|215|296|289|281|253|211|218|200|258|178|305|264|264|272|226|245|211|238|292|196|178|218|280|259|267|227|253|265|256|287|214|266|246|237|274|207|276|273|297|262|260|252|272|222|213|275|258|283|181|253|278|208|245|281|270|307|267|235|226|274|287|202|307|286|188|251|241|287|314|301|285|244|280|297|292|178|262|285|281|208|211|241|311|185|211|270|178|318|180|269|255|282|245|276|234|178|265|286|239|232|178|302|262|254|193|303|253|333|257|262
Iteração que foi encontrado o Melhor Global: 415
Quantas vezes o Melhor Global foi alterado (Lembrando que a verificação na inicialização acumula nesse contador): 13
Particula Inicial do melhor global:
0,104561|1,884041|3,531990|3,250863|0,885977|0,653737|2,350357|3,463065|0,777201|1,252393|3,450423|0,240273|1,035852|1,010251|2,615656|0,143410|2,002782|1,656819|1,599561|2,949740|3,238711|0,816529|1,691877|1,733218|3,459339|
Particula Final do melhor global:
3,308069|2,941914|3,843499|1,373548|1,483467|0,752103|2,910711|0,784199|3,695251|1,579785|1,685857|0,581410|1,328652|2,694897|1,302039|0,798348|0,988607|0,519655|2,678319|0,856659|3,850055|3,384405|2,155094|2,089083|1,371212|
A melhor solução desse PSO é:
17 11 5 7 15 19 16 
14 12 24 3 4 9 10 
23 22 18 13 6 1 
0 21 8 2 20 
Quantidade de trocas de:0,000000
Makespan: 178,000000
