334|369|480|622|291|443|595|518|626|498|342|423|407|435|359|399|440|338|335|477|385|442|524|479|351|446|591|488|375|559|354|380|512|389|431|514|450|353|348|346|438|322|552|351|358|426|591|611|556|581|411|354|408|470|397|422|495|447|423|534|418|495|338|484|720|428|476|443|451|480|378|618|484|708|526|459|424|436|400|512|500|363|414|462|366|714|527|355|338|372|315|360|575|342|427|464|404|370|334|443|670|551|377|402|387|393|339|465|390|522|450|450|483|619|417|341|376|368|463|458|611|388|398|500|347|444|431|455|516|311|389|391|592|338|632|449|331|362|454|433|424|420|335|454|586|532|579|712|439|321|577|512|348|463|348|420|382|656|501|423|372|471|365|505|429|340|605|673|458|360|360|407|413|458|497|341|363|450|384|388|307|373|660|450|459|472|526|544|435|386|387|432|372|423|421|440|499|397|393|442|413|486|339|413|492|476|401|307|438|533|399|451|406|442|538|434|326|437|503|412|392|408|463|443|525|441|343|460|504|536|488|404|472|528|461|455|431|598|532|384|587|340|472|385|459|404|328|361|551|399
262|243|252|251|213|223|244|257|233|240|261|240|213|240|213|244|244|264|229|243|244|270|229|256|266|230|233|224|262|234|249|235|267|258|244|235|264|262|239|257|255|213|244|237|242|248|244|247|251|233|233|213|244|252|242|262|242|233|213|233|229|269|228|243|238|215|244|213|229|244|251|225|259|261|241|250|244|229|244|267|245|233|230|233|238|242|250|225|241|243|238|237|252|213|248|252|252|254|242|221|260|255|233|259|255|242|245|215|253|252|244|232|266|229|251|255|247|278|246|213|225|233|213|258|243|264|252|270|244|238|264|272|215|239|250|243|244|252|217|244|267|233|243|233|259|244|244|247|244|251|268|224|238|263|233|244|244|237|213|244|248|242|229|244|245|244|263|232|229|242|241|265|244|253|219|229|246|240|238|253|233|240|240|213|263|242|236|267|244|256|253|244|253|213|237|238|247|213|241|213|234|234|244|263|244|244|239|229|258|243|255|244|229|257|256|247|236|254|250|247|244|235|247|223|264|235|233|270|244|251|257|217|267|258|239|240|253|226|233|258|229|242|244|237|247|244|244|213|238|242
Iteração que foi encontrado o Melhor Global: 717
Quantas vezes o Melhor Global foi alterado (Lembrando que a verificação na inicialização acumula nesse contador): 11
Particula Inicial do melhor global:
1,432816|2,729819|0,143832|2,483711|2,277256|1,914774|0,590030|1,075319|0,834958|2,442557|1,683191|1,866704|1,709691|2,533427|3,794031|0,371982|3,470238|2,470303|3,661675|3,087692|2,973426|0,130255|1,111360|1,284368|3,514607|
Particula Final do melhor global:
0,632954|1,633402|3,297083|1,883411|2,197835|2,850059|1,496806|2,792672|1,807404|3,728685|2,640837|3,508008|1,123818|3,661217|3,704120|0,291397|0,776353|0,336860|3,307280|0,752720|2,672096|2,091414|1,585785|2,270253|0,995486|
A melhor solução desse PSO é:
15 17 0 19 16 24 
12 6 22 1 8 3 
21 4 23 10 20 7 5 
2 18 11 13 14 9 
Quantidade de trocas de:1,000000
Makespan: 213,000000
