304|184|180|232|189|175|163|178|254|156|189|188|233|249|213|201|200|200|223|168|226|192|174|197|256|239|263|239|152|191|168|200|351|209|184|194|150|315|151|169|209|236|203|209|209|156|181|250|204|175|312|163|276|224|150|179|211|179|167|216|212|206|159|194|240|193|206|203|189|188|190|178|176|202|173|219|225|199|213|176|213|175|211|187|189|200|178|152|236|169|184|241|200|188|190|189|158|227|250|189|145|225|186|174|202|172|176|164|211|151|154|169|165|211|212|253|223|202|218|223|186|248|199|213|173|294|180|215|194|163|216|242|213|155|297|154|154|151|169|205|203|158|141|160|269|187|181|205|218|149|205|148|231|188|212|288|180|288|227|236|251|157|184|183|156|200|156|190|176|206|184|287|212|198|178|215|203|170|165|159|201|212|188|204|150|178|215|167|276|168|181|205|186|247|242|164|289|247|207|183|165|244|223|180|212|174|164|271|189|193|161|214|244|174|255|274|195|178|169|193|284|199|237|190|150|202|174|167|193|171|202|164|249|210|213|218|151|202|181|201|240|216|139|273|166|178|251|203|184|159
133|133|131|131|132|130|133|133|132|133|134|133|132|136|134|131|134|130|130|133|133|133|137|131|138|130|133|131|133|132|132|132|132|134|133|133|133|130|134|130|134|135|133|131|134|132|132|133|132|134|131|128|131|130|133|133|132|131|133|135|133|135|132|134|135|134|131|131|132|133|132|132|132|135|132|135|133|135|130|136|136|132|136|133|133|134|131|133|133|133|133|131|138|133|132|134|131|131|131|129|134|133|130|132|133|133|135|133|132|137|133|132|133|133|132|132|132|132|131|135|133|132|134|131|131|131|134|131|133|134|132|133|135|137|133|133|133|133|131|133|134|134|129|131|132|134|131|135|132|135|132|129|133|135|135|132|131|130|134|132|131|135|136|134|133|134|133|133|131|132|129|131|131|133|134|133|133|136|130|133|132|131|133|134|135|134|129|135|131|131|132|136|135|131|131|135|137|133|136|134|129|135|133|132|133|135|133|134|132|130|138|133|132|134|131|134|133|137|131|134|132|136|134|132|133|133|131|135|135|133|132|132|131|134|130|129|133|132|138|131|130|134|133|131|137|132|132|132|135|134
Iteração que foi encontrado o Melhor Global: 657
Quantas vezes o Melhor Global foi alterado (Lembrando que a verificação na inicialização acumula nesse contador): 9
Particula Inicial do melhor global:
1,348799|1,474837|3,641330|0,946737|3,825926|0,151946|1,326674|3,867717|1,761440|2,307913|0,718181|2,511841|1,347862|0,358475|0,873978|0,737159|2,381485|3,914588|1,150178|0,518880|0,417875|3,453758|1,745460|0,338220|0,764676|
Particula Final do melhor global:
1,804125|0,490935|2,782945|2,426077|3,094907|0,415251|0,310071|2,776350|3,084154|0,686652|0,358277|2,623320|0,894001|1,819573|1,252443|3,964656|2,735218|2,613244|1,031536|2,039070|1,688131|2,727844|3,840454|1,714215|0,029927|
A melhor solução desse PSO é:
24 6 10 5 1 9 12 
18 14 20 23 0 13 
19 3 17 11 21 16 7 2 
8 4 22 15 
Quantidade de trocas de:5,000000
Makespan: 128,000000
