912|552|764|583|550|703|474|690|680|867|905|657|755|686|768|802|655|398|589|675|625|694|596|1056|612|662|616|812|936|534|542|859|837|743|482|672|820|1077|583|865|595|579|596|507|742|924|773|1370|521|734|657|637|823|619|584|1248|570|641|598|658|895|1010|642|699|697|799|732|667|946|745|516|881|553|601|710|474|777|647|637|668|680|519|625|783|691|1088|874|727|750|719|795|1153|1004|677|676|516|622|842|352|615|623|531|691|649|896|580|455|499|694|1213|1018|744|601|1038|769|781|576|1299|641|656|715|746|717|785|546|675|549|675|823|891|623|669|629|542|1041|995|800|638|760|590|621|679|844|629|572|634|1264|691|532|550|973|940|825|641|638|740|580|606|801|686|710|856|792|872|982|539|795|606|611|1058|873|593|900|743|764|491|731|750|742|993|890|990|656|615|742|720|718|970|478|843|797|681|885|985|507|781|773|699|682|657|628|1107|1078|949|806|830|758|586|632|641|812|635|624|532|590|572|857|768|484|676|500|1067|845|1024|657|876|907|812|805|563|660|534|786|808|887|789|745|517|829|815|470|854|704|813|601|570|1015|819|850|712
340|271|332|358|360|271|339|326|312|369|255|351|361|370|334|301|321|336|326|377|327|313|376|331|375|383|255|353|255|380|345|255|303|307|328|373|400|346|320|348|338|303|326|334|303|381|283|339|337|319|272|362|303|341|341|315|365|354|315|363|375|317|315|343|318|304|319|309|332|255|350|377|346|302|315|255|303|392|363|261|326|334|316|336|343|303|348|316|332|331|392|315|371|329|352|301|364|321|352|327|326|404|357|255|342|303|326|323|327|371|267|343|309|326|362|345|328|323|370|325|361|393|269|358|280|321|362|389|288|383|345|369|255|255|311|414|385|355|354|397|358|273|387|336|389|301|309|347|353|300|351|330|350|341|326|365|315|358|301|376|344|368|407|365|382|261|353|378|343|367|283|336|359|303|351|364|287|326|276|342|376|269|336|285|268|255|338|303|338|264|393|368|355|334|379|354|326|274|326|366|301|344|381|359|350|382|294|303|331|336|321|299|305|373|269|342|269|269|331|336|338|255|337|337|255|371|335|335|344|339|325|366|359|354|369|345|430|342|313|346|338|303|320|320|368|326|313|346|379|346
Iteração que foi encontrado o Melhor Global: 294
Quantas vezes o Melhor Global foi alterado (Lembrando que a verificação na inicialização acumula nesse contador): 10
Particula Inicial do melhor global:
1,422563|3,419689|0,093327|3,345412|1,022144|3,117523|0,666952|1,483642|1,574220|3,482036|2,440563|1,725282|0,459817|0,835028|3,398621|1,718092|0,781893|1,126171|3,803338|1,816549|2,756490|2,025381|1,965450|1,426862|2,599427|
Particula Final do melhor global:
2,686289|1,771600|1,973092|3,138011|1,204685|0,277591|3,093405|2,942561|1,894388|2,729706|0,143462|2,187382|3,988419|1,329833|0,576552|0,861161|2,121882|0,701996|3,906117|0,245005|0,721391|1,294710|2,643764|3,407995|1,705908|
A melhor solução desse PSO é:
10 19 5 14 17 20 15 
4 21 13 24 1 8 2 
16 11 22 0 9 7 
6 3 23 18 12 
Quantidade de trocas de:4,000000
Makespan: 255,000000
