1241|980|1256|1081|1328|869|1088|935|1226|1083|897|866|1044|1025|1082|994|1259|1293|975|1038|1168|1059|1676|929|984|1485|1252|993|1833|1099|1191|1130|985|1360|1390|1086|1069|1020|1117|1094|1158|820|900|1162|1113|903|1258|1332|1226|983|1614|1477|1082|961|1155|1098|1432|1094|1492|873|1202|1203|1740|1345|706|872|1141|1028|1170|1365|1135|1122|834|1371|1578|1015|1100|990|968|1186|1261|1268|1262|1066|1060|1124|1040|1162|1076|1357|1136|1239|967|1064|944|1032|1027|1168|1237|895|1458|1157|832|1296|918|924|860|1067|1219|1196|1114|1149|986|1214|1091|1148|1384|1354|1466|1198|1047|1013|897|1299|933|1178|1396|936|1522|1055|980|915|1061|982|1015|1278|1050|1411|981|1007|1313|1022|1024|1226|917|1141|990|1025|1312|992|834|1226|1226|1005|1059|1086|1187|1109|1150|905|1066|1233|1018|1050|1264|1396|1149|993|1012|1136|940|1060|1025|1094|888|976|1190|977|1124|1235|1137|951|1187|1483|1059|875|1107|1344|1067|1121|1161|1252|1194|1139|1301|961|1439|1226|1472|1012|1006|1104|945|1013|1193|976|1836|1259|1042|1236|1464|1234|849|1078|1373|1022|1116|1194|1130|1127|1206|1193|1420|1004|1645|1413|949|1085|996|991|1007|1054|1421|1371|1078|1194|903|1215|1022|817|1445|1019|951|1362|1201|1282|1355|1236|1565|1009
611|600|537|539|550|571|537|539|543|561|537|571|607|571|537|571|576|571|580|537|539|571|537|539|551|571|571|584|585|543|571|575|537|551|537|581|537|571|599|539|543|575|539|571|543|543|540|578|571|616|571|581|545|537|571|550|549|537|537|562|537|543|537|543|561|537|537|707|656|543|539|569|543|583|578|570|537|545|543|652|537|575|537|573|574|575|571|537|537|669|541|537|577|605|543|637|562|538|537|539|537|570|570|537|546|539|537|538|543|539|548|571|571|571|545|617|561|549|539|584|539|571|537|604|606|596|571|561|571|537|543|605|537|571|571|537|606|549|571|576|537|571|537|539|585|543|537|612|537|640|545|623|606|543|543|664|545|546|584|543|571|567|545|614|545|545|571|589|543|571|577|612|571|609|537|571|551|570|537|594|569|570|543|561|545|573|537|537|537|543|537|561|571|538|543|606|543|576|543|543|537|549|543|537|562|688|550|537|537|537|549|545|656|543|537|539|571|571|620|570|571|571|537|549|571|599|539|539|537|543|546|551|537|549|581|537|537|537|580|537|571|618|540|537|570|537|571|572|604|549
Iteração que foi encontrado o Melhor Global: 97
Quantas vezes o Melhor Global foi alterado (Lembrando que a verificação na inicialização acumula nesse contador): 10
Particula Inicial do melhor global:
1,177841|1,549874|0,309662|0,766014|0,989382|0,239771|1,333176|1,051819|1,909877|0,186011|0,460325|1,247420|1,393162|1,636057|1,048165|0,672033|1,869266|1,376409|1,422725|1,033109|1,387595|0,065583|1,679473|1,748555|1,963570|
Particula Final do melhor global:
1,911452|1,124894|1,454555|1,168799|1,027726|0,840960|1,108158|0,778593|1,618516|0,390473|1,107242|1,045261|0,109276|0,489424|0,193335|1,751113|1,642495|0,981941|0,419814|1,103161|0,757450|0,647842|1,907463|0,131195|1,512724|
A melhor solução desse PSO é:
12 23 14 9 18 13 21 20 7 5 17 
4 11 19 10 6 1 3 2 24 8 16 15 22 0 
Quantidade de trocas de:5,000000
Makespan: 537,000000
