609|478|966|699|672|777|789|903|606|632|811|922|778|842|797|770|793|769|733|821|915|875|582|595|803|951|886|826|824|745|780|625|1044|1077|837|596|811|629|925|936|570|628|859|647|815|858|747|731|682|758|791|927|769|654|1080|674|718|810|877|695|627|760|884|968|872|906|865|818|647|834|730|602|518|929|665|861|1001|1186|658|655|783|679|967|964|639|633|892|790|619|927|703|715|752|826|765|835|749|722|658|817|716|936|798|897|1284|665|735|602|699|684|673|669|611|691|770|591|981|574|1034|672|721|712|840|629|736|627|588|545|763|738|660|846|689|793|1340|660|759|920|920|687|914|1138|884|897|609|865|617|759|995|745|870|846|921|726|578|645|571|516|730|717|1071|703|537|605|670|773|757|568|596|776|576|792|684|661|572|770|680|1055|909|801|733|1037|670|880|752|829|779|972|892|632|1011|799|756|688|732|984|736|999|452|720|968|701|1139|578|599|864|708|900|621|979|572|1080|947|620|778|748|730|938|902|738|1283|771|707|711|1064|581|1014|709|816|708|829|929|749|740|639|716|821|711|728|700|1007|770|704|1453|807|1085|691|822|682|916
412|445|395|358|404|403|422|414|358|407|406|356|439|404|434|376|372|433|445|449|358|444|423|356|427|394|395|449|399|422|413|358|494|452|419|437|421|461|466|389|442|358|378|361|445|423|358|358|420|402|443|356|429|358|394|401|356|420|453|356|395|409|356|398|380|458|359|460|410|478|430|393|442|463|358|435|419|439|455|374|444|427|356|413|416|418|440|357|361|358|380|357|356|404|364|429|395|485|396|412|367|480|414|423|404|424|358|400|395|427|357|482|439|426|427|358|398|457|470|398|389|424|429|474|358|372|395|384|496|406|358|466|397|402|356|376|419|472|378|414|444|459|414|410|400|440|398|437|402|443|469|358|424|389|396|455|386|403|438|407|395|435|396|445|421|425|449|468|358|446|405|453|430|361|448|423|397|356|443|453|357|457|357|414|398|426|414|420|357|454|358|462|395|358|367|356|357|459|452|358|369|384|395|384|357|403|364|462|461|463|472|358|396|356|369|393|413|455|435|368|430|475|357|356|439|412|421|413|378|437|433|464|384|449|432|420|447|442|409|389|404|400|452|396|450|395|436|463|358|400
Iteração que foi encontrado o Melhor Global: 695
Quantas vezes o Melhor Global foi alterado (Lembrando que a verificação na inicialização acumula nesse contador): 21
Particula Inicial do melhor global:
2,427655|1,214909|2,188192|0,847234|2,358170|2,382731|2,768523|2,712809|0,117003|0,767952|0,359295|1,035992|2,613718|0,684610|2,406889|1,224563|0,963324|1,217998|1,839895|1,471330|2,500668|2,197278|2,545459|2,835542|2,574090|
Particula Final do melhor global:
1,409020|1,128034|2,761143|1,837569|0,252296|1,358402|2,220089|1,685796|0,745348|1,795361|0,723565|2,956859|2,067645|0,426441|1,052133|2,602021|2,819864|1,071594|0,452019|1,617307|0,363472|0,869504|0,782168|1,209700|2,986918|
A melhor solução desse PSO é:
4 20 13 18 10 8 22 21 
14 17 1 23 5 0 19 7 9 3 
12 6 15 2 16 11 24 
Quantidade de trocas de:2,000000
Makespan: 356,000000
