1069|1033|745|927|820|1024|999|1459|842|653|711|773|881|766|584|616|998|790|1334|1039|937|688|700|840|713|779|730|683|1419|757|795|1180|746|778|942|736|708|690|884|1154|906|740|827|905|661|803|1014|643|649|937|1138|747|918|966|702|978|1029|668|741|782|1108|757|700|836|808|640|949|753|967|745|673|968|756|1159|1116|1130|954|778|895|657|741|896|739|522|663|610|969|758|1026|737|756|1118|1060|977|1043|1163|776|626|672|682|954|810|663|887|584|897|910|961|693|639|728|825|1067|721|824|1075|941|901|754|829|743|812|1330|958|835|1145|882|810|839|957|638|1161|922|574|787|1013|732|1271|904|870|1348|659|707|1124|950|976|1117|703|753|1095|764|699|661|1149|533|989|555|854|642|764|783|814|926|716|741|794|789|895|687|951|829|555|1071|1185|1142|1105|856|769|857|847|1214|1269|831|663|1073|742|875|1308|764|746|834|880|903|868|825|693|1119|665|848|959|1114|821|775|884|820|759|900|1018|1133|725|699|753|1178|888|623|1136|818|896|1077|650|789|771|606|738|728|729|974|779|781|672|675|1091|933|670|850|903|870|677|719|909|650|1007|724|975|1145|790|1217|698|752|1155
384|420|413|308|332|371|415|396|391|253|412|412|379|366|422|467|393|299|441|462|363|402|426|373|448|339|398|361|310|336|409|408|375|439|321|371|393|404|430|444|422|420|426|414|423|436|334|427|362|447|385|381|443|347|469|441|387|399|419|253|390|479|454|391|352|363|361|320|437|253|310|361|365|431|391|332|339|380|346|409|382|370|403|432|437|253|472|361|351|469|388|417|435|253|381|356|404|359|312|355|342|384|393|401|302|417|416|426|411|389|423|370|361|399|361|370|331|413|403|393|445|253|427|449|401|409|326|406|400|376|335|325|391|356|431|391|326|383|379|391|424|298|377|355|420|402|465|400|400|326|411|409|347|373|253|409|467|369|399|373|378|324|386|298|421|452|474|393|375|475|378|424|425|298|403|391|415|454|395|366|394|376|388|335|370|413|421|409|458|394|414|457|253|422|408|322|333|356|337|396|253|466|370|431|355|395|384|355|383|397|351|321|403|339|253|394|437|355|411|422|400|421|326|362|354|350|376|360|385|361|420|382|372|420|367|334|351|453|398|400|491|367|337|385|391|451|339|330|389|401
Iteração que foi encontrado o Melhor Global: 437
Quantas vezes o Melhor Global foi alterado (Lembrando que a verificação na inicialização acumula nesse contador): 15
Particula Inicial do melhor global:
1,533535|1,593977|0,285572|2,744877|2,583372|3,367712|1,069077|0,136478|0,724989|2,211097|0,238938|2,480242|1,102611|1,847691|0,274129|1,146742|3,376926|0,617433|0,511080|3,925432|2,520637|3,775339|0,505134|3,888079|0,799070|
Particula Final do melhor global:
1,769456|1,664139|0,170604|2,946467|3,011096|2,970527|1,915777|2,860322|1,350329|3,995751|3,118374|2,952110|0,491124|0,580318|1,401258|1,884904|3,838468|0,990626|0,608924|1,077161|3,932682|2,407316|1,057955|3,142627|0,171856|
A melhor solução desse PSO é:
2 24 12 13 18 17 
22 19 8 14 1 0 15 6 
21 7 3 11 5 
4 10 23 16 20 9 
Quantidade de trocas de:4,000000
Makespan: 253,000000
