897|617|682|762|707|867|670|829|729|914|788|1091|813|873|617|749|873|808|750|741|968|721|631|516|720|1118|748|827|731|786|858|1019|781|1108|1091|730|725|841|647|924|629|738|810|563|774|792|892|938|625|866|513|815|869|773|630|949|702|809|1063|752|723|634|709|936|911|682|822|688|968|749|585|853|808|797|679|763|657|638|793|642|900|748|796|765|918|814|666|681|738|610|630|619|742|821|776|1057|865|1344|724|685|660|850|575|683|518|784|653|860|813|983|594|878|1143|761|927|675|886|777|765|692|743|1019|739|770|613|678|1028|1250|717|619|948|664|742|637|682|787|652|602|592|958|854|759|770|562|1046|964|619|704|579|699|903|937|926|761|623|706|632|791|762|862|743|478|783|950|599|575|840|1053|806|825|643|698|629|783|570|716|1224|975|610|799|733|951|806|1230|715|730|616|943|813|808|636|610|718|704|807|819|826|1300|652|886|806|1158|770|614|716|646|796|727|606|744|776|811|775|934|1290|688|625|976|987|704|652|866|778|960|944|870|864|624|924|791|661|687|728|572|965|632|866|714|612|914|738|797|720|625|897|1200|640|964|749|686
454|365|405|424|432|428|425|401|446|343|365|420|438|396|343|372|378|419|462|394|407|338|351|441|453|379|438|361|420|415|401|462|389|415|365|416|383|426|411|398|383|389|467|437|406|477|438|439|386|385|500|445|400|383|395|343|358|443|458|440|426|464|374|450|466|338|343|409|413|399|377|380|418|361|405|343|422|462|426|365|412|452|472|416|422|458|395|385|422|424|461|430|373|451|381|429|400|417|466|421|388|343|374|436|343|394|426|422|415|437|385|404|386|422|405|420|338|370|407|422|417|394|447|338|391|445|406|338|463|436|406|456|460|406|343|419|439|406|343|415|406|446|380|428|418|356|394|442|343|410|396|415|343|346|411|417|455|443|464|438|394|396|452|432|438|471|338|367|412|453|402|456|432|356|428|367|405|433|416|457|398|348|429|374|380|403|470|421|422|446|439|392|392|448|433|343|433|446|338|450|380|428|390|398|411|411|338|442|421|358|443|433|406|395|424|457|365|471|420|420|417|435|464|422|484|420|385|420|422|414|386|455|343|422|410|431|379|356|354|446|405|449|406|454|441|444|465|430|348|389
Iteração que foi encontrado o Melhor Global: 727
Quantas vezes o Melhor Global foi alterado (Lembrando que a verificação na inicialização acumula nesse contador): 16
Particula Inicial do melhor global:
2,879290|2,894942|1,762797|2,814754|0,278624|1,807854|0,571131|2,311215|2,296984|2,933022|1,146531|1,228207|0,449014|0,963166|1,326913|2,508623|0,047253|1,900126|0,688314|0,724524|2,600764|1,624289|0,626615|2,687572|2,676381|
Particula Final do melhor global:
1,726868|1,377890|0,697410|0,025104|0,726813|0,840060|2,208421|2,520916|2,214093|0,255643|0,769570|2,088239|1,792923|2,955594|0,674923|1,804908|1,936718|1,902677|1,211398|0,798020|2,500080|1,436016|2,929001|2,032405|1,192271|
A melhor solução desse PSO é:
3 9 14 2 4 10 19 5 
24 18 1 21 0 12 15 17 16 
23 11 6 8 20 7 22 13 
Quantidade de trocas de:1,000000
Makespan: 338,000000
