697|844|735|651|709|1026|667|594|652|1072|997|693|1075|647|888|625|743|832|722|721|1189|812|805|598|605|1171|923|798|882|945|927|818|842|1026|715|964|670|580|698|571|1143|668|601|649|868|984|879|919|741|750|804|620|553|845|1036|709|850|695|619|721|622|534|988|732|783|1073|719|808|745|728|610|550|711|709|678|751|902|783|705|634|821|776|759|740|986|884|917|861|652|683|731|887|788|698|631|644|708|969|1372|850|722|1086|513|771|641|870|604|826|720|981|869|646|708|569|879|713|1005|774|691|715|947|562|574|727|752|562|655|729|992|824|1032|715|950|854|690|903|707|917|936|815|751|637|785|863|534|617|640|1321|571|832|676|911|889|726|706|971|622|905|949|633|822|840|689|837|757|649|738|730|608|668|777|802|648|707|972|584|806|820|894|931|773|768|792|724|603|589|849|752|587|964|738|865|518|686|687|698|677|757|606|821|885|659|853|1087|712|1058|774|767|1043|797|572|832|623|1004|941|1329|771|767|580|696|837|828|885|837|771|723|626|1129|809|576|754|1013|704|819|667|850|847|832|902|803|653|1306|712|792|943|761|679|702|949|863
438|461|374|360|404|387|355|442|363|367|411|357|358|357|475|357|358|430|426|383|369|357|381|431|381|424|409|371|393|400|402|405|357|369|414|358|369|401|359|381|489|417|420|382|443|357|428|432|463|359|363|366|374|400|413|446|357|369|446|434|396|490|405|485|374|374|369|391|413|404|419|425|369|404|429|398|452|365|398|398|442|359|412|358|417|355|430|359|428|396|357|398|359|387|398|404|400|436|399|357|389|417|340|407|359|357|357|340|369|422|381|359|418|359|357|358|435|359|358|436|357|480|424|398|423|450|397|357|404|355|355|414|359|359|426|436|358|452|357|447|406|367|361|423|359|372|358|410|471|355|398|429|414|360|429|418|357|427|421|359|356|382|358|436|404|450|414|436|360|358|403|386|456|358|410|398|386|427|416|436|357|394|398|428|454|357|392|398|359|404|444|357|399|416|357|413|451|477|389|381|360|404|357|357|404|417|359|404|440|453|357|406|402|359|357|411|357|409|357|355|437|391|381|411|428|374|374|448|398|451|378|447|432|448|409|396|390|410|381|416|359|356|398|413|407|439|358|414|408|448
Iteração que foi encontrado o Melhor Global: 866
Quantas vezes o Melhor Global foi alterado (Lembrando que a verificação na inicialização acumula nesse contador): 19
Particula Inicial do melhor global:
2,065363|1,585732|1,482919|0,980082|2,606988|0,226614|2,539188|2,466302|2,561145|0,247034|0,300535|0,738483|1,191945|1,210954|2,648391|0,723889|2,111299|1,293774|1,561756|1,007745|1,694075|1,101287|1,822056|1,810377|0,714355|
Particula Final do melhor global:
2,319078|0,621151|0,358699|0,244736|0,108466|1,368290|2,544977|2,839026|1,213038|2,783917|1,359964|1,975556|1,084534|1,664789|0,352732|2,500701|2,719702|1,282956|2,073717|0,391493|2,890750|2,042665|1,741524|0,406630|0,910782|
A melhor solução desse PSO é:
4 3 14 2 19 23 1 24 
12 8 17 10 5 13 22 11 
21 18 0 15 6 16 9 7 20 
Quantidade de trocas de:1,000000
Makespan: 340,000000
