1047|1062|1071|1210|876|1164|1098|949|1431|1010|1202|1001|1296|1015|1190|1351|957|1163|1170|1298|1011|1079|1063|1083|1036|1030|1478|1295|1181|1184|970|1228|1013|1053|1123|1294|939|1320|1503|971|1190|1062|1081|1323|1184|1145|940|1043|1023|1321|1049|1161|969|1074|1133|1173|1158|867|1437|1396|1360|1102|1027|1065|1029|847|1162|1042|1273|1137|1038|1464|1238|1410|1002|1174|1220|1211|996|1270|1384|1148|980|1416|1297|971|999|994|1301|1063|1253|1123|1637|1064|1278|1029|1065|895|1030|1027|934|894|1034|987|964|923|1109|1051|1275|1055|1153|971|1139|1025|902|1053|1547|948|1221|931|848|1157|999|1218|845|1074|1204|1200|1020|1141|1295|878|1345|1019|1039|1143|1216|1012|1553|931|978|855|1245|925|1115|1195|878|1029|894|975|777|950|935|1273|782|1115|960|1030|1153|1189|1011|1191|1120|1414|1139|1003|1495|1494|1177|1442|1193|1235|1118|1443|918|1249|945|1134|996|947|1535|998|1293|1059|976|1207|1126|1116|1078|1411|1236|935|1041|1043|1222|1070|1632|1540|941|948|1139|889|979|828|774|1149|1212|917|961|949|1373|1125|1100|1217|1476|1259|1262|1119|968|1054|1156|1103|1413|1098|829|1466|1028|970|1596|1163|1321|1315|1297|1160|1084|864|1041|1363|1035|899|953|1093|1043|1172|871|1306|1151|1294|1143|1048
605|538|538|538|538|538|538|583|538|538|538|538|538|592|538|538|538|538|538|575|538|538|538|538|538|581|538|538|538|538|538|538|538|539|538|538|538|538|540|538|538|538|538|538|538|538|538|538|538|538|572|637|639|538|538|538|538|560|538|538|544|538|538|538|538|620|538|594|538|538|538|538|538|538|538|538|538|538|538|538|538|722|571|538|538|613|538|538|538|538|538|538|538|538|538|578|538|555|538|538|538|538|538|592|538|538|538|538|538|538|538|538|538|538|538|538|538|538|538|538|538|538|583|538|540|538|538|538|538|572|538|538|538|538|538|578|538|538|538|538|538|538|570|538|538|538|538|538|538|538|653|581|604|538|538|538|538|538|538|594|538|611|647|538|538|538|538|538|654|547|538|569|538|538|538|538|538|538|538|538|583|607|538|538|570|540|538|538|538|538|538|538|538|538|538|538|579|538|538|538|538|538|538|538|538|538|538|538|538|538|538|538|538|538|540|538|538|538|538|570|538|538|538|538|574|538|546|584|538|538|538|538|538|538|538|538|572|538|538|538|540|538|538|575|538|538|538|538|586|538
Iteração que foi encontrado o Melhor Global: 15
Quantas vezes o Melhor Global foi alterado (Lembrando que a verificação na inicialização acumula nesse contador): 11
Particula Inicial do melhor global:
0,694069|0,227821|0,167848|0,754848|0,582794|1,007092|1,473679|1,833936|1,010809|0,857710|0,792993|1,707288|0,537790|1,874962|0,555001|1,779875|1,153347|0,310907|0,304409|1,196082|0,979870|1,545381|1,959020|1,531644|0,156810|
Particula Final do melhor global:
1,692477|1,285711|1,192408|1,427016|1,366684|0,794393|1,431977|0,795852|1,111237|0,712151|0,853543|1,917122|1,285614|0,662403|0,193286|1,346859|1,097362|0,512803|0,525251|1,269825|0,572284|0,855154|0,977563|0,944417|1,541772|
A melhor solução desse PSO é:
14 17 18 20 13 9 5 7 10 21 23 22 
16 8 2 19 12 1 15 4 3 6 24 0 11 
Quantidade de trocas de:5,000000
Makespan: 538,000000
