1070|1434|986|1469|1627|1250|1351|1541|1184|2010|1310|1084|1544|1418|1465|1278|1520|1179|1202|1163|1438|1462|1250|1799|1110|1095|1050|1403|1226|1881|1532|1817|1100|1197|1434|1161|1096|1568|1364|1392|1370|1374|1762|1206|1286|1198|1310|1758|1536|1589|1396|1387|1211|1577|1246|1273|1454|1300|1445|1141|1334|1336|1246|1132|1753|1366|1232|1207|1621|1201|1452|1494|1403|1213|1069|1507|1338|1663|1214|1400|1192|1067|1290|1172|1610|1040|1453|1269|1597|1350|1688|1227|1603|1070|1386|1528|1482|1084|1201|1550|1193|1622|1352|1447|1432|1531|1397|1142|1787|1765|1407|1641|1430|1336|1278|1454|971|1122|1279|1306|1455|1186|1130|1242|1581|1233|1323|1381|1500|1523|1411|1557|1475|1132|1145|1232|1457|1264|1426|1182|1352|1569|1229|1101|1380|1742|1380|1255|1581|1257|1276|1094|1500|1229|1480|1814|1256|1664|1285|1226|1604|1605|1478|1858|1201|1206|1399|1412|1522|1422|1672|1206|1250|1465|1349|1368|1339|1490|1340|1143|1998|1595|1279|1519|1257|1403|1343|1267|1339|1660|1606|1250|1548|1092|1212|1300|1305|1219|1246|1409|1855|1645|1541|1384|1219|1167|1293|1159|1020|1061|1099|1317|1542|1666|1238|1321|1222|1495|1147|1567|1063|1170|1137|1688|1066|1221|1428|1552|1429|2113|1780|1645|1255|1197|1342|1289|1692|1202|1465|1438|1778|1164|1115|1523|1195|1388|1141|1577|1171|1626
654|806|721|777|855|787|772|835|726|789|690|693|825|693|793|693|809|721|727|792|693|797|731|802|751|740|785|700|693|712|838|790|781|765|853|654|738|768|771|817|751|736|745|693|690|763|693|765|840|867|880|786|845|798|751|738|764|826|761|738|761|786|693|756|791|734|751|787|654|788|731|806|758|751|768|748|693|781|751|853|841|722|693|758|779|790|818|771|693|772|719|812|699|798|856|762|786|798|825|780|699|830|751|819|761|751|753|796|709|780|834|755|828|709|755|798|785|817|821|791|725|715|664|750|826|789|757|835|784|654|780|765|748|770|818|654|723|793|738|786|829|769|752|759|841|722|797|708|787|734|654|654|693|810|865|693|750|762|759|775|740|770|796|738|775|748|716|748|738|775|654|654|739|818|723|690|716|718|798|723|786|758|767|716|808|780|718|851|851|785|805|693|821|758|716|748|761|777|821|792|753|690|654|687|823|693|718|654|738|837|721|697|751|804|759|786|654|693|721|890|719|693|765|729|693|744|686|808|654|819|837|693|795|790|788|819|761|735|833|781|825|738|760|777|786|789|761|806|654|700
Iteração que foi encontrado o Melhor Global: 376
Quantas vezes o Melhor Global foi alterado (Lembrando que a verificação na inicialização acumula nesse contador): 13
Particula Inicial do melhor global:
0,367516|1,384962|1,965570|0,529731|1,469922|1,147180|0,685585|1,490517|0,280003|1,377814|1,181218|0,431347|1,198948|0,430964|1,218858|1,630216|0,243437|0,128063|0,262235|0,027083|1,659304|1,385932|0,613352|1,562083|1,152131|
Particula Final do melhor global:
0,391960|0,258460|0,297497|1,107589|0,248663|1,487385|0,145781|0,413715|0,949947|0,876456|1,505076|1,756680|1,478945|0,049163|1,259009|0,170776|0,588286|1,055363|1,430901|1,583902|1,550409|1,047047|1,851630|1,242401|1,075470|
A melhor solução desse PSO é:
13 6 15 4 1 2 0 7 16 9 8 
21 17 24 3 23 14 18 12 5 10 20 19 11 22 
Quantidade de trocas de:9,000000
Makespan: 654,000000
