868|530|1075|600|650|559|734|837|651|434|407|346|495|638|562|805|828|542|777|563|791|561|782|644|584|594|752|388|584|464|487|1076|558|527|542|579|888|1100|672|512|734|602|1281|477|477|543|442|640|547|380|526|630|846|516|574|610|557|580|436|759|459|489|660|456|636|478|838|622|409|833|578|464|384|507|693|385|461|698|737|470|579|470|634|585|674|691|587|512|637|555|520|617|475|348|446|423|430|586|841|615|498|381|486|427|1087|579|568|499|548|673|756|521|672|699|724|488|532|479|496|652|410|769|539|630|637|735|723|620|511|568|730|546|644|573|719|687|744|774|577|735|687|541|521|623|573|482|470|536|667|594|721|579|573|702|615|466|709|752|399|442|507|502|606|576|481|697|705|1075|528|472|560|352|577|573|818|557|834|578|468|979|430|547|435|602|788|546|596|481|642|460|607|722|536|405|690|719|485|418|723|672|623|507|555|347|748|494|799|824|847|539|453|485|447|524|409|615|404|592|626|517|526|404|579|538|874|621|581|641|641|685|773|696|533|669|699|471|559|405|1139|803|475|539|635|562|461|847|638|570|326|582
200|223|290|289|227|250|279|236|224|217|278|279|305|251|252|226|194|269|281|215|262|213|271|259|213|202|252|237|261|277|250|196|240|202|216|266|200|215|196|243|270|229|228|288|248|302|257|264|253|226|281|290|227|282|267|217|252|226|263|269|240|213|241|276|238|235|218|248|214|284|235|301|246|211|213|257|246|249|289|265|264|298|246|223|194|233|213|266|230|236|237|241|292|287|231|284|279|234|256|266|240|299|266|301|261|266|212|198|245|306|233|305|311|259|252|223|256|289|202|208|284|264|239|227|245|194|194|241|305|225|202|226|229|291|198|242|280|231|252|235|322|288|269|225|225|238|245|207|272|259|296|276|303|229|243|292|213|282|240|293|274|213|252|286|302|216|264|238|202|248|224|257|249|216|194|200|265|254|234|290|208|270|208|256|248|252|251|219|263|244|243|239|257|202|224|241|312|281|196|202|217|250|269|284|229|202|265|266|247|254|239|198|229|293|228|202|279|239|243|274|226|268|262|210|287|277|279|240|271|270|299|302|209|245|298|212|232|308|274|280|230|226|317|251|266|281|218|272|265|250
Iteração que foi encontrado o Melhor Global: 892
Quantas vezes o Melhor Global foi alterado (Lembrando que a verificação na inicialização acumula nesse contador): 11
Particula Inicial do melhor global:
3,238605|0,441678|3,300342|2,495176|2,866272|3,668781|3,227926|3,623097|2,835007|3,373902|1,374036|0,399812|1,588748|3,909220|2,316009|1,542092|0,402621|2,149365|3,862004|0,026124|0,918828|0,901267|0,149737|3,260030|0,801189|
Particula Final do melhor global:
2,701529|3,445987|1,055848|3,699351|0,596108|2,646065|3,105591|3,433007|2,490181|2,269911|1,338903|3,881056|2,123725|0,181694|3,566950|1,418371|2,515060|2,708000|0,470651|1,802743|0,384876|1,201522|1,580992|3,766132|2,871730|
A melhor solução desse PSO é:
13 20 18 4 
2 21 10 15 22 19 
12 9 8 16 5 0 17 24 
6 7 1 14 3 23 11 
Quantidade de trocas de:1,000000
Makespan: 194,000000
