1345|487|682|958|614|931|990|799|639|681|811|771|673|661|823|931|580|653|800|508|948|498|948|862|592|528|826|821|584|963|897|1017|798|747|1049|836|903|568|762|779|814|1157|989|1136|632|751|955|735|486|1114|1026|700|720|606|817|563|1037|1392|657|972|696|1051|546|630|757|1033|1084|932|636|511|1358|1407|772|820|1010|674|698|544|659|1055|676|765|707|728|872|570|1119|1070|559|763|792|616|920|730|912|660|816|639|797|667|1048|842|969|678|966|746|1331|841|783|991|960|519|1027|877|698|929|637|683|1337|685|634|807|1109|618|601|823|603|717|809|713|684|1346|635|733|890|1278|794|576|730|952|855|571|662|631|966|778|1051|838|934|645|918|1200|685|669|701|1469|578|791|987|614|1164|640|722|775|1022|727|829|897|744|1073|762|982|692|937|835|581|895|1007|1338|635|666|641|594|894|534|422|542|885|838|731|823|668|674|1004|806|820|1093|681|656|859|876|581|618|676|644|623|917|1103|771|663|744|614|638|499|1037|852|1049|853|1153|807|532|1063|715|745|998|616|579|869|926|828|788|816|894|1081|691|837|584|540|861|729|490|942|928|691|1095|1016|818|768|576|739
260|425|260|357|360|379|422|417|377|325|307|382|260|260|260|436|260|260|342|384|411|437|423|437|369|360|386|343|383|343|340|361|343|395|403|386|370|384|346|355|393|415|301|442|260|444|362|408|382|354|260|334|367|461|402|285|339|416|370|371|421|385|347|391|414|260|429|415|260|342|418|260|329|373|362|327|322|396|260|396|416|339|274|397|368|387|425|316|436|383|430|352|386|375|372|269|419|442|407|334|398|333|342|273|367|260|408|347|354|437|459|414|260|386|427|260|373|347|417|329|435|359|396|273|260|416|379|400|374|393|260|326|393|303|260|396|320|411|330|318|419|394|404|395|260|315|316|329|361|396|349|260|379|260|352|346|382|260|280|405|373|412|359|354|329|313|316|376|369|273|373|351|408|274|390|412|367|414|454|417|421|408|409|260|325|360|438|382|394|384|404|339|370|412|349|420|404|354|334|260|402|346|396|416|407|409|413|355|349|385|376|362|358|445|434|375|415|382|413|379|435|394|358|437|375|386|414|285|429|374|365|374|370|260|260|399|420|360|373|381|260|404|329|430|329|403|343|360|400|260
Iteração que foi encontrado o Melhor Global: 421
Quantas vezes o Melhor Global foi alterado (Lembrando que a verificação na inicialização acumula nesse contador): 15
Particula Inicial do melhor global:
1,328691|1,801444|3,504373|2,847860|1,654566|2,885379|3,589527|1,994663|2,469429|1,381043|2,071051|0,544927|0,953996|0,002842|2,369241|0,497435|0,270557|2,036402|0,819285|3,393475|0,770969|2,627639|0,380182|0,184636|3,895725|
Particula Final do melhor global:
1,772388|2,081402|0,802795|2,172026|3,740052|0,919492|3,808927|2,229718|3,014568|0,817594|3,397815|1,503018|2,770673|3,027351|1,688640|3,629013|0,757519|0,909967|1,049921|2,119581|1,427123|2,369587|0,908159|1,214659|1,241514|
A melhor solução desse PSO é:
16 2 9 22 17 5 
18 23 24 20 11 14 0 
1 19 3 7 21 12 
8 13 10 15 4 6 
Quantidade de trocas de:3,000000
Makespan: 260,000000
