947|743|488|920|749|761|818|920|543|537|669|466|729|610|578|1102|458|544|620|502|660|414|569|875|664|522|585|693|839|357|365|1037|766|700|474|797|1050|646|500|618|528|634|562|738|629|657|947|578|680|737|553|646|708|646|644|749|473|571|676|770|552|451|645|620|599|727|542|566|1071|624|585|557|680|540|641|449|478|897|631|453|704|585|856|684|603|597|648|971|436|854|795|821|573|724|704|612|562|720|547|693|652|444|500|497|544|661|507|631|545|685|739|746|542|533|899|601|571|593|728|446|736|1019|571|774|541|816|1048|447|693|575|547|887|652|602|507|603|640|711|837|543|482|546|761|623|819|703|729|638|487|450|555|747|483|794|463|745|575|707|624|625|580|878|746|779|828|653|718|514|528|829|466|685|534|416|615|565|536|760|769|598|582|581|425|522|859|513|743|827|809|850|611|550|739|441|499|565|597|524|528|706|550|501|749|585|489|777|794|556|571|586|666|480|466|773|777|741|824|867|934|824|691|588|409|480|675|671|783|853|1005|578|746|783|744|801|721|680|787|500|572|579|878|570|787|509|537|1064|731|416|724|588
300|282|331|316|285|307|294|251|205|224|258|283|290|273|257|237|290|315|302|302|219|224|240|295|250|300|258|262|253|260|232|270|232|249|224|205|224|252|273|289|254|306|259|271|248|244|263|315|297|320|311|257|266|312|247|256|312|340|324|272|250|219|320|287|279|318|285|229|224|278|296|257|257|302|286|289|224|311|263|332|274|253|252|273|219|341|349|230|280|253|273|313|263|220|269|303|287|261|250|257|243|297|224|241|278|261|297|251|315|317|293|265|249|290|306|226|271|291|260|246|285|257|293|296|205|219|251|302|240|219|323|298|319|273|254|349|224|205|284|289|240|239|310|289|288|303|253|246|322|271|253|257|281|275|240|297|273|251|205|296|224|273|219|285|254|284|224|292|311|309|290|257|322|226|325|219|277|251|257|322|224|317|299|268|319|310|257|224|334|318|237|273|287|297|254|252|224|304|251|224|257|319|263|245|261|251|341|257|273|251|280|247|318|316|267|286|257|278|254|251|283|239|224|270|291|251|237|236|224|262|249|247|313|302|280|323|301|316|240|269|238|237|334|277|291|289|255|288|246|257
Iteração que foi encontrado o Melhor Global: 795
Quantas vezes o Melhor Global foi alterado (Lembrando que a verificação na inicialização acumula nesse contador): 13
Particula Inicial do melhor global:
2,266356|0,804824|3,488402|3,201143|0,982335|1,302581|0,908791|0,467107|1,685639|0,170552|3,911023|2,355832|3,230878|0,016965|0,751851|0,522925|3,354171|1,986580|0,709230|3,109624|2,480951|0,713213|2,418676|2,549451|1,655791|
Particula Final do melhor global:
3,900787|0,542167|2,753560|2,857231|3,848727|0,619817|3,829918|0,579335|3,616243|0,318721|1,885388|1,436529|2,973734|3,281745|0,664041|0,858169|3,383655|2,948730|1,968512|1,401180|2,927317|1,361570|1,874592|0,464328|3,079109|
A melhor solução desse PSO é:
9 23 1 7 5 14 15 
21 19 11 22 10 18 
2 3 20 17 12 
24 13 16 8 6 4 0 
Quantidade de trocas de:0,000000
Makespan: 205,000000
