1670|1249|1845|1509|1547|1487|1931|1499|1970|2111|1341|1901|1483|1847|1555|2313|1810|1431|1846|1683|1550|1664|1613|1398|1596|1743|1864|1793|1500|1927|1481|1369|1899|1561|1390|1713|1878|1637|1380|1359|1575|1366|1861|1513|1660|2062|1506|1538|1366|1824|1774|1732|1500|1491|1643|1467|1763|1725|1437|1609|1396|1398|1431|2239|1621|1410|2367|1348|1561|1533|1526|1534|1479|1453|1296|1822|1740|1744|1847|1494|1388|1494|1776|1349|1507|1891|1522|1575|1709|1400|1490|1413|1460|1666|1807|1486|2120|1758|1684|1509|1309|2401|1600|1616|1597|1815|1831|1370|1370|2289|1513|1464|2365|1845|1926|1341|1782|1424|2136|1309|1680|1667|1892|1459|1713|2115|1883|1709|1482|1445|1466|1636|1808|1575|2056|1354|2054|1760|1427|2074|1573|1658|1555|1721|1798|1529|1342|1707|1778|2041|1491|1762|1518|1427|1331|1508|1970|1435|1384|1614|1417|1430|1918|1515|1414|1708|1643|1678|1836|1801|1844|1537|1516|1522|1303|1434|1542|1619|1609|1418|1293|1669|1569|1802|1577|1784|2289|1610|1456|1371|1971|1696|1528|1418|1746|1726|1633|1584|1607|1364|2232|1459|1495|1454|1909|1374|1596|1941|1565|1501|1941|1736|1845|1345|1763|1526|1471|1807|1342|1577|1503|1561|1662|1568|1536|1601|2189|1700|1774|1757|2010|1695|1742|1801|2046|1490|1559|1653|1416|1364|1467|1546|1494|1695|1325|1828|1504|1488|2108|2013
892|879|1021|879|879|942|908|879|1035|879|879|879|1043|1011|946|1016|879|892|879|879|983|989|879|1028|940|1059|879|1004|1014|1027|992|956|1015|942|959|1061|879|879|879|946|1016|995|879|879|1018|879|1005|946|879|879|879|923|1023|879|879|879|959|879|879|879|879|879|879|879|997|1012|879|1085|879|991|1012|1046|975|879|879|879|879|879|879|999|892|946|879|879|946|1108|1060|879|968|1047|939|991|1013|1113|946|946|879|879|1088|879|879|942|1035|953|879|1044|946|879|983|879|914|879|1021|1078|1026|879|946|984|879|1057|1049|946|929|942|879|879|879|991|946|879|879|1022|979|1015|1013|879|879|966|1046|879|1064|1052|1010|917|1058|879|879|879|879|879|937|879|946|946|1013|997|959|963|879|879|1038|1013|998|879|879|912|879|916|946|879|879|879|946|879|1015|937|879|1031|879|879|989|1028|934|974|981|879|879|946|988|879|879|946|1021|1012|879|879|946|972|1020|1012|937|1060|879|1090|912|980|879|982|879|879|989|942|879|952|946|990|953|1087|879|1013|1039|879|983|879|1013|879|879|879|879|986|1093|879|939|931|1021|1023|1089|879|879|879|1029|980|1047|879|967|983|879|981|942|879
Iteração que foi encontrado o Melhor Global: 48
Quantas vezes o Melhor Global foi alterado (Lembrando que a verificação na inicialização acumula nesse contador): 10
Particula Inicial do melhor global:
1,167377|0,165402|1,928395|1,386026|0,829928|0,686333|1,522186|0,481787|0,668137|1,533960|0,950901|0,844712|1,073433|1,515088|0,102706|0,518769|0,999842|1,173768|0,727361|1,757528|0,367090|1,150584|0,789733|1,180071|0,276809|
Particula Final do melhor global:
0,841290|0,115948|1,481410|1,249202|1,217977|1,614756|0,986970|0,334677|0,937770|0,908548|1,788629|1,555142|1,577738|1,178579|0,578250|0,861439|1,687081|1,189021|0,450366|0,421127|0,526825|1,620601|0,793866|1,463741|0,219929|
A melhor solução desse PSO é:
1 24 7 19 18 20 14 22 0 15 9 8 6 
13 17 4 3 23 2 11 12 5 21 16 10 
Quantidade de trocas de:14,000000
Makespan: 879,000000
