785|1012|732|1176|841|730|1151|959|764|626|895|943|1020|767|518|817|643|860|654|682|645|960|733|1449|892|845|792|801|902|746|733|840|656|740|772|642|711|683|1000|864|754|1286|739|640|571|1065|772|701|550|511|1165|654|797|720|774|588|1019|856|889|768|600|781|737|592|872|829|809|777|740|654|581|843|772|706|798|606|658|833|776|637|601|619|634|622|870|783|919|838|954|860|761|575|607|798|850|879|632|760|1085|720|598|1410|844|565|607|837|562|703|678|774|717|779|540|981|696|723|1096|704|936|705|920|993|795|906|1364|664|733|589|775|845|852|712|793|665|1289|627|752|1066|659|953|803|685|590|695|860|673|919|569|653|1079|711|1184|586|608|671|1181|687|878|936|869|798|575|893|648|658|989|733|859|624|656|830|1085|815|846|576|825|776|975|630|521|1362|586|1158|763|698|1064|881|745|679|578|944|656|964|816|592|1034|889|775|843|535|823|647|661|885|643|663|896|814|839|1198|652|695|1035|691|862|692|706|759|741|941|775|599|730|846|726|1054|688|876|544|724|622|948|1429|747|814|684|798|600|776|847|870|611|636|834|748|743|865|1069|595|696
292|403|414|329|374|292|391|423|292|292|380|386|324|292|422|369|292|406|316|377|369|307|382|292|317|397|292|292|422|349|352|410|367|377|373|384|351|386|411|385|292|292|292|305|292|351|328|324|390|346|292|292|292|292|334|292|319|373|360|317|292|292|292|292|427|371|292|292|352|388|348|292|383|321|292|405|292|292|292|352|327|292|372|333|292|362|373|389|400|374|403|292|343|400|382|338|317|366|386|354|292|336|389|292|292|379|343|440|341|336|299|292|292|292|382|378|292|317|333|401|380|414|365|292|417|365|377|292|414|292|299|292|430|359|423|292|346|404|426|319|292|296|336|292|292|396|292|292|292|311|292|431|388|292|343|391|292|417|390|292|379|292|292|292|292|292|389|292|397|433|292|374|292|367|343|343|404|292|418|355|292|352|371|417|404|369|292|292|292|292|408|337|324|393|292|292|387|307|292|315|389|361|354|384|292|317|366|343|292|373|359|292|314|337|292|292|292|292|347|292|292|292|292|390|292|352|410|292|371|366|292|292|394|392|344|292|292|292|292|292|356|335|308|343|320|292|361|343|292|412
Iteração que foi encontrado o Melhor Global: 107
Quantas vezes o Melhor Global foi alterado (Lembrando que a verificação na inicialização acumula nesse contador): 13
Particula Inicial do melhor global:
0,533093|3,946887|3,936079|3,864310|1,877004|0,322961|3,165437|2,748230|2,819689|1,316164|1,309301|3,695877|3,872343|1,473099|0,271638|1,264781|0,729501|1,099128|0,819112|0,144307|2,058214|2,904999|3,135038|2,942463|3,735067|
Particula Final do melhor global:
2,522077|1,526567|2,511734|2,571890|2,777645|1,709433|0,504300|0,915071|0,592623|2,528826|1,266603|3,098759|0,659144|1,925652|1,530312|3,479222|2,435974|0,340748|3,084743|1,856313|0,450870|3,401426|1,014799|1,404871|3,027404|
A melhor solução desse PSO é:
17 20 6 8 12 7 
22 10 23 1 14 5 19 13 
16 2 0 9 3 4 
24 18 11 21 15 
Quantidade de trocas de:5,000000
Makespan: 292,000000
