537|689|912|789|1048|562|1067|891|1248|1206|950|849|897|775|883|708|1088|1472|930|942|1106|886|761|1060|1045|1009|778|957|764|930|589|555|664|951|819|1099|831|954|1194|712|714|815|759|779|765|1018|1257|1091|800|1302|905|946|728|753|868|766|710|696|823|633|597|906|673|722|720|541|719|1262|1059|850|1114|969|911|748|867|840|673|713|983|646|741|1242|880|1012|679|686|896|1113|1189|851|1010|1152|751|777|1080|668|775|1006|937|1043|770|939|1024|997|695|937|1174|748|716|599|711|1320|634|929|949|780|699|744|724|958|997|880|699|567|914|1170|622|856|988|1022|723|860|810|688|696|1104|885|987|545|676|736|947|882|801|779|994|1029|711|778|698|669|640|944|777|1006|747|785|886|972|586|655|722|950|874|823|904|1017|922|570|843|779|575|858|766|1161|758|675|772|602|1170|803|580|1158|589|879|1012|594|687|752|865|987|679|707|836|881|1175|938|1224|1090|710|910|1182|745|1001|687|808|846|1103|636|578|700|841|964|933|727|1252|630|681|706|940|1103|708|559|1561|584|817|802|837|950|752|586|865|1025|575|1120|872|784|948|1286|803|644|966|1401|812|1202|1056|781|966|613|737
504|470|496|413|383|463|467|410|344|435|413|445|436|446|491|473|430|435|452|412|344|424|454|381|468|514|493|344|344|457|423|344|412|471|438|445|432|454|444|506|491|467|447|434|458|418|438|459|439|415|453|474|467|431|386|464|479|450|477|432|392|344|475|501|383|440|413|412|425|443|449|454|412|447|443|423|426|438|489|427|420|344|467|485|461|443|403|455|429|473|504|464|454|443|442|438|418|499|460|400|459|484|411|461|457|429|500|426|440|454|483|475|493|473|489|499|450|344|474|449|398|344|430|451|469|413|344|344|403|415|432|453|493|495|474|457|488|452|408|344|503|497|457|479|440|436|443|344|344|467|441|440|379|448|498|438|471|439|457|477|478|459|474|413|500|426|450|410|460|471|451|488|398|435|456|471|424|418|366|451|491|467|453|433|446|447|455|411|381|422|355|490|421|422|404|469|428|379|482|404|431|462|398|459|399|393|420|498|449|450|438|348|486|480|392|469|435|474|396|427|473|451|450|398|418|456|485|435|469|476|475|414|462|423|446|444|458|446|416|421|496|480|418|457|441|344|457|458|455|500
Iteração que foi encontrado o Melhor Global: 312
Quantas vezes o Melhor Global foi alterado (Lembrando que a verificação na inicialização acumula nesse contador): 12
Particula Inicial do melhor global:
0,087322|3,307130|0,874793|3,643544|0,334425|0,501357|3,199442|0,547937|3,538389|3,888017|2,331953|3,085797|2,433941|0,505162|0,272996|1,941263|1,177755|0,958645|3,336484|1,180181|2,565418|3,204381|2,184209|0,990777|0,544254|
Particula Final do melhor global:
1,419877|1,795531|2,435845|0,903751|1,117742|1,109156|3,173522|0,799008|3,564969|3,209465|1,264522|3,206758|0,470188|0,102950|1,080818|3,596471|1,320983|0,391934|2,875328|2,542752|0,892551|3,928675|2,001334|2,168378|0,619580|
A melhor solução desse PSO é:
13 17 12 24 7 20 3 
14 5 4 10 16 0 1 
22 23 2 19 18 
6 11 9 8 15 21 
Quantidade de trocas de:9,000000
Makespan: 344,000000
