993|738|485|608|540|782|744|507|507|931|638|537|590|1096|802|724|538|737|1244|575|767|443|764|745|829|792|692|907|515|643|762|678|479|1095|674|942|858|851|521|766|755|867|614|779|716|860|492|684|831|634|627|787|563|827|834|566|549|755|566|1217|555|593|728|440|677|620|774|594|535|851|634|1088|1124|815|508|1243|487|605|814|877|759|767|605|862|833|564|853|566|814|827|644|687|408|827|657|715|863|666|800|1006|545|602|788|725|586|1142|586|685|651|760|823|693|863|663|447|902|591|751|694|561|770|908|565|764|452|725|824|792|625|657|840|582|512|625|738|1052|718|473|516|561|664|750|599|782|629|771|506|820|778|746|626|809|867|547|598|731|505|658|555|923|656|507|545|513|615|648|571|735|707|837|687|816|857|736|492|794|527|660|816|868|578|620|861|827|724|906|620|675|1019|634|701|830|857|571|795|614|586|990|906|713|495|651|529|857|728|514|832|804|728|749|510|742|768|1005|473|700|701|715|566|627|631|830|580|595|926|728|561|606|494|854|891|716|830|728|886|796|581|765|702|645|731|647|702|824|680|720|702|892|770|574
332|227|336|384|319|227|301|335|396|227|255|371|301|367|345|269|227|348|227|376|227|356|314|243|287|264|227|374|369|292|268|227|376|256|227|269|362|340|264|317|360|341|227|374|308|278|235|248|343|345|369|269|392|321|349|403|350|227|361|345|389|227|333|320|322|255|299|370|365|351|384|377|392|369|248|278|252|317|295|252|344|252|286|374|304|348|230|374|329|392|299|364|227|301|257|227|264|264|335|227|368|350|294|227|264|367|227|368|376|350|227|227|306|262|363|315|357|341|331|294|344|268|357|326|319|387|256|344|252|327|374|297|298|227|227|256|262|377|248|278|383|353|248|243|262|368|371|227|230|309|375|256|345|230|227|366|372|375|255|227|227|248|345|268|256|248|336|227|340|349|319|360|248|283|323|328|257|373|360|286|308|398|283|341|319|316|358|339|324|308|331|310|227|403|360|345|263|388|333|252|331|352|361|357|264|361|227|354|298|355|365|290|248|370|313|279|335|378|264|256|298|316|227|332|337|329|286|252|403|335|365|285|345|370|227|350|397|227|359|375|257|389|278|311|282|354|227|296|265|297
Iteração que foi encontrado o Melhor Global: 370
Quantas vezes o Melhor Global foi alterado (Lembrando que a verificação na inicialização acumula nesse contador): 16
Particula Inicial do melhor global:
2,371758|2,824522|3,653955|1,472277|3,648533|2,891608|2,081918|3,574665|3,184076|2,569431|2,195093|1,069779|2,738405|0,207406|3,103307|1,567180|2,462889|3,027378|1,294633|1,161821|2,821758|2,432479|0,924074|3,808749|0,402323|
Particula Final do melhor global:
3,295652|1,204113|2,163688|2,274907|0,338812|0,482648|0,830777|3,645855|1,309334|3,245849|2,702453|1,515366|2,998348|2,242233|0,702300|2,092052|1,438539|3,757198|3,024523|3,258205|0,515996|3,210938|3,907461|0,234796|1,184628|
A melhor solução desse PSO é:
23 4 5 20 14 6 
24 1 8 16 11 
15 2 13 3 10 12 
18 21 9 19 0 7 17 22 
Quantidade de trocas de:2,000000
Makespan: 227,000000
