602|507|514|530|755|784|420|544|824|738|517|372|644|456|508|500|591|548|675|1049|546|448|631|448|500|579|741|531|508|601|620|503|492|603|436|463|552|381|677|558|522|627|427|784|386|450|605|404|530|572|700|650|400|493|487|576|581|537|900|399|682|567|632|507|721|341|573|412|434|421|446|494|486|793|492|703|392|541|457|429|791|391|470|569|748|596|428|478|770|749|406|413|346|308|357|421|524|607|634|515|508|782|787|796|401|615|506|405|514|400|483|605|782|647|485|372|647|689|453|499|704|672|646|482|547|710|412|583|593|471|495|450|428|387|378|392|330|550|541|637|594|610|582|489|460|507|488|537|618|531|484|830|467|441|496|625|474|503|386|444|489|437|900|897|719|833|620|370|874|847|795|573|482|538|481|524|478|550|678|679|662|579|749|821|558|445|666|481|692|481|453|453|615|446|414|359|433|487|571|499|550|495|461|536|583|425|584|524|531|449|535|508|446|554|594|780|616|499|607|421|668|543|519|476|756|483|427|599|541|574|788|360|531|654|499|626|544|712|634|601|674|696|698|394|483|683|458|474|479|536
177|222|272|208|287|177|208|248|195|255|241|184|262|253|177|214|179|269|269|177|252|177|239|232|245|177|227|209|204|239|177|222|177|184|234|178|214|220|241|180|231|241|240|177|251|271|213|269|219|238|235|251|177|250|209|254|177|242|272|230|178|211|221|268|210|178|203|209|250|177|177|177|177|269|224|253|177|295|235|280|212|187|276|219|179|235|177|177|259|270|177|219|266|228|227|177|231|177|224|271|177|221|215|234|199|251|234|275|223|271|177|177|242|177|226|268|260|219|288|177|195|229|177|195|268|237|185|237|249|177|221|177|215|184|234|242|204|177|179|220|255|258|253|227|177|177|194|177|177|180|252|204|177|245|276|240|280|229|246|222|177|258|228|274|177|255|270|177|232|191|193|194|230|177|219|247|243|240|177|193|243|177|186|267|177|178|178|209|229|214|285|221|177|264|205|221|177|178|177|247|177|280|213|196|221|273|177|245|177|227|177|177|252|244|177|247|209|235|177|251|252|279|244|204|244|177|229|251|204|237|276|255|247|230|270|235|207|241|291|200|259|182|232|233|177|177|177|251|204|209
Iteração que foi encontrado o Melhor Global: 192
Quantas vezes o Melhor Global foi alterado (Lembrando que a verificação na inicialização acumula nesse contador): 18
Particula Inicial do melhor global:
3,678728|2,566184|1,176251|0,647527|0,996056|1,165455|1,996580|0,895533|3,393195|0,141310|2,927292|2,408569|0,915720|3,993719|1,040172|2,414893|0,231805|3,016308|2,462634|1,447564|2,301357|3,723662|2,505797|3,505003|3,010012|
Particula Final do melhor global:
2,842874|3,054829|2,762934|3,072460|2,670027|3,098151|2,439856|1,608168|0,799944|3,270580|2,030477|0,600021|3,185812|1,778905|2,956674|1,692532|0,849240|1,087929|3,037935|3,388097|1,585069|1,808656|0,484569|1,042917|0,677080|
A melhor solução desse PSO é:
22 11 24 8 16 
23 17 20 7 15 13 21 
10 6 4 2 0 14 
18 1 3 5 12 9 19 
Quantidade de trocas de:0,000000
Makespan: 177,000000
