684|653|608|714|603|832|968|1062|738|670|1170|1041|918|768|877|684|1100|664|670|962|775|853|837|881|1084|896|569|711|884|753|772|762|584|957|707|644|1345|719|825|760|686|1252|883|1028|1101|740|735|647|893|612|842|809|614|729|724|914|656|768|750|1324|751|767|768|792|667|1003|811|679|590|1065|691|896|578|713|716|595|776|618|1041|742|659|780|947|910|1019|872|604|837|770|720|831|570|922|884|740|719|816|837|970|729|757|660|1007|654|777|884|799|637|658|599|694|852|801|639|739|729|766|659|519|750|835|689|719|614|1137|869|812|681|917|681|725|644|919|719|720|668|761|866|817|836|634|717|896|708|593|814|1221|626|614|813|785|852|978|667|795|599|798|881|696|812|863|1260|585|783|1687|650|775|956|849|826|558|934|739|712|890|1135|1034|826|968|762|749|555|672|596|620|660|692|755|665|745|563|864|683|819|567|1110|647|1175|803|717|1202|607|578|647|874|865|562|808|851|733|820|748|782|776|746|1280|699|632|729|587|612|711|784|722|859|872|699|719|1223|862|843|771|745|569|825|773|827|734|671|1437|826|921|757|854|788|824|704|672|766|803
387|398|351|403|427|351|386|356|403|470|396|351|438|351|354|356|356|389|356|375|413|388|423|356|359|351|400|351|356|356|455|403|383|380|419|356|406|431|436|351|351|399|356|364|390|409|404|383|351|412|385|356|430|402|386|388|356|355|473|356|375|480|351|356|356|410|422|351|351|390|388|351|356|396|441|382|356|351|356|417|407|403|351|356|354|362|356|364|382|385|351|409|400|430|432|356|356|356|406|431|356|354|408|430|460|428|402|408|356|367|351|429|432|351|416|423|442|405|351|375|414|351|388|429|403|387|351|403|356|386|356|449|414|352|403|383|393|420|415|356|407|410|392|403|356|356|351|379|351|421|427|383|438|363|362|356|429|413|351|362|425|417|356|388|356|364|403|427|393|472|432|450|352|428|414|356|356|377|356|351|382|351|432|351|427|434|351|356|356|418|388|351|408|411|351|363|390|442|356|432|351|362|407|351|403|362|375|356|397|356|351|388|382|356|351|432|418|354|388|356|390|364|405|356|403|466|384|394|355|396|356|351|380|420|387|356|424|356|483|354|447|356|351|351|356|351|409|415|355|356
Iteração que foi encontrado o Melhor Global: 360
Quantas vezes o Melhor Global foi alterado (Lembrando que a verificação na inicialização acumula nesse contador): 10
Particula Inicial do melhor global:
2,666289|0,121769|2,455875|2,636271|1,899723|1,735683|2,514302|2,994505|0,568141|0,692362|0,422683|1,793151|1,928558|2,760490|2,510159|0,230315|0,268152|1,711887|1,767042|1,896472|2,937161|2,251076|0,530362|2,180290|2,048218|
Particula Final do melhor global:
2,358352|0,935685|0,650443|0,255269|1,793080|1,586413|2,270412|1,048399|1,225930|0,487371|1,801503|2,419898|1,757291|2,203497|0,511191|2,213121|2,067058|1,921097|0,430882|0,888082|2,381709|2,073454|2,947125|1,635428|1,342356|
A melhor solução desse PSO é:
3 18 9 14 2 19 1 
7 8 24 5 23 12 4 10 17 
16 21 13 15 6 0 20 11 22 
Quantidade de trocas de:2,000000
Makespan: 351,000000
