963|833|1628|1098|1226|981|957|772|845|839|1141|1088|1581|1249|1010|821|907|1228|1346|1196|1043|1282|1142|868|962|937|826|1183|1422|1360|1292|1185|967|758|1053|1099|919|1206|796|738|973|737|1522|1288|975|1022|895|927|929|1124|1844|1192|842|655|973|1309|1203|886|902|1268|1133|906|1459|1051|970|1086|1500|1287|1092|1054|883|1171|1218|760|1558|997|1330|891|880|1251|1200|1156|792|1133|1322|1133|1086|799|860|1219|2243|1552|887|1049|1625|1158|1101|1116|1614|919|1313|1237|888|1036|894|1046|934|1250|1407|1203|974|1197|1146|2184|841|993|875|1115|1547|939|1229|1501|801|1321|1160|742|1221|1098|1298|1031|916|1009|1243|1005|1252|1141|1126|1652|925|955|996|958|958|852|1124|1114|1186|894|1093|1136|933|933|840|1482|1319|1120|1309|1322|1214|1004|1148|1130|1076|1491|1493|1131|950|885|784|937|834|1330|1150|949|1262|1025|976|885|993|915|1184|855|1077|1131|932|1494|859|917|1191|1021|1090|1081|779|956|926|1135|1068|1155|944|1040|1415|1511|753|1003|1156|854|1077|1123|1174|1098|1024|1218|1433|913|1025|902|855|1242|901|1348|840|959|813|1121|1176|833|778|1103|1042|911|1104|1035|897|897|1149|984|1579|1168|918|877|1164|1046|917|977|916|1207|985|981|1001|1119
492|556|513|489|538|572|489|489|526|489|502|492|536|529|492|511|565|591|489|492|597|576|556|533|536|488|514|542|604|489|661|488|538|566|550|560|586|573|533|513|505|489|557|492|530|576|492|510|617|525|488|489|513|575|492|568|489|505|572|492|492|562|557|528|492|533|574|499|489|557|538|505|588|623|626|489|541|502|523|561|547|561|521|579|489|489|489|543|489|489|604|489|577|489|528|489|538|533|551|551|538|502|588|488|511|547|544|581|551|489|558|616|498|492|629|489|502|639|598|569|615|556|489|557|519|492|489|552|492|578|532|546|509|489|488|489|538|524|489|547|579|577|530|492|492|495|488|489|492|507|489|527|527|586|513|489|489|561|557|593|583|492|492|559|546|489|583|617|576|629|560|572|489|489|511|492|583|581|546|492|492|563|610|505|492|533|533|492|560|492|492|560|500|489|492|498|625|592|562|519|588|502|492|489|489|502|518|583|606|559|544|605|538|514|541|550|565|502|538|489|569|489|538|546|543|489|589|538|560|549|502|555|489|530|492|492|504|533|489|593|561|492|574|577|492|533|502|588|498|546
Iteração que foi encontrado o Melhor Global: 729
Quantas vezes o Melhor Global foi alterado (Lembrando que a verificação na inicialização acumula nesse contador): 16
Particula Inicial do melhor global:
0,092259|1,754769|2,837869|0,792585|2,506519|0,514914|0,602304|1,883682|0,633641|0,560627|2,009837|2,401554|2,053413|0,811331|2,419335|2,412466|1,492303|2,630039|0,428889|0,036072|2,910249|0,567077|1,924933|0,828377|2,150728|
Particula Final do melhor global:
0,293131|0,944021|2,668994|1,648755|1,725416|1,409812|2,575439|1,606979|2,577834|2,056880|1,167577|0,680383|1,442888|2,910233|0,952269|1,208954|2,341499|0,889118|1,077515|2,519022|0,620013|2,574750|1,919956|0,311425|0,682010|
A melhor solução desse PSO é:
0 23 20 11 24 17 1 14 
18 10 15 5 12 7 3 4 22 
9 16 19 21 6 8 2 13 
Quantidade de trocas de:9,000000
Makespan: 488,000000
