1366|907|990|1081|1547|909|1172|1198|971|959|937|1240|1292|978|1068|1266|1092|1417|1181|1111|1109|1067|1288|1147|1235|1304|1372|886|1351|1053|1317|1077|935|1600|986|1165|1125|1591|924|1084|1085|1241|790|1111|1253|1247|971|895|1090|923|1154|1010|850|992|1095|1100|1171|1046|927|992|1142|966|936|1103|1114|1190|1090|1211|1122|958|1120|993|1190|1140|1276|1019|1120|1288|1022|1240|960|1503|1596|987|1219|1361|1085|991|849|1189|1160|1185|1185|1023|1525|1306|939|1213|1280|982|971|838|1065|1122|1033|1577|1041|964|1298|1432|966|1299|892|927|1043|858|974|1012|1209|1257|977|1099|967|923|1040|1198|1563|1016|838|1391|1041|1015|998|977|1213|1134|1202|1129|1135|1055|855|1107|1042|1386|1104|787|871|1472|1687|1051|1191|970|1191|1290|1217|1147|1133|938|1386|984|1620|1247|1095|1245|1044|1132|1289|1044|1255|1082|1360|1104|1148|1034|962|1291|1219|1328|1013|959|899|1164|1142|1057|975|1282|1496|888|890|1284|1160|1067|922|1147|994|972|921|1020|1038|1317|1099|1293|1252|1119|1066|1169|1231|1158|1024|1163|1102|1210|1225|1040|951|1254|1103|1244|1296|1603|1019|1189|1050|1234|1360|1585|923|1303|952|1263|1100|1142|1013|974|991|1010|1078|950|1018|942|1047|1359|1027|1099|1182|1455|1201|1312|1058|946
581|581|646|593|581|581|621|581|596|581|581|652|627|660|717|712|581|655|597|659|581|618|581|581|581|581|581|581|581|581|581|621|581|581|581|581|667|635|596|620|581|645|596|581|581|651|581|581|581|581|581|655|599|581|581|618|581|581|581|619|693|581|653|583|581|614|583|624|651|581|581|670|581|581|601|653|652|624|621|614|581|594|581|581|583|581|581|614|596|612|634|581|652|582|582|581|663|614|581|625|581|581|635|635|597|690|620|649|615|619|614|594|585|616|601|632|631|599|635|581|684|581|614|581|601|581|625|653|581|581|581|689|581|620|581|581|581|581|581|685|581|595|581|630|583|581|615|581|583|581|594|653|596|635|633|627|614|581|632|581|581|615|581|581|628|581|581|581|658|619|581|664|651|628|690|599|621|601|581|651|581|626|658|581|585|619|704|581|625|581|597|581|581|601|581|629|581|583|581|631|614|581|599|596|652|629|622|581|624|618|581|581|620|594|650|660|581|620|581|581|581|632|618|581|651|583|623|581|581|581|722|614|612|626|621|624|650|581|635|581|581|581|581|581|581|625|618|597|581|636
Iteração que foi encontrado o Melhor Global: 181
Quantas vezes o Melhor Global foi alterado (Lembrando que a verificação na inicialização acumula nesse contador): 15
Particula Inicial do melhor global:
0,071297|1,627511|0,519423|1,360923|1,488422|0,787518|0,523230|0,227263|0,361170|1,289674|0,428269|1,613728|1,016288|1,224883|1,772971|1,842831|1,882676|1,929433|1,896790|0,969804|1,379738|1,501477|0,786242|1,454584|0,521158|
Particula Final do melhor global:
0,428608|0,490636|1,210545|1,856593|1,698895|1,886769|0,311447|0,692429|1,017972|1,779216|1,466144|0,952943|0,431084|1,140846|1,514262|0,920694|0,486461|1,324810|0,097863|1,779949|0,762663|0,750112|0,888910|1,630000|0,815944|
A melhor solução desse PSO é:
18 6 0 12 16 1 7 21 20 24 22 15 11 
8 13 2 17 10 14 23 4 9 19 3 5 
Quantidade de trocas de:4,000000
Makespan: 581,000000
