985|758|639|949|890|1196|925|1056|645|782|872|626|758|725|718|1311|1159|870|1330|753|910|1069|995|736|806|821|590|872|793|807|625|957|976|985|937|1240|873|784|1036|1021|929|1039|662|718|811|1107|697|718|782|924|1130|1577|840|860|735|1012|634|707|983|737|792|610|899|775|720|613|1277|847|1023|976|980|661|862|1112|772|698|800|934|740|960|707|862|821|819|858|817|712|710|992|989|649|1171|928|827|987|740|659|959|583|846|743|1039|1231|920|1191|903|1128|957|649|795|970|753|861|798|783|714|800|702|941|763|902|615|719|967|1167|1180|875|767|800|899|779|1683|676|666|778|1237|1044|895|816|807|1068|1239|971|608|1062|714|778|818|659|675|682|1186|635|1544|968|776|712|1091|1650|1241|888|907|1292|705|857|1034|591|761|882|1012|719|759|918|637|1342|760|1181|681|887|1256|1015|940|736|894|855|1038|1059|1258|848|671|1073|976|1075|811|1061|1222|838|917|804|727|966|790|778|965|894|733|908|913|1007|822|780|751|775|1157|799|986|788|1067|777|1236|703|988|767|806|756|1262|1314|795|1110|1295|986|739|1015|729|988|756|929|862|1088|737|800|1041|734|938|766|650|564|954|768|1040
448|444|505|478|486|455|426|458|399|466|462|397|456|399|397|444|444|538|397|443|492|453|426|461|453|449|397|396|459|475|428|495|444|464|457|396|440|429|445|434|464|508|396|503|397|436|501|470|483|396|516|449|490|499|478|459|428|471|426|453|396|437|429|480|397|495|450|443|468|515|483|470|428|464|551|396|453|396|430|446|419|396|451|426|489|414|476|456|453|444|438|437|444|485|440|444|444|499|464|443|449|469|449|397|484|459|450|397|397|401|464|397|450|513|480|396|414|482|424|397|421|559|468|444|399|444|426|527|450|457|493|396|449|496|466|453|527|397|459|454|426|449|492|496|501|459|397|465|512|490|403|453|520|491|464|459|396|501|453|444|521|453|534|462|530|423|460|396|426|495|480|518|455|470|518|453|397|472|470|458|489|468|399|469|397|397|426|480|471|461|399|397|458|520|469|459|397|426|453|517|449|430|505|399|435|508|397|440|426|462|443|456|444|485|477|447|438|450|397|509|438|449|485|482|544|426|444|449|453|446|396|414|470|470|466|530|507|415|494|444|435|436|444|444|396|397|488|499|478|439
Iteração que foi encontrado o Melhor Global: 736
Quantas vezes o Melhor Global foi alterado (Lembrando que a verificação na inicialização acumula nesse contador): 13
Particula Inicial do melhor global:
0,113751|2,860278|0,735890|2,244330|0,619462|1,364429|1,191793|2,479780|0,210995|0,012322|0,223661|1,320180|0,364517|0,218567|2,058783|0,348566|2,215116|0,237632|2,511060|1,961773|0,314750|2,975456|2,920008|0,288826|1,579984|
Particula Final do melhor global:
2,326749|2,275137|2,208792|1,035588|2,540808|2,669571|0,200655|0,655469|1,243021|1,505461|0,677017|0,110220|0,367834|2,063651|2,296812|1,277148|1,684811|1,506564|0,445042|0,549415|1,431377|2,679289|0,435236|1,532371|2,155581|
A melhor solução desse PSO é:
11 6 12 22 18 19 7 10 
3 8 15 20 9 17 23 16 
13 24 2 1 14 0 4 5 21 
Quantidade de trocas de:3,000000
Makespan: 396,000000
