714|424|732|516|541|623|604|456|440|567|390|603|684|731|395|503|550|422|531|475|561|488|629|573|494|466|527|612|596|679|580|824|700|615|590|1114|458|543|602|422|467|630|433|641|578|710|507|722|723|474|489|606|480|375|592|500|558|842|752|579|751|673|680|804|486|615|612|596|374|579|494|538|516|648|617|943|496|660|640|593|493|823|545|1065|600|458|537|607|810|684|877|486|587|507|489|471|594|409|465|593|434|665|681|535|684|595|559|531|552|417|641|655|527|418|576|600|426|774|843|540|676|680|792|677|677|501|526|420|427|608|617|697|410|422|541|568|529|623|725|538|546|572|706|533|730|699|462|755|513|535|602|479|599|590|654|642|620|512|501|658|489|408|608|480|820|497|644|569|537|681|628|453|538|693|558|737|620|591|550|612|508|495|552|609|697|572|589|493|604|807|534|601|563|682|450|714|586|433|598|663|524|429|570|704|590|733|678|401|561|533|523|428|633|367|726|513|713|703|557|406|452|591|456|661|461|459|684|485|458|636|666|410|743|661|722|536|615|761|632|582|613|460|746|709|499|564|507|497|565|635
349|294|324|288|330|307|338|296|359|358|326|360|316|301|371|355|345|328|301|309|294|342|355|288|351|370|288|288|328|288|288|353|288|332|350|339|339|300|328|356|346|360|346|292|354|352|321|318|288|343|329|345|355|363|330|301|322|325|298|316|311|308|301|333|333|298|337|334|362|330|360|288|332|319|315|319|329|315|301|337|342|328|359|312|288|362|323|295|330|348|343|288|322|316|307|363|342|358|333|334|312|359|326|292|288|301|340|313|339|334|348|301|334|346|351|354|315|294|298|344|307|337|324|338|366|288|335|288|317|341|288|341|348|350|326|323|344|307|329|298|354|356|334|340|301|374|334|311|346|329|335|298|296|320|323|336|292|343|327|297|298|288|323|326|322|300|320|332|288|298|301|329|320|356|321|307|342|324|335|339|357|328|301|321|317|334|331|337|331|330|320|321|298|338|346|322|299|325|328|340|322|301|334|330|301|307|333|332|326|288|320|354|298|297|357|288|326|288|307|316|375|332|288|322|312|331|352|353|298|352|340|364|301|322|344|288|333|356|334|339|327|331|335|288|363|328|344|342|359|303
Iteração que foi encontrado o Melhor Global: 374
Quantas vezes o Melhor Global foi alterado (Lembrando que a verificação na inicialização acumula nesse contador): 10
Particula Inicial do melhor global:
2,905135|1,717841|1,497992|1,550091|2,897653|1,589111|2,241340|1,284439|1,203316|2,584410|1,467400|0,234740|2,762192|1,363491|2,593374|1,421016|2,260523|1,342800|0,401862|1,983130|0,387208|1,603815|0,834334|2,007018|0,526869|
Particula Final do melhor global:
1,643400|2,776138|1,028450|2,500606|2,555790|0,150248|0,240600|2,146137|2,623163|0,838323|1,068170|1,583398|1,317913|2,328388|1,979363|1,088587|0,979170|0,693253|2,853907|0,725011|1,675387|2,060866|0,528253|2,258498|1,464557|
A melhor solução desse PSO é:
5 6 22 17 19 9 16 
2 10 15 12 24 11 0 20 14 
21 7 23 13 3 4 8 1 18 
Quantidade de trocas de:7,000000
Makespan: 288,000000
