815|1000|1062|740|666|758|800|635|985|569|812|489|873|939|886|645|1104|781|791|434|913|1081|974|745|732|592|594|799|834|1359|667|512|739|914|1192|744|649|831|642|655|724|605|815|763|824|860|606|788|741|733|915|848|726|581|636|862|611|607|911|881|1597|736|721|700|941|1011|645|781|743|591|628|830|699|937|1331|764|958|714|796|818|853|775|1154|750|966|748|1013|591|748|623|1090|609|734|825|1200|961|1091|858|774|893|880|989|958|728|1567|1258|597|1029|735|644|849|628|980|722|1057|654|581|625|791|874|695|1036|857|671|1172|842|601|1014|605|574|895|726|927|691|674|914|743|764|811|843|1105|644|686|911|570|835|1026|771|535|807|570|704|885|934|784|618|576|567|686|732|935|787|811|798|710|913|731|837|747|696|1314|813|731|637|1507|1019|535|1366|804|961|505|602|712|1167|768|673|874|818|913|921|1207|697|696|839|600|924|745|911|735|632|1104|620|783|804|928|699|786|942|545|824|566|930|833|665|698|879|708|1056|615|912|545|809|667|503|799|919|958|1082|939|792|1150|714|710|844|676|841|771|745|859|672|641|687|790|852|965|650|712|782|783|969
279|425|402|405|407|459|346|361|372|405|401|428|399|289|392|428|395|438|299|344|398|386|383|289|405|363|387|344|326|444|355|429|342|386|289|353|328|279|408|328|339|361|415|353|385|399|385|279|373|299|279|403|418|357|455|396|435|372|439|402|299|435|328|396|279|392|353|362|440|397|306|366|373|424|358|336|367|417|400|362|349|279|368|432|390|391|397|289|370|381|410|284|427|384|342|279|366|442|385|354|353|413|368|421|410|399|373|413|373|436|373|444|349|372|289|423|426|289|289|408|372|370|395|397|382|410|380|398|444|307|349|423|299|397|389|378|376|289|421|398|429|322|289|398|382|412|440|418|312|432|393|424|289|386|381|368|424|279|399|387|404|279|408|279|347|279|378|383|417|400|398|385|407|402|389|408|349|279|383|377|321|426|419|416|379|296|414|366|373|396|357|289|411|404|440|422|362|385|279|393|440|355|279|340|327|330|323|367|307|447|405|424|406|345|279|404|279|404|342|369|279|376|441|401|289|396|402|373|289|390|394|397|375|279|403|384|280|441|346|430|349|340|432|406|363|289|372|329|371|398
Iteração que foi encontrado o Melhor Global: 488
Quantas vezes o Melhor Global foi alterado (Lembrando que a verificação na inicialização acumula nesse contador): 14
Particula Inicial do melhor global:
1,308177|2,610415|1,850944|1,498000|0,058491|2,002699|3,784970|3,385894|3,631404|2,005810|0,608505|1,043113|2,771313|1,108726|1,906042|0,704752|1,748109|1,330105|2,744675|1,462519|3,427015|0,089966|0,163925|2,798044|1,696512|
Particula Final do melhor global:
1,538927|0,467920|3,162184|2,154240|3,101837|2,932140|0,335691|2,776980|2,382065|3,377874|3,087466|3,669432|1,429479|2,174581|2,699482|0,518491|3,047741|0,208466|0,706606|1,659721|1,462885|1,566547|3,040275|2,273695|1,580178|
A melhor solução desse PSO é:
17 6 1 15 18 
12 20 0 21 24 19 
3 13 23 8 14 7 5 
22 16 10 4 2 9 11 
Quantidade de trocas de:3,000000
Makespan: 279,000000
