1793|1703|1616|1867|1586|1365|1429|1485|1466|1287|1631|1567|2031|1705|1288|1599|1477|1317|1979|1319|1899|1738|2081|1354|1428|2091|1989|2300|1959|2369|1928|1477|1553|1427|1792|2091|1652|1601|1706|1715|1665|1808|1643|1764|1400|1655|1433|2148|1871|1409|1499|1238|2151|1663|1478|1540|2171|1639|1520|1694|1422|1927|1847|1442|1470|1457|1348|1593|1408|1774|1876|1505|1572|1951|1452|1668|1292|1808|1484|1792|1563|1477|1723|1691|1503|1667|1799|1606|1335|1660|1614|1866|1344|1731|1751|1960|1385|1809|1886|1126|1403|1640|2107|1832|1358|1635|2154|1616|1266|1374|1431|1600|1496|1499|1476|1623|2301|2266|1665|1626|1809|1579|1616|1342|1373|1614|1482|1934|1511|1647|1412|2079|1414|1862|1841|2050|1370|1875|2209|1463|1893|2165|1814|1796|1533|1615|1700|1572|1722|1745|1797|1343|1606|1800|1743|1314|1602|1361|1399|1738|1945|1478|1430|1804|1649|2085|1917|1645|1698|1149|1976|1499|2198|1323|1734|1604|1733|1822|1951|1807|1625|1435|1627|1577|1663|1564|1443|1610|1394|2089|1625|1650|1378|2189|1852|2317|2210|1450|2130|1398|1378|1187|1960|1355|1330|1864|1676|1606|1322|1809|1945|1429|1588|1523|1526|1847|1726|1562|1572|1791|1546|1633|1435|1369|1606|1621|1583|1475|1509|1329|1713|1792|1550|1550|1794|1564|1347|1450|1348|1614|1354|1719|1612|1747|1281|1351|1486|1443|1307|1576
936|936|852|936|913|936|929|913|1072|962|968|846|846|936|913|1011|846|846|846|846|916|936|1024|989|936|941|936|913|952|846|846|913|913|936|936|959|846|846|952|936|1049|930|986|913|885|1023|846|1000|947|936|936|978|936|885|916|936|980|976|846|846|846|923|846|1045|936|951|1089|947|913|886|956|948|846|936|846|952|846|936|992|911|908|913|936|913|936|936|982|933|936|980|916|963|846|952|952|1046|954|936|1100|846|846|936|986|936|936|989|846|846|936|846|936|936|959|983|1050|846|952|846|949|936|966|980|846|1057|946|936|846|989|893|926|913|1012|937|952|945|961|949|1010|1056|989|986|967|913|913|846|980|846|958|846|913|913|1053|1017|980|908|915|937|913|936|936|936|922|913|913|846|936|1030|1085|1027|1149|936|908|1030|952|936|980|846|846|980|1003|956|922|846|936|1079|972|1003|1022|978|846|972|846|1002|943|846|913|885|846|1001|846|846|895|1047|913|846|936|1019|949|932|846|1003|952|1016|913|913|1038|846|846|846|1012|980|846|885|916|846|936|883|936|937|913|1052|846|949|936|846|1009|913|955|846|979|846|846|930|949|980|949|846|951|1066|981
Iteração que foi encontrado o Melhor Global: 289
Quantas vezes o Melhor Global foi alterado (Lembrando que a verificação na inicialização acumula nesse contador): 11
Particula Inicial do melhor global:
0,322886|0,998691|0,530186|1,545268|1,656538|0,083391|0,890419|0,250251|1,098445|1,137549|1,623644|1,993551|0,966507|1,814533|1,293252|1,860656|0,450511|1,194718|0,747863|0,135114|0,143443|0,122212|0,971099|1,386589|1,236830|
Particula Final do melhor global:
0,537199|1,021135|0,260521|1,717149|0,763981|1,498988|1,174740|1,677940|1,874632|0,422168|0,803643|0,547231|1,426990|1,583818|1,564992|0,889581|0,842370|0,607983|0,568943|1,531543|0,769785|1,003057|1,718104|0,467306|0,569574|
A melhor solução desse PSO é:
2 9 23 0 11 18 24 17 4 20 10 16 15 
21 1 6 12 5 19 14 13 7 3 22 8 
Quantidade de trocas de:13,000000
Makespan: 846,000000
