1072|1183|1031|1400|953|1187|1306|1452|1200|991|1500|1212|1028|984|1148|1024|956|1295|836|916|960|804|1258|1136|1201|1154|1083|1195|1132|1696|1057|1042|822|1036|1205|1007|1110|1035|799|860|1189|1070|1208|1062|1521|1080|1212|1037|1139|1740|1275|1109|916|1426|1597|1004|1470|1082|1219|1217|959|1248|1101|1182|953|1029|1377|1241|1061|1141|883|1076|908|969|1035|1344|1297|1074|1388|1131|1275|971|1219|1093|1316|1150|1278|923|1102|1264|1463|1029|1205|1099|1068|901|1043|999|921|1073|1038|1046|1059|1078|1021|1544|1364|1345|1278|1143|1218|1014|1053|1231|1329|1090|1345|1231|1213|993|1203|902|1287|1347|1559|939|1211|1238|1047|960|1401|1156|760|1110|943|1123|1172|1481|1034|1210|979|1090|1203|1141|1006|926|1456|1026|917|1269|1426|1313|1226|1408|986|1021|1319|969|1464|1120|1430|1185|1204|1295|910|1202|1133|1044|819|1040|900|1300|1232|1362|1364|1237|1167|1295|1357|1043|1347|1039|990|1530|1070|941|1162|1053|985|864|1277|1044|1345|1518|1253|1059|1158|1092|1158|923|995|1021|1070|759|977|1315|1213|978|1096|1437|1266|1052|1239|1019|1024|871|953|877|1094|1085|921|1145|1111|1089|936|1289|1081|1043|1130|1197|1083|967|1077|1201|1113|973|1249|1456|1074|1472|1343|793|1163|1047|1040|937|941|1034|972|1175
617|640|594|594|605|610|583|647|591|620|618|583|668|593|583|583|593|621|637|583|583|583|583|588|594|619|593|593|591|629|593|595|661|632|593|617|650|617|583|583|594|593|620|594|583|591|594|616|582|583|583|621|616|591|661|590|663|583|619|592|583|591|619|583|591|583|621|594|601|583|668|620|594|591|591|594|706|594|615|591|655|632|591|582|594|588|583|583|583|593|593|594|583|618|594|639|588|594|620|583|605|617|644|618|583|638|582|583|593|613|594|594|620|649|591|594|583|583|652|591|620|583|600|583|593|583|652|594|583|591|583|583|583|591|658|613|597|615|583|616|591|583|583|583|615|583|631|583|582|583|594|593|594|639|599|626|583|591|616|593|583|621|591|620|583|600|594|594|583|594|583|625|654|617|588|617|583|594|594|593|596|617|591|593|594|615|591|592|583|620|582|619|623|583|590|582|594|618|594|594|583|583|582|661|591|593|687|594|591|620|591|583|594|583|583|594|599|651|588|594|591|639|583|639|582|586|594|630|591|639|583|582|583|613|583|649|615|616|583|582|617|640|594|601|583|583|668|582|583|599
Iteração que foi encontrado o Melhor Global: 831
Quantas vezes o Melhor Global foi alterado (Lembrando que a verificação na inicialização acumula nesse contador): 9
Particula Inicial do melhor global:
1,093969|0,060332|0,145605|1,717390|0,999545|1,347410|0,513579|0,228714|0,047012|0,334169|0,448000|1,950199|0,911546|1,123055|1,675652|1,563167|0,565803|0,206294|1,001799|1,945082|1,141518|0,802167|0,206668|1,829249|1,904254|
Particula Final do melhor global:
0,571594|0,398618|0,640801|0,400684|1,837158|1,742026|0,733405|0,404027|1,636555|0,806177|1,887764|1,825143|1,688395|1,639996|0,460046|0,197518|1,339070|0,277175|0,382043|1,614666|0,706553|0,117299|1,697013|1,403769|0,179393|
A melhor solução desse PSO é:
21 24 15 17 18 1 3 7 14 0 2 20 6 9 
16 23 19 8 13 12 22 5 11 4 10 
Quantidade de trocas de:4,000000
Makespan: 582,000000
