676|1218|1029|795|929|860|666|806|858|767|716|800|728|1109|715|766|778|684|1037|812|945|986|853|706|770|795|801|692|1085|733|792|841|819|1064|757|912|981|791|817|954|744|1436|733|1346|963|900|790|845|1034|922|833|784|901|1118|1018|885|1023|789|837|923|831|1134|1133|1403|902|743|795|952|946|1179|951|668|1047|1122|753|769|924|838|962|768|838|1066|1185|1264|839|913|757|968|808|691|783|1040|1214|1132|739|1038|800|1031|1059|1264|1041|763|676|831|1153|1076|767|1028|892|936|791|1300|1207|892|852|773|796|780|684|875|747|1000|727|738|808|902|616|674|1040|1050|1165|762|770|1018|862|911|830|640|847|897|911|1560|633|716|910|1151|703|793|721|1000|861|1081|1071|966|652|696|826|895|792|785|1117|1007|910|796|849|1255|1031|659|686|1288|838|842|738|1045|918|863|825|889|1007|789|945|960|1021|882|794|816|873|775|741|732|1187|632|882|725|758|894|842|1033|830|890|1262|805|884|836|822|934|972|685|887|893|898|888|843|983|947|927|1223|909|1024|733|703|750|987|924|1002|920|804|623|1213|966|1064|918|887|1510|868|947|672|1004|842|701|1114|967|735|773|886|901|885|1181|820|1020
367|473|367|367|507|377|367|367|381|412|367|380|367|367|367|432|367|538|367|367|367|367|474|450|367|426|491|367|367|367|367|367|367|367|367|367|377|367|428|367|367|367|367|478|377|370|367|370|367|367|367|376|367|367|414|379|367|367|367|367|413|367|367|379|441|398|468|367|367|406|367|367|367|367|463|367|367|367|367|377|367|476|367|367|367|367|367|367|367|367|430|367|367|471|425|367|367|367|367|367|367|367|414|397|475|367|380|367|367|367|367|367|367|367|367|434|367|367|367|430|367|367|367|367|367|387|398|367|367|367|367|367|465|476|367|367|367|463|367|462|431|494|367|367|367|367|367|481|380|367|443|450|367|367|489|367|367|367|367|495|367|367|367|380|367|367|367|367|367|367|367|367|380|515|367|525|376|413|367|367|488|445|367|367|452|367|367|367|367|367|367|367|367|367|367|367|437|367|425|367|367|367|367|367|367|443|387|367|367|443|367|367|380|408|380|421|367|367|367|367|367|367|414|367|367|367|367|367|427|367|367|367|367|475|367|367|492|367|422|367|367|367|367|367|367|367|449|367|377|367
Iteração que foi encontrado o Melhor Global: 146
Quantas vezes o Melhor Global foi alterado (Lembrando que a verificação na inicialização acumula nesse contador): 18
Particula Inicial do melhor global:
0,612197|1,157324|2,574758|2,368533|1,742051|1,602512|2,933504|1,966431|2,556288|1,741743|0,242902|1,415334|2,595803|2,019762|0,754675|1,345742|0,299739|2,213770|0,878194|2,347652|1,204811|1,838425|0,429740|2,970690|1,986957|
Particula Final do melhor global:
2,239977|2,197464|1,284156|2,790732|0,938057|1,791559|0,863512|2,455230|1,973153|0,439933|2,429420|1,484518|1,804847|2,205507|0,530093|0,195906|2,510837|0,627875|1,973734|2,649268|0,846436|1,936684|2,287809|0,617992|1,732023|
A melhor solução desse PSO é:
15 9 14 23 17 20 6 4 
2 11 24 5 12 21 8 18 
1 13 0 22 10 7 16 19 3 
Quantidade de trocas de:1,000000
Makespan: 367,000000
