504|601|437|492|484|776|527|498|639|470|578|635|539|512|491|445|557|506|571|478|380|497|587|425|449|505|596|544|439|509|539|459|680|561|739|640|540|557|606|599|518|553|401|521|499|432|671|480|564|609|660|641|553|571|567|484|564|603|645|754|643|577|539|474|528|470|425|511|602|544|457|524|425|550|445|398|512|468|545|509|552|536|512|497|508|550|623|451|565|482|566|684|540|452|749|689|484|673|504|634|633|399|467|445|377|472|711|393|439|498|572|513|446|577|429|639|416|537|603|491|551|415|475|595|414|458|460|456|623|828|590|427|657|658|429|690|479|619|475|794|712|435|500|450|562|714|574|591|628|598|540|439|477|429|558|453|588|412|639|505|496|599|510|460|561|600|451|570|688|561|448|489|447|644|603|447|478|628|703|561|598|627|737|447|417|394|497|469|488|447|547|450|631|677|556|707|428|659|742|728|713|489|668|427|816|489|459|449|602|454|489|483|403|461|573|489|511|517|498|465|518|414|530|741|636|508|525|578|641|493|537|659|560|610|520|412|450|723|618|535|572|554|407|603|522|462|574|519|457|474
297|359|351|333|308|302|310|336|332|326|293|332|320|370|321|329|307|297|323|321|342|304|297|317|340|332|326|345|337|320|340|293|344|349|330|301|360|306|331|354|320|323|302|328|335|350|347|324|335|297|293|325|324|322|314|333|332|354|329|320|335|317|309|359|297|320|306|312|302|344|313|336|321|343|327|349|339|329|326|312|297|322|353|330|321|333|345|320|326|343|332|327|344|296|348|336|335|316|297|314|358|326|346|316|340|332|322|310|314|326|310|297|341|336|320|323|323|334|297|310|338|305|348|344|357|297|311|319|313|306|338|297|320|338|306|342|347|293|335|346|315|346|324|355|318|327|314|325|347|297|328|335|324|323|339|364|327|317|297|322|320|323|315|345|305|303|306|316|357|338|323|307|355|327|327|308|337|318|321|306|327|297|333|331|345|320|327|335|335|320|316|346|347|316|306|338|334|331|306|348|365|331|346|336|342|342|329|351|322|319|323|341|355|313|333|335|298|354|313|320|342|345|310|302|320|334|301|323|355|337|320|345|333|308|296|336|320|317|354|306|349|322|351|333|306|333|331|320|343|341
Iteração que foi encontrado o Melhor Global: 901
Quantas vezes o Melhor Global foi alterado (Lembrando que a verificação na inicialização acumula nesse contador): 20
Particula Inicial do melhor global:
0,598486|2,032985|1,538169|2,856458|0,520776|0,805924|0,210491|0,718012|2,871863|0,014000|2,942785|2,661214|1,699331|1,191320|1,432392|0,205057|2,724982|2,710686|2,986030|1,812991|0,788670|0,262296|0,863720|2,287471|1,211773|
Particula Final do melhor global:
2,232290|0,738076|2,823478|2,556113|1,651559|2,313334|0,977120|0,278996|0,856372|2,546482|1,599087|2,757042|2,722901|2,015886|0,482264|0,220871|1,666503|1,321574|1,843909|0,700985|1,132913|2,585703|0,895317|1,462313|1,501733|
A melhor solução desse PSO é:
15 7 14 19 1 8 22 6 
20 17 23 24 10 4 16 18 
13 0 5 9 3 21 12 11 2 
Quantidade de trocas de:10,000000
Makespan: 293,000000
