1012|732|937|962|1105|845|1018|601|704|766|820|824|1172|852|804|751|771|743|1074|706|634|889|664|809|923|1035|810|685|779|1359|1141|857|882|867|1012|838|663|1023|779|691|973|694|762|717|1168|816|795|1106|1222|767|861|850|915|623|947|904|798|959|1043|1116|827|1003|807|1139|1256|654|750|846|907|1035|751|909|890|1370|941|807|1040|1090|1278|767|778|855|819|1107|972|890|1352|921|958|792|912|889|856|802|1194|968|733|1163|723|1054|848|866|901|1083|1151|1103|785|940|999|1369|689|816|943|999|1037|783|707|759|829|739|1083|835|1156|1210|912|947|850|736|792|863|1064|744|747|761|700|916|919|1222|945|747|819|671|804|880|1187|826|951|544|730|968|710|759|903|816|1139|635|776|1256|889|892|1100|790|868|781|743|643|1375|1273|601|858|756|1068|938|986|735|878|1690|834|931|1130|799|828|738|981|1269|943|897|775|1283|877|901|899|1204|882|878|607|796|618|1034|845|640|1344|805|911|660|925|620|948|675|977|1329|682|820|1175|854|884|1032|1008|775|1235|932|1011|787|959|1111|935|915|721|992|1005|713|1008|608|760|1189|1063|1099|1003|934|679|694|930|877|687|970|1104|1126|690|781|967
514|396|485|492|481|424|434|418|440|396|399|423|424|436|450|525|414|490|414|484|483|438|414|462|470|417|478|447|490|480|414|414|395|396|414|424|399|422|489|413|464|498|396|465|475|414|396|424|424|414|495|451|455|474|414|459|395|476|396|414|418|510|438|464|443|423|470|451|479|423|429|492|446|450|396|494|457|414|396|483|396|424|417|396|480|474|395|399|396|396|510|424|436|538|396|414|512|396|496|424|395|481|414|465|442|396|459|447|453|421|416|401|465|414|424|424|396|414|450|424|492|424|441|396|414|423|469|447|459|414|414|442|424|447|447|474|458|461|395|420|423|436|414|490|450|424|407|461|453|414|438|414|414|423|399|396|445|451|445|414|424|423|414|418|456|416|396|443|396|467|467|414|447|467|424|396|414|423|437|421|505|450|429|447|396|446|424|473|465|414|445|417|451|504|480|416|441|451|487|450|423|438|459|414|424|422|396|475|414|405|396|457|399|418|472|520|464|509|474|423|459|402|469|448|438|450|478|414|526|417|492|414|461|418|436|414|467|429|436|396|396|423|399|468|479|448|416|418|396|399
Iteração que foi encontrado o Melhor Global: 799
Quantas vezes o Melhor Global foi alterado (Lembrando que a verificação na inicialização acumula nesse contador): 10
Particula Inicial do melhor global:
0,189096|2,036972|2,051621|2,910613|0,998750|2,258520|2,558486|2,578462|2,434834|1,197357|0,396030|0,755834|0,490760|2,844000|1,431960|2,021616|1,392110|2,131714|0,737756|1,381475|0,463113|1,863854|0,504682|1,310655|1,737224|
Particula Final do melhor global:
1,504681|1,261490|0,688712|2,326254|1,985347|1,007984|1,164925|2,119813|0,566893|2,093049|0,608405|2,803576|2,641921|0,320813|1,863702|2,395328|0,973545|2,393902|0,430225|2,910219|0,972754|1,672044|1,756219|2,312628|1,306077|
A melhor solução desse PSO é:
13 18 8 10 2 20 16 
5 6 1 24 0 21 22 14 4 
9 7 23 3 17 15 12 11 19 
Quantidade de trocas de:2,000000
Makespan: 395,000000
