1332|1342|1857|1155|1051|1186|1170|1096|1365|1236|1314|1565|1416|1072|1538|1530|1643|1639|1052|1768|1064|1644|1160|1531|1424|1707|1511|1638|1346|1595|1295|1314|1518|1535|1318|1117|1211|1439|1116|1325|1351|1346|1536|1376|1505|1465|1532|1554|1360|1173|1045|1291|1323|1378|1432|1414|1110|1549|1425|1102|1248|992|1172|1804|1498|1383|881|1197|1404|1257|1466|1238|1033|1266|1518|1720|1245|1276|1728|1194|1668|1563|1231|1282|1224|1540|1780|1195|1518|1168|1288|1132|1575|1232|1522|1353|1231|1187|1081|1453|1538|1306|1580|1345|1162|1130|1311|1306|1267|993|1219|1328|1564|1321|1202|1629|1077|1556|1175|1136|1256|1146|1280|1182|1005|1387|1551|1268|1179|1694|1952|1338|1656|1290|1394|1528|1296|1250|1255|1101|1312|1328|1539|1367|1161|1002|1174|1287|1410|1124|1421|1551|1673|1420|1258|1149|1180|945|1214|1066|1183|1498|1034|1009|1135|1543|1417|1444|1219|1193|2029|1574|1452|1183|1073|1994|1358|1546|1646|1440|1033|1270|1115|1057|1044|1155|1583|1483|1220|1309|1618|1233|1487|1198|1423|1093|1828|1041|1318|1205|1423|1276|1424|1227|1397|1736|1168|1423|1214|1169|1267|1266|1184|1063|1419|1458|1177|1335|1290|1440|1307|1401|1185|1090|1294|1228|2097|1442|1271|1526|1697|1550|1139|1766|1043|1179|1141|1663|1531|1338|1846|1348|1455|1372|1608|1225|1243|1294|1554|1120
621|672|781|696|621|763|644|688|621|796|737|727|646|726|704|656|690|707|638|621|621|621|687|615|585|621|691|674|621|717|686|779|756|640|621|649|750|716|720|799|747|686|623|585|683|646|642|751|725|706|649|683|683|689|771|621|717|688|762|646|621|689|621|711|649|688|753|776|800|674|648|672|719|708|866|814|685|765|682|649|785|621|646|799|621|621|649|717|749|674|621|674|623|646|720|689|699|640|740|706|672|640|738|674|793|745|621|627|765|621|621|649|638|689|680|649|685|716|750|730|699|716|725|649|707|621|864|742|680|689|771|699|690|765|800|646|717|778|649|814|858|742|713|621|682|615|708|640|689|682|775|674|693|685|658|621|655|585|681|717|709|841|691|672|674|621|722|640|694|649|723|717|773|640|795|773|630|682|799|717|710|627|723|649|649|621|649|796|638|781|714|646|656|742|621|808|766|716|699|649|761|751|623|656|623|721|621|682|621|621|731|761|746|621|731|740|646|649|621|681|656|625|646|621|710|640|646|646|640|723|621|752|649|642|621|797|674|646|681|792|678|718|756|726|680|717|655|846|621|585
Iteração que foi encontrado o Melhor Global: 417
Quantas vezes o Melhor Global foi alterado (Lembrando que a verificação na inicialização acumula nesse contador): 20
Particula Inicial do melhor global:
1,113060|0,141800|1,468092|1,371561|1,544067|1,991085|0,922787|1,112357|1,495513|1,236619|1,312256|0,858717|0,446487|1,246570|0,817319|0,335342|0,034081|1,213267|1,154304|0,319492|0,865208|1,609185|1,780254|1,706035|1,077613|
Particula Final do melhor global:
1,097948|1,990171|1,876760|0,437803|1,337965|0,498859|0,816987|1,528239|1,467802|1,558815|0,666453|1,203412|0,089968|1,798712|0,811266|0,458215|1,117801|0,476995|0,207382|0,799261|0,507215|1,552605|1,083855|0,962105|1,915037|
A melhor solução desse PSO é:
12 18 3 15 17 5 20 10 19 14 6 23 
22 0 16 11 4 8 7 21 9 13 2 24 1 
Quantidade de trocas de:7,000000
Makespan: 585,000000
