2202|1649|1535|1276|1653|1935|1775|1822|2463|1494|1664|2032|1497|1334|1548|2350|1810|1777|1248|1702|1496|1552|1554|2130|1602|1585|1599|1627|1448|1410|1684|1756|1697|1518|1490|1468|2080|1635|1545|1844|1508|1873|1623|1601|1136|1620|1618|1555|1845|1663|1874|1559|1927|1542|1325|1703|1657|1716|1998|2080|1345|1662|1983|1706|1834|1630|1623|1542|1416|1625|1879|1511|1416|1528|1821|1630|1537|1684|1230|2194|1850|2080|1846|1601|1338|1488|1319|1358|1813|1331|1674|1780|1453|1415|1655|1720|1406|1500|1430|1419|2196|1352|1994|1395|1818|2146|1653|1883|1558|1950|1729|1496|1748|1491|1430|2031|1916|2261|1542|1324|1813|1581|1930|1588|1571|1416|1963|1554|1359|1612|1666|1773|2168|1638|1483|1535|1316|1649|1211|1644|1633|1519|1393|1727|1397|1862|1527|2412|1508|2107|1677|1428|1556|1553|1827|1873|1679|1818|1504|1428|2051|2191|2039|1403|1344|1450|1758|1615|1714|1751|1342|1663|1824|1598|1897|2026|1834|1548|1938|1753|2016|1787|1707|1459|1352|1584|1467|1806|1468|1588|1516|1741|1509|1819|1683|1669|1664|1550|1494|1793|1863|2195|2119|1247|1738|1538|1857|1573|1790|1559|1473|1581|1355|1581|1621|1876|1602|1496|1471|1616|2054|1674|1351|1845|1430|1526|1518|1517|1741|1688|1586|1727|1539|1906|1435|1413|1645|2083|1490|1391|1429|1675|1918|1552|2000|1782|1753|1394|1673|1523
1009|946|946|1026|1024|973|1008|1046|988|846|912|837|1029|986|1071|992|846|1044|991|954|952|962|1058|1034|1015|846|846|1030|975|968|1013|978|995|1005|902|1062|1028|917|978|1013|975|980|955|1081|979|1018|971|1029|942|951|1040|1046|946|942|1021|1021|1049|979|887|946|978|1007|992|978|982|997|942|946|971|1013|1056|1049|953|1022|841|1006|1070|946|1003|946|1079|1023|1005|1029|969|994|1002|1004|1009|1105|980|1009|995|987|985|985|1086|946|942|1027|946|946|946|1014|846|987|946|942|1054|1045|1085|946|946|1059|1055|928|1016|946|968|1005|1021|837|1079|846|1005|988|1025|1046|1052|946|1118|1025|913|1068|946|880|969|1099|1014|1011|970|946|1054|1018|1008|917|1044|946|947|917|946|942|975|946|1072|1024|980|946|1034|1022|1013|946|1058|946|1047|1036|1014|1016|913|994|1080|946|946|846|1039|962|979|1058|963|1114|1000|946|1009|946|1002|1018|991|841|1047|925|1141|946|1070|946|1005|975|1058|946|1013|841|946|1009|946|1148|911|1049|1061|985|854|995|988|908|1024|946|846|1038|1034|841|946|1011|908|993|968|1009|1015|1104|841|983|1067|1040|1071|846|1009|946|1081|837|988|946|1046|983|1119|1051|1027|1040|1038|946|942|1013|1012|984
Iteração que foi encontrado o Melhor Global: 749
Quantas vezes o Melhor Global foi alterado (Lembrando que a verificação na inicialização acumula nesse contador): 10
Particula Inicial do melhor global:
0,021376|0,653384|0,691868|0,341012|0,169039|1,507559|0,821134|0,554338|1,240478|1,638627|1,934902|0,909745|1,465177|1,383477|1,580658|1,094813|0,247228|0,987342|1,646943|0,346049|1,059097|1,495551|1,238483|1,360186|0,596578|
Particula Final do melhor global:
1,536259|1,901095|1,043692|0,932426|0,131141|0,481634|1,317895|0,767138|1,158214|1,062216|0,271473|1,125363|1,014768|0,226640|1,576633|1,511401|0,046082|0,248652|1,253802|1,849859|0,127680|0,384470|1,765403|1,081163|0,023832|
A melhor solução desse PSO é:
24 16 20 4 13 17 10 21 5 7 3 
12 2 9 23 11 8 18 6 15 0 14 22 19 1 
Quantidade de trocas de:12,000000
Makespan: 837,000000
