384|479|427|404|641|553|412|471|467|637|434|404|478|465|510|732|501|462|458|649|526|553|600|530|405|451|544|526|446|632|539|489|586|475|569|708|423|596|571|560|495|505|612|666|571|740|467|633|540|590|382|468|443|557|586|474|536|465|663|689|530|487|417|676|449|425|476|529|564|446|499|490|458|570|475|439|580|817|493|479|467|656|528|503|432|451|484|537|628|634|575|554|505|605|526|495|422|737|427|677|632|394|490|523|501|605|556|514|813|548|534|499|439|555|535|406|693|503|420|697|580|555|554|444|434|572|516|605|518|408|503|693|679|402|478|506|507|437|565|596|456|558|427|650|545|486|462|445|642|433|586|659|467|601|513|543|551|498|454|636|525|452|555|490|489|425|443|670|533|564|534|551|501|528|386|553|458|655|568|611|562|471|659|613|573|693|444|558|523|581|840|518|391|452|488|478|419|568|399|552|411|386|651|589|653|497|538|547|503|450|471|488|728|449|472|485|529|488|533|551|602|513|396|577|625|620|642|485|482|458|637|432|543|612|396|687|525|661|494|455|419|586|558|471|396|569|513|546|489|573
282|292|282|282|332|329|292|301|327|305|327|311|312|292|292|292|340|356|292|309|338|336|304|322|326|322|326|299|315|329|334|338|292|282|295|282|325|322|282|327|328|292|317|282|318|332|292|320|310|316|293|304|340|343|282|315|315|308|292|335|306|292|311|324|331|292|321|282|319|282|306|303|324|315|326|306|295|322|282|313|329|322|306|311|308|344|333|289|308|282|282|346|318|341|289|292|292|321|319|301|282|310|282|322|303|317|312|282|282|320|282|282|337|282|282|319|339|282|338|326|321|303|282|302|333|282|304|333|337|303|306|297|311|341|292|314|292|308|323|323|325|282|325|341|289|326|303|305|307|322|307|282|294|329|297|301|313|313|282|346|310|282|307|320|321|326|320|282|307|308|303|325|302|329|301|315|306|328|351|340|320|319|318|330|320|309|287|311|310|319|332|325|321|339|324|306|292|282|282|282|308|340|318|289|337|316|282|298|312|307|320|320|319|292|327|301|330|309|315|329|332|326|345|292|334|322|347|339|308|334|311|324|306|316|292|350|282|331|323|303|349|316|295|292|282|320|305|303|292|308
Iteração que foi encontrado o Melhor Global: 146
Quantas vezes o Melhor Global foi alterado (Lembrando que a verificação na inicialização acumula nesse contador): 11
Particula Inicial do melhor global:
2,435858|2,673588|1,554273|0,148231|1,840774|1,191681|2,212287|1,138368|1,836048|0,588580|0,148824|2,903659|1,689853|2,183275|2,989502|0,312241|2,448691|0,569000|2,395629|1,797441|1,985661|2,210140|0,284549|1,893470|1,032059|
Particula Final do melhor global:
0,130418|1,366056|1,652046|1,738674|2,449122|1,772415|1,599785|0,933692|0,017553|1,070391|1,232949|2,140627|2,108745|0,243878|0,744023|2,795991|2,275355|1,230728|0,743914|1,853206|2,405104|0,251488|0,285489|0,451926|2,918809|
A melhor solução desse PSO é:
8 0 13 21 22 23 18 14 7 
9 17 10 1 6 2 3 5 19 
12 11 16 20 4 15 24 
Quantidade de trocas de:2,000000
Makespan: 282,000000
