490|610|1104|869|658|562|801|657|837|833|683|1299|645|753|843|1126|823|588|668|742|907|1045|614|772|685|580|719|939|905|920|566|565|929|681|538|639|1211|584|1020|534|741|677|680|842|885|676|527|855|710|639|756|845|648|1226|787|625|876|824|808|766|840|751|797|700|649|838|928|713|697|781|895|1076|1106|1068|995|660|827|692|673|737|543|958|859|746|744|647|972|722|841|665|621|678|800|665|1106|690|832|584|853|821|805|655|735|830|1083|652|1046|577|628|1031|800|603|1036|659|665|545|598|895|1220|762|685|579|810|881|691|928|666|1106|724|802|694|702|762|986|829|1020|745|748|900|624|1101|621|732|958|789|591|1016|1026|783|641|828|773|689|1051|584|935|649|804|905|818|757|811|780|766|845|816|1026|839|610|564|859|1286|887|888|909|658|754|654|897|654|793|647|1175|650|744|736|933|763|568|617|1118|861|671|831|725|878|760|540|1064|1107|624|682|1107|758|591|885|676|654|632|794|696|893|825|1109|746|627|717|949|963|743|593|693|657|820|1157|864|549|772|628|1314|880|647|620|709|649|814|753|636|601|571|858|795|652|586|718|696|854|609|806|1089
326|387|389|326|448|348|377|341|362|326|390|367|326|383|421|326|326|409|326|326|373|390|413|373|406|326|363|393|407|326|326|390|461|382|341|326|326|326|348|326|326|326|396|364|378|326|364|369|326|342|413|381|326|326|348|377|445|379|457|326|407|326|372|372|379|362|372|423|407|382|425|326|389|326|326|326|372|417|326|326|348|359|365|383|326|390|326|326|377|326|326|372|391|326|326|385|326|413|411|397|326|375|416|377|429|365|326|443|326|326|326|371|326|413|326|333|403|372|326|411|419|326|401|355|417|326|326|386|326|326|436|412|333|397|326|405|398|326|383|364|426|326|326|397|326|326|393|326|398|326|409|372|379|341|472|362|393|326|371|467|396|397|401|326|371|326|326|348|379|348|382|401|434|411|326|356|395|369|326|387|476|326|326|425|378|367|420|382|406|326|391|426|342|326|352|348|326|441|326|326|326|326|326|326|326|402|367|420|402|385|326|326|438|326|371|326|375|400|379|383|326|408|393|348|402|367|386|415|462|326|448|409|326|373|401|331|371|326|424|326|348|389|438|326|348|376|438|373|355|348
Iteração que foi encontrado o Melhor Global: 303
Quantas vezes o Melhor Global foi alterado (Lembrando que a verificação na inicialização acumula nesse contador): 13
Particula Inicial do melhor global:
1,027134|0,379378|0,986331|1,992151|2,617103|0,172300|1,052759|2,991454|2,045483|2,153368|2,944462|1,800254|2,023353|2,764736|1,768218|1,900428|0,501455|2,630034|0,740197|0,330337|1,670797|0,272197|1,960472|1,704861|0,531313|
Particula Final do melhor global:
2,417356|2,855806|2,403444|2,753483|2,436041|2,419342|2,557209|0,961376|0,460507|2,736921|1,666440|1,131065|0,332382|0,822508|2,016626|0,273864|1,167833|2,647572|1,489643|2,858733|1,503473|0,571960|0,280690|0,712425|1,540533|
A melhor solução desse PSO é:
15 22 12 8 21 23 13 7 
11 16 18 20 24 10 
14 2 0 5 4 6 17 9 3 1 19 
Quantidade de trocas de:1,000000
Makespan: 326,000000
