882|650|984|948|924|891|852|965|825|1064|1230|710|845|916|644|890|987|1140|933|1040|671|559|719|848|909|840|1023|656|873|564|513|707|733|825|592|1015|1142|1064|688|686|604|540|518|838|568|613|972|689|853|922|741|763|721|653|640|568|1044|866|809|676|830|631|837|1268|635|805|819|765|797|802|816|960|815|701|666|1188|890|691|869|840|710|1139|718|947|590|777|784|797|696|625|771|639|615|683|937|741|742|613|740|820|604|669|580|793|784|644|638|620|832|599|718|1064|614|652|645|832|603|877|817|698|609|947|553|791|698|731|675|809|626|742|746|727|717|891|700|634|891|1248|860|704|670|906|770|540|908|674|1067|741|715|690|622|743|509|1350|848|799|742|617|668|919|1076|786|1180|736|813|865|879|808|1044|681|708|1079|708|790|630|663|671|996|743|957|755|657|871|566|848|868|557|823|826|740|958|749|563|610|649|825|651|731|908|686|1042|640|1016|909|1001|947|648|526|709|836|841|730|750|646|1078|1037|943|873|757|747|564|788|855|857|862|573|639|1018|728|805|866|780|925|1021|740|875|777|703|625|1068|796|689|599|855|833|740|653|502|694|629
380|392|346|358|405|346|455|398|412|346|371|412|323|364|415|370|334|409|383|323|346|346|397|346|389|346|381|323|323|323|413|334|358|346|323|346|346|334|380|323|378|406|323|346|349|346|374|323|323|358|365|470|346|396|346|384|374|323|386|383|378|401|427|323|405|418|420|387|323|323|323|361|346|375|350|357|323|346|323|404|323|358|419|355|381|346|346|383|414|346|323|323|358|323|346|346|323|433|323|389|346|346|348|358|358|395|323|365|414|358|361|346|330|323|390|323|389|323|346|323|346|346|346|323|323|346|416|323|323|346|346|323|358|367|346|423|375|346|358|364|323|359|404|387|427|365|352|358|362|346|364|346|448|391|403|387|358|346|347|358|418|387|330|358|414|346|427|418|323|330|358|424|348|378|358|323|357|347|394|332|360|346|392|445|377|433|323|374|346|358|361|358|323|346|455|346|362|377|323|339|392|379|346|387|396|386|347|323|346|358|334|408|346|371|380|395|323|346|346|381|387|323|348|358|346|362|434|378|348|346|346|368|410|346|397|404|346|393|346|323|334|348|443|323|407|439|346|323|346|391
Iteração que foi encontrado o Melhor Global: 293
Quantas vezes o Melhor Global foi alterado (Lembrando que a verificação na inicialização acumula nesse contador): 11
Particula Inicial do melhor global:
1,091319|2,630118|0,015799|2,043429|2,677181|2,951272|1,366736|1,627072|0,694458|0,223834|0,265138|1,442068|1,192886|0,842149|1,697176|2,510226|0,778311|1,620814|1,888353|0,772948|0,976687|2,874180|2,289701|0,701798|0,242749|
Particula Final do melhor global:
2,163575|2,764906|0,522410|0,561005|2,648059|2,906082|0,850403|0,370669|2,521011|0,528641|2,241793|0,766817|1,708410|2,071504|2,745135|1,764803|2,661083|0,791115|2,164743|0,451146|1,891559|1,266348|1,833346|1,273393|0,443291|
A melhor solução desse PSO é:
7 24 19 2 9 3 11 17 6 
21 23 12 15 22 20 
13 0 18 10 8 4 16 14 1 5 
Quantidade de trocas de:1,000000
Makespan: 323,000000
