1023|821|789|633|1234|682|620|1028|647|879|653|550|434|574|593|566|1012|599|875|835|405|766|875|677|656|768|811|738|508|961|981|909|587|704|503|854|459|509|435|576|1072|606|669|740|470|901|633|522|772|519|555|784|564|543|684|717|999|647|635|554|877|507|548|450|638|518|617|529|462|488|560|585|948|490|721|536|403|553|554|437|809|578|562|629|843|478|499|581|566|700|697|684|606|763|567|855|630|601|617|563|674|686|756|821|717|796|612|611|593|542|650|537|404|724|406|693|610|833|825|524|414|847|619|1170|702|586|638|685|642|728|700|595|601|638|393|628|1167|433|577|879|503|508|463|890|587|624|413|891|1208|746|703|682|1093|698|578|474|620|637|577|589|954|507|737|694|724|851|900|669|787|609|739|1091|737|459|411|738|474|647|1138|579|868|557|607|478|448|844|1124|742|971|523|896|546|964|770|756|665|764|547|720|1055|525|792|666|398|630|522|442|512|652|755|1097|538|599|832|594|836|830|723|489|706|639|491|632|409|537|635|554|703|539|913|575|573|462|490|646|937|802|511|634|664|697|643|483|745|607|604|424|687|594|492
254|268|266|227|259|249|283|259|249|252|228|230|231|238|315|291|269|232|325|250|254|266|230|228|239|268|286|231|246|233|270|308|322|249|264|223|274|288|346|352|324|274|253|330|230|320|304|271|262|226|223|300|223|317|230|223|315|293|223|271|250|310|258|318|288|338|287|321|250|295|223|249|223|235|309|248|264|281|300|281|230|274|235|250|245|230|297|230|283|227|285|283|285|300|349|280|248|254|280|309|309|310|230|329|252|305|242|255|256|272|290|244|303|283|239|226|264|223|233|297|287|248|226|266|235|276|282|228|314|301|269|315|234|290|230|255|343|314|304|250|230|292|230|277|268|294|304|293|275|258|259|265|304|232|293|306|233|223|299|293|252|263|254|262|255|331|327|252|250|255|258|254|323|284|223|277|223|223|286|297|262|224|313|223|318|239|250|273|278|258|271|266|246|233|223|223|223|258|254|289|241|294|239|311|303|237|253|254|250|275|223|225|236|249|240|230|268|240|264|249|316|314|283|266|262|250|282|293|285|254|303|250|228|239|233|301|243|253|274|238|225|285|247|252|233|226|291|230|302|289
Iteração que foi encontrado o Melhor Global: 477
Quantas vezes o Melhor Global foi alterado (Lembrando que a verificação na inicialização acumula nesse contador): 13
Particula Inicial do melhor global:
0,843010|2,874286|3,461727|3,413538|0,912997|0,687372|2,732771|1,993319|0,666238|0,977027|2,499691|2,200753|2,536326|2,349549|3,457913|3,862456|0,498865|1,300242|3,011452|2,533000|2,265907|0,237194|1,995786|0,820912|2,055480|
Particula Final do melhor global:
3,511223|0,949402|1,949781|0,225731|3,286468|0,827989|1,859391|2,315669|3,714935|2,830978|1,918491|2,340288|1,221251|0,797660|2,631011|2,061794|3,801487|3,200997|1,019690|1,240967|0,540704|1,735528|3,478639|2,732969|3,326014|
A melhor solução desse PSO é:
3 20 13 5 1 
18 12 19 21 6 10 2 
15 7 11 14 23 9 
17 4 24 22 0 8 16 
Quantidade de trocas de:1,000000
Makespan: 223,000000
