1751|1633|1539|1344|1822|1778|1239|1423|1548|1699|1897|2013|1388|1269|1710|1350|1435|1686|1691|1681|1769|1662|1661|2091|1615|1687|1642|1865|1441|2144|1799|1657|1690|1803|2119|1381|1672|1758|1930|1762|1706|1413|1320|1427|1778|2404|1626|1968|1510|1451|1274|1714|1648|1518|2312|1724|1582|1470|1496|1662|1546|1827|1473|1327|1649|1569|1742|1307|1526|1554|2357|1730|1606|1336|1460|1439|1627|1521|2549|1456|1626|1696|1909|1526|1537|1405|1451|1419|1943|1663|1693|1558|1509|1525|1723|1874|1527|1460|1433|1365|1682|1361|1360|1742|1609|1971|1944|1515|1366|1515|1813|1482|1698|1384|1574|1663|1609|1640|1962|1422|1838|1863|1542|1635|1413|1861|1401|1650|1405|1768|2035|1182|1444|1468|1393|1940|1469|1375|1408|1981|1463|1936|1634|1670|1756|1799|2017|1340|1722|1643|1809|1503|1405|1883|1617|1492|1528|2418|1552|1594|1207|1855|1378|1477|1505|1782|1716|1923|1570|1709|1315|2153|1513|1952|1708|2507|1378|1830|1602|1402|1426|1618|1387|1639|1675|1823|1673|1741|1526|1992|1638|2189|1719|1448|1964|1680|1793|2176|1372|1693|1365|1787|1530|1504|1571|1434|1509|1494|2069|1904|1713|1832|2140|1387|1467|1831|1513|1564|1759|1782|1415|1939|1604|2272|1556|1688|1469|1955|1508|1718|1506|1377|1392|1974|1723|1952|1671|1501|1626|1649|1639|1728|2358|1535|1671|1456|1944|1909|1396|1296
878|1010|1046|878|1012|1028|878|1050|1000|878|878|934|900|878|878|878|1031|1010|878|878|934|878|1031|1015|1008|878|878|878|987|912|1074|897|878|1015|982|1012|1035|964|878|1012|934|878|945|909|1031|1079|1004|946|1019|878|1012|1012|938|986|878|924|1059|1055|1084|941|1012|1052|878|975|995|963|978|993|945|1021|976|959|909|986|878|984|878|1012|936|1010|878|912|880|878|941|1011|964|997|991|960|943|878|967|1016|1045|909|1051|945|1053|878|878|1010|878|982|1020|846|878|878|878|978|1031|1027|1012|878|878|1117|979|1014|878|1017|1132|943|968|1005|878|1012|986|878|1045|1012|982|909|1016|980|1054|1077|960|1079|943|1010|918|878|1017|878|1031|878|979|1011|1003|979|1012|1074|878|1012|878|1012|878|878|1063|943|1140|969|997|1012|986|976|943|943|990|1035|909|997|943|1093|1021|883|878|1027|878|897|878|1031|1049|878|1059|930|945|880|878|878|878|945|948|991|1026|1072|1056|1012|878|878|983|878|878|945|934|878|1012|909|878|878|1025|878|912|878|1079|878|945|1035|1010|909|878|1012|1037|911|975|967|878|979|878|878|973|1003|1045|1013|952|945|878|965|882|1012|945|953|878|945|878|997|946|1006|878|1024
Iteração que foi encontrado o Melhor Global: 982
Quantas vezes o Melhor Global foi alterado (Lembrando que a verificação na inicialização acumula nesse contador): 9
Particula Inicial do melhor global:
0,744267|0,213081|0,026943|0,474431|0,779068|1,409452|0,411271|0,612209|0,186272|1,845814|1,707640|0,874298|1,483840|0,369460|0,431094|0,349523|0,880585|0,858224|1,528254|1,868519|0,789350|1,833822|0,258171|0,596673|1,746428|
Particula Final do melhor global:
1,816292|1,705892|0,269868|1,291327|0,712587|1,206182|1,112532|1,531704|1,576468|1,180867|0,558194|0,161889|0,175323|0,565032|1,654752|1,672652|0,547505|0,761811|0,353004|1,701843|0,523291|1,378703|1,295340|0,778835|0,571148|
A melhor solução desse PSO é:
11 12 2 18 20 16 10 13 24 4 17 23 
6 9 5 3 22 21 7 8 14 15 19 1 0 
Quantidade de trocas de:13,000000
Makespan: 846,000000
