730|624|772|413|928|1031|1228|788|635|625|512|687|608|579|728|628|696|517|537|756|488|536|671|825|684|555|689|841|1052|528|575|621|633|609|553|363|575|569|664|756|516|697|908|494|1005|575|704|613|666|618|623|709|646|758|566|643|578|997|767|503|469|681|438|526|549|622|661|583|597|932|710|555|631|609|885|458|481|660|476|503|780|709|577|529|643|856|571|499|919|642|549|523|483|737|559|665|538|634|595|1266|1146|621|732|586|503|599|586|698|521|971|626|544|709|538|666|562|460|696|474|576|632|586|485|514|762|851|718|567|725|719|472|524|587|674|657|966|573|792|672|507|395|640|558|584|695|839|1008|438|856|742|639|469|787|555|579|828|596|845|697|701|722|664|795|606|655|916|500|451|561|683|1083|478|547|882|595|543|693|520|468|592|633|635|791|570|539|487|662|670|642|660|618|520|952|744|626|748|1009|622|994|658|446|625|481|724|640|671|479|611|489|562|457|522|639|633|672|608|493|585|690|701|708|521|422|469|599|496|697|521|561|518|726|467|800|691|541|498|953|792|878|602|559|819|633|551|569|519|580|785|380|667
287|316|287|275|293|294|289|322|307|322|252|286|330|309|318|341|292|278|280|285|321|313|318|317|282|329|228|281|283|294|263|293|271|300|263|306|280|324|324|330|287|301|275|258|307|244|281|299|291|274|293|300|341|292|250|256|340|321|297|278|223|308|277|317|285|290|321|270|330|287|323|306|287|306|308|318|335|300|306|305|291|286|289|271|314|308|287|325|292|300|292|318|278|329|277|292|246|277|276|309|268|292|288|302|334|284|280|315|310|308|252|306|327|305|295|278|306|251|295|328|312|278|223|285|346|348|324|306|317|285|257|308|289|325|255|267|310|308|292|308|291|279|319|346|302|297|300|296|243|258|285|293|275|297|311|274|309|214|278|335|287|321|284|332|314|303|325|302|276|298|328|348|302|301|306|267|258|298|326|286|270|292|292|250|331|270|297|296|310|277|275|276|263|315|320|302|274|268|290|321|282|301|290|334|291|318|332|268|318|270|318|228|306|320|288|259|275|299|302|300|323|330|323|235|290|289|282|261|285|327|294|258|278|312|315|260|308|345|309|316|332|273|281|309|316|284|303|300|307|308
Iteração que foi encontrado o Melhor Global: 996
Quantas vezes o Melhor Global foi alterado (Lembrando que a verificação na inicialização acumula nesse contador): 14
Particula Inicial do melhor global:
1,403258|2,103702|2,825519|1,642115|2,453078|2,094720|2,754632|3,799296|2,325368|0,836993|3,174877|2,363686|3,968490|1,457833|0,714835|2,241526|0,193524|0,728810|2,499906|0,002355|1,961413|1,388080|2,842315|0,708593|2,980862|
Particula Final do melhor global:
2,276443|3,756739|1,356014|0,762876|2,011924|3,233024|1,717782|0,762413|2,820244|0,303168|0,486369|2,207674|3,096810|2,759118|0,957901|1,124872|0,921653|1,642049|2,132653|0,856685|3,377893|1,613111|1,451670|3,291165|1,768646|
A melhor solução desse PSO é:
9 10 7 3 19 16 14 
15 2 22 21 17 6 24 
4 18 11 0 13 8 
12 5 23 20 1 
Quantidade de trocas de:0,000000
Makespan: 214,000000
