739|683|704|505|673|392|366|457|516|533|724|736|742|356|698|359|649|367|641|696|444|870|463|363|403|712|436|384|467|450|635|522|594|529|683|688|442|516|543|595|587|468|430|700|360|390|413|723|464|569|507|449|517|647|376|415|631|776|311|541|381|495|519|448|496|439|526|412|655|638|568|559|468|452|590|481|507|481|496|497|617|465|525|495|402|710|583|617|623|436|426|549|413|683|551|614|688|492|719|580|382|800|567|590|550|589|482|560|585|610|408|453|740|436|607|507|637|400|427|387|912|438|436|484|389|662|459|636|369|548|656|552|510|517|473|643|551|509|632|658|641|428|584|676|610|504|487|592|519|436|459|540|488|439|469|678|345|353|890|609|433|560|450|603|723|453|385|604|553|453|446|665|610|361|430|828|473|479|437|513|556|505|499|659|624|397|500|395|519|526|561|379|574|586|429|566|453|704|567|522|767|463|785|484|540|357|508|539|456|380|728|771|910|540|714|338|538|534|529|307|370|586|511|577|902|749|538|407|689|585|590|481|395|426|532|392|499|459|426|602|439|509|613|446|508|475|921|383|543|447
199|185|229|282|263|201|245|209|175|200|271|275|221|269|249|175|239|251|175|232|176|216|210|228|277|213|247|230|175|272|247|186|187|234|237|186|238|180|212|260|196|210|253|272|234|269|261|221|250|243|296|223|177|272|204|241|200|200|210|225|285|199|190|246|175|185|190|200|279|175|234|258|217|259|268|229|248|218|175|251|175|259|237|289|175|249|261|235|239|207|191|219|286|253|175|210|200|250|200|175|175|192|230|207|209|197|184|233|257|247|276|188|187|221|232|281|217|175|180|220|175|244|233|236|247|180|184|217|208|280|252|193|274|200|216|258|273|175|234|274|253|200|237|247|286|176|239|180|284|175|249|178|175|242|208|297|176|230|181|249|210|202|237|205|199|197|211|268|208|175|180|229|223|213|282|286|236|175|236|252|203|252|258|209|175|217|235|239|221|278|184|272|220|188|247|236|209|202|200|204|216|260|213|211|175|260|210|203|267|187|206|253|259|264|216|230|251|235|240|175|249|252|235|228|192|175|275|263|258|213|177|276|240|175|249|175|258|222|218|176|272|285|200|199|213|235|250|210|209|200
Iteração que foi encontrado o Melhor Global: 578
Quantas vezes o Melhor Global foi alterado (Lembrando que a verificação na inicialização acumula nesse contador): 21
Particula Inicial do melhor global:
3,497471|2,182735|3,611582|1,275918|2,137536|0,710886|2,756310|2,148121|3,946159|3,082424|0,023005|3,159888|1,344285|1,508996|3,107760|0,814870|3,562310|3,708229|3,007455|2,467411|1,233863|2,969870|2,459864|0,040801|0,025640|
Particula Final do melhor global:
2,626452|0,744278|2,196112|3,014734|2,541595|0,915878|1,213783|2,504956|1,559253|2,787823|0,829817|1,465446|3,403819|3,376336|3,234380|3,461581|0,402701|1,077956|0,612503|2,018930|0,343208|3,693638|3,099291|3,499448|2,286876|
A melhor solução desse PSO é:
20 16 18 1 10 5 
17 6 11 8 
19 2 24 7 4 0 9 
3 22 14 13 12 15 23 21 
Quantidade de trocas de:0,000000
Makespan: 175,000000
