371|269|318|531|722|657|417|340|664|770|281|345|587|447|440|344|543|358|673|346|599|589|627|693|359|633|576|700|447|379|313|580|397|426|425|549|382|578|653|397|546|542|633|443|540|432|577|547|311|442|483|362|328|426|459|410|580|696|389|399|445|550|396|410|357|588|405|534|433|697|569|512|368|516|524|527|390|480|485|617|513|429|466|403|637|473|533|367|618|524|482|573|616|627|609|494|427|402|417|551|526|458|567|470|524|510|411|497|446|736|360|342|621|406|542|625|400|331|599|344|519|503|412|289|548|644|664|361|384|335|389|421|301|433|587|511|814|352|444|620|592|363|514|628|552|387|485|480|572|525|462|341|307|346|623|472|376|637|412|492|682|471|452|386|462|626|600|881|560|407|480|604|330|290|443|529|512|437|329|416|508|374|328|474|486|457|451|376|426|811|717|464|526|585|483|295|631|625|938|427|387|404|359|450|463|294|659|339|664|410|724|495|404|455|645|672|667|513|449|460|411|306|451|400|477|295|467|378|339|420|424|406|575|510|664|677|526|542|588|439|472|355|562|489|505|438|377|341|465|673
176|151|190|253|249|232|158|151|220|225|212|222|193|209|204|251|220|248|179|179|182|172|179|203|173|199|228|200|213|151|164|206|153|217|195|197|231|151|172|229|180|232|219|150|218|225|198|203|203|203|234|225|177|151|195|197|174|203|171|204|201|151|221|228|229|210|206|189|205|156|198|150|238|160|214|227|151|245|177|231|173|236|204|228|221|229|158|187|183|151|168|241|204|174|151|243|229|151|172|153|233|172|227|150|158|214|229|168|151|150|171|184|189|214|181|208|227|153|206|213|150|177|187|151|202|252|179|218|237|155|245|203|150|179|218|230|195|185|235|208|184|203|223|189|169|179|151|155|150|214|168|230|205|186|193|203|170|151|238|192|207|216|187|237|158|212|256|180|233|216|160|216|158|179|214|220|247|187|151|195|180|207|178|203|210|171|184|192|225|161|229|216|230|209|235|231|192|210|213|197|212|167|255|186|203|165|221|157|188|221|194|218|180|150|199|191|261|165|220|206|220|229|232|199|160|174|206|188|186|176|151|151|155|229|184|244|157|222|207|232|220|235|172|173|182|197|179|193|194|182
Iteração que foi encontrado o Melhor Global: 743
Quantas vezes o Melhor Global foi alterado (Lembrando que a verificação na inicialização acumula nesse contador): 13
Particula Inicial do melhor global:
2,008521|1,156930|1,076261|1,193629|3,067577|0,423350|2,169379|2,303542|3,684353|1,818919|1,680849|0,322614|0,956540|0,900126|3,868065|2,488868|2,841778|1,514999|3,303370|0,095227|1,851326|2,860227|0,133970|1,650405|2,661541|
Particula Final do melhor global:
2,356693|2,543309|0,004329|2,149686|3,188420|3,465549|1,382759|0,351600|0,533849|2,561665|3,787794|1,157315|0,497161|1,875219|2,594006|3,383118|3,635778|3,160908|2,535012|0,139714|3,793441|2,133351|1,612983|1,530930|1,258011|
A melhor solução desse PSO é:
2 19 7 12 8 
11 24 6 23 22 13 
21 3 0 18 1 9 14 
17 4 15 5 16 10 20 
Quantidade de trocas de:0,000000
Makespan: 150,000000
