705|825|992|900|804|681|1157|637|1007|1395|1104|643|638|852|806|845|1013|654|804|972|904|1000|725|986|726|835|685|885|1047|1322|903|794|880|696|852|808|1135|835|1151|808|821|913|629|794|1087|1235|883|721|663|936|759|1504|1442|721|670|944|971|834|754|846|757|1320|649|706|1040|650|679|941|698|1283|669|578|554|849|1021|749|752|1038|847|799|763|760|859|862|807|914|788|719|679|503|963|1097|1278|631|718|736|863|608|648|1068|814|749|953|842|1055|1191|888|1110|1027|1230|868|800|652|988|755|812|960|1122|815|1127|857|1030|676|650|614|757|865|778|967|910|847|975|765|770|762|1036|775|838|1110|590|718|710|848|836|772|868|922|1260|752|570|874|1098|1153|1043|878|782|792|687|837|722|662|924|1023|1336|1330|902|871|841|873|779|1256|748|729|1031|909|973|771|856|666|791|682|787|1193|846|809|690|671|616|1123|1446|752|676|614|601|844|1017|633|612|1461|846|880|833|866|696|734|723|877|1038|781|620|1173|813|740|790|711|860|585|1303|1078|536|663|1019|938|1047|718|927|1573|1280|910|1162|1535|739|997|968|1014|981|1184|893|876|628|705|959|678|902|960|771|823|891|1319|675
433|450|407|438|421|470|475|430|391|452|458|425|491|431|464|431|412|501|420|434|439|435|439|461|488|428|413|449|395|471|388|466|452|452|437|446|384|305|443|455|416|462|474|441|446|468|471|470|418|431|366|426|475|361|471|406|447|395|379|328|479|418|334|428|395|310|401|437|351|421|397|474|471|372|391|452|462|383|389|404|437|446|460|448|409|393|453|477|476|460|450|467|465|370|388|477|441|418|459|418|358|432|323|447|328|386|392|468|392|428|345|453|497|366|415|326|430|433|467|457|448|450|473|433|390|399|421|310|447|425|413|446|462|396|446|491|450|455|425|446|438|442|461|432|408|458|412|482|449|458|480|408|492|393|403|385|453|413|465|485|423|466|305|438|485|421|463|385|408|446|515|441|310|431|411|455|422|431|305|437|448|444|466|469|446|412|461|442|456|385|388|401|381|446|459|447|429|480|426|431|427|370|425|437|453|450|389|388|458|370|370|438|451|454|438|488|451|442|469|444|384|428|420|433|461|390|348|430|487|412|437|407|404|469|443|454|461|446|428|441|504|476|459|462|499|469|431|468|409|477
Iteração que foi encontrado o Melhor Global: 766
Quantas vezes o Melhor Global foi alterado (Lembrando que a verificação na inicialização acumula nesse contador): 13
Particula Inicial do melhor global:
2,121590|1,263675|2,882177|2,414477|2,694187|3,578511|0,426483|2,392327|2,826219|3,119480|0,744951|1,936937|0,664230|3,625867|1,559413|1,966023|3,464397|0,875715|2,027264|1,631840|3,342928|1,439519|2,763596|0,307560|1,106977|
Particula Final do melhor global:
0,236633|1,871003|2,844216|3,598326|0,708341|3,153099|1,128968|3,065650|2,171184|3,806613|1,195703|3,093992|2,899199|2,873398|0,444344|1,428700|0,843683|2,042213|0,333439|1,375260|0,215468|3,728720|2,508338|1,975281|2,166815|
A melhor solução desse PSO é:
20 0 18 14 4 16 
6 10 19 15 1 23 
17 24 8 22 2 13 12 
7 11 5 3 21 9 
Quantidade de trocas de:6,000000
Makespan: 305,000000
