834|507|549|513|446|718|780|491|565|796|535|807|712|518|630|431|526|442|417|731|586|479|663|589|587|533|558|486|397|705|697|688|517|616|410|591|566|453|810|448|509|565|618|411|656|442|690|413|599|808|746|502|426|490|979|510|580|432|887|596|528|666|770|483|554|580|432|761|505|790|603|438|561|553|670|1020|396|454|511|728|560|649|521|407|809|513|634|694|747|530|559|422|543|898|771|568|545|773|702|741|439|777|449|541|554|872|611|784|520|428|490|727|409|427|572|490|934|487|651|594|431|440|729|455|619|480|412|524|466|782|524|428|504|628|708|496|847|843|569|477|406|436|681|618|606|467|344|990|519|505|538|469|610|447|591|454|739|961|483|367|519|762|629|553|788|514|665|570|659|469|521|528|497|426|511|549|536|411|433|522|514|564|591|486|788|465|763|778|474|427|762|442|528|744|671|854|793|683|747|709|522|716|455|703|441|781|516|449|744|569|495|500|610|511|599|674|433|622|570|470|513|636|740|622|755|741|553|393|785|474|508|454|441|421|482|570|559|468|438|519|646|740|565|678|659|492|648|471|442|518
335|317|329|314|263|285|301|238|314|245|299|260|288|237|333|289|238|267|296|297|267|219|284|253|308|258|308|274|219|294|312|321|299|299|289|292|293|316|304|273|305|307|288|313|336|306|318|266|298|294|233|311|238|321|284|241|269|288|293|291|296|282|312|271|283|307|329|286|265|300|281|314|250|237|298|298|308|270|319|300|226|240|286|274|289|288|293|298|298|317|303|219|301|304|219|320|290|262|246|268|298|305|313|303|253|301|294|266|251|269|298|274|298|245|307|317|278|219|274|277|254|267|284|295|263|298|274|304|285|274|270|282|284|219|303|289|320|275|262|219|290|271|318|268|296|219|292|246|283|268|305|268|300|246|251|300|298|311|289|322|246|284|318|290|323|257|306|292|219|244|274|292|298|242|289|290|291|313|289|271|272|324|314|268|309|317|242|298|291|313|241|311|269|283|271|305|284|294|293|314|273|313|271|323|300|275|303|265|307|329|265|310|318|277|241|299|278|275|322|294|231|302|326|257|306|265|295|353|257|312|288|297|312|309|276|302|307|276|272|279|279|258|270|320|304|219|244|328|301|274
Iteração que foi encontrado o Melhor Global: 462
Quantas vezes o Melhor Global foi alterado (Lembrando que a verificação na inicialização acumula nesse contador): 19
Particula Inicial do melhor global:
1,817121|0,862126|2,919356|3,077406|3,313041|1,999995|3,789685|1,755646|2,233642|3,916804|2,868843|1,579880|3,330491|3,725291|0,490346|1,939478|2,143544|0,916361|2,204906|1,692862|1,182343|3,406523|0,564269|0,546768|3,205760|
Particula Final do melhor global:
1,931884|3,290427|3,481830|3,396307|3,390763|0,348948|0,542487|1,941929|0,818630|1,053919|2,544036|1,335143|2,936530|0,624952|2,040694|0,740097|1,769666|2,603797|3,603079|2,855431|2,932929|2,286636|1,753137|2,051752|0,797866|
A melhor solução desse PSO é:
5 6 13 15 24 8 
9 11 22 16 0 7 
14 23 21 10 17 19 20 12 
1 4 3 2 18 
Quantidade de trocas de:3,000000
Makespan: 219,000000
