574|477|606|594|443|609|427|678|604|453|730|667|628|667|573|507|370|725|561|307|530|493|365|811|964|451|512|701|426|447|511|669|786|708|446|583|565|473|827|525|430|516|564|475|472|550|358|434|697|824|489|510|518|454|633|706|750|639|620|419|683|581|707|490|761|474|487|636|686|552|566|553|473|743|628|549|515|585|570|774|517|376|598|615|605|549|574|514|567|563|570|490|493|663|1091|473|322|624|595|497|609|733|563|422|794|648|917|520|569|612|794|576|486|490|651|531|554|588|504|682|473|844|439|336|588|587|521|510|476|345|641|536|524|698|614|390|514|547|536|446|609|724|611|623|369|464|470|594|762|539|410|635|696|572|790|919|568|694|644|699|575|605|554|501|582|457|572|947|465|397|529|475|450|519|379|402|559|898|445|591|795|966|384|479|431|613|572|812|662|563|637|555|474|665|540|377|493|546|737|493|412|749|429|560|527|787|652|661|413|398|558|613|690|686|473|476|596|560|1063|452|549|463|612|784|430|720|604|616|513|470|439|473|466|858|758|550|593|621|454|364|494|492|524|663|789|555|716|507|675|583
278|297|299|282|265|289|240|295|295|345|283|297|307|236|300|304|293|292|281|307|317|237|294|308|315|313|296|281|299|266|298|257|279|291|291|255|287|330|307|276|308|298|306|304|252|322|344|306|290|253|257|305|286|281|256|300|260|307|273|282|305|291|318|292|302|300|274|272|262|326|306|302|290|282|307|294|303|306|311|266|292|265|281|282|266|326|287|323|330|276|257|266|307|305|282|268|322|299|305|255|291|273|289|306|306|290|303|303|320|261|318|274|261|299|289|289|317|302|304|312|271|276|300|321|237|276|299|291|265|292|315|302|287|316|269|268|285|301|273|292|289|266|260|308|244|237|289|274|322|303|318|260|288|287|315|287|286|287|303|269|266|285|316|293|266|307|302|304|299|276|324|324|298|316|319|265|318|296|281|260|317|300|302|315|294|269|292|319|257|268|272|321|296|306|299|314|341|326|280|294|277|302|286|288|283|326|311|237|278|309|283|317|253|271|279|309|287|260|234|326|282|292|280|298|316|277|294|262|341|285|234|257|254|257|280|274|292|305|319|327|314|278|287|255|308|257|297|293|311|333
Iteração que foi encontrado o Melhor Global: 652
Quantas vezes o Melhor Global foi alterado (Lembrando que a verificação na inicialização acumula nesse contador): 11
Particula Inicial do melhor global:
3,815639|3,591289|3,395858|3,297837|0,276431|0,475111|0,482364|2,598010|0,312526|0,891880|2,829562|0,681110|0,131091|0,780632|2,338580|1,750362|1,286546|2,816183|0,842342|0,178647|2,163487|3,107404|0,624762|3,241264|0,416440|
Particula Final do melhor global:
2,597359|2,975977|3,590169|2,731196|2,405047|0,954452|1,035329|2,005410|2,738832|3,333387|0,771152|2,809232|1,323474|3,060699|0,276995|0,990611|3,161892|1,518612|1,284213|0,207573|0,746819|1,250762|1,948583|0,265625|0,591328|
A melhor solução desse PSO é:
19 23 14 24 20 10 5 15 
6 21 18 12 17 22 
7 4 0 3 8 11 1 
13 16 9 2 
Quantidade de trocas de:5,000000
Makespan: 234,000000
