1010|933|1165|802|1043|857|1301|1027|1175|840|931|728|798|825|1209|1214|1006|780|670|1053|1224|1043|1183|937|1300|912|1088|941|685|906|628|673|1075|853|763|900|658|947|1179|1194|822|1009|778|1164|983|817|996|954|786|792|1155|947|857|1198|947|1005|1017|825|869|924|668|1019|1044|957|792|1007|821|1057|838|943|762|871|1249|811|736|678|1168|1051|912|1381|937|890|859|1024|1593|851|927|869|1032|935|1060|1141|1262|759|1095|863|892|759|1108|628|754|800|960|655|1122|1162|758|867|1061|1420|1008|931|785|894|814|883|804|1132|1513|899|882|865|865|992|1562|791|1088|1184|886|1094|741|835|868|1063|1017|1479|689|1075|877|875|659|977|1166|929|929|913|819|912|1063|986|913|970|834|890|1077|890|618|992|1018|1036|1030|745|1163|1347|1153|727|1205|858|890|1229|882|793|1270|1386|1062|1034|1060|859|1262|673|820|1009|790|903|943|702|758|918|867|972|777|819|1386|900|932|776|1584|713|1160|1187|1238|1046|911|844|1005|734|1166|857|1165|896|1245|950|920|977|688|1014|1007|860|1087|1052|830|934|1213|908|919|1044|1024|1252|1067|802|970|1481|919|632|979|708|1222|1848|1110|935|1086|1046|805|822|863|976|1056|1123|1202|1135
504|399|470|378|496|517|392|392|518|526|392|378|433|505|392|520|378|378|533|447|378|378|517|386|394|392|423|378|392|378|543|455|378|512|482|542|524|392|504|392|378|474|378|567|454|500|378|378|399|429|522|423|389|383|378|454|378|408|456|494|521|510|464|520|378|479|462|392|539|392|378|451|389|431|497|392|389|475|392|392|517|389|454|472|378|510|548|445|389|378|508|392|506|378|535|392|400|378|520|392|378|543|469|378|378|408|447|399|396|378|378|404|404|378|389|457|394|392|474|485|378|401|392|492|467|482|386|378|509|378|493|392|378|412|378|378|389|499|420|478|447|389|454|517|378|378|378|489|415|378|489|378|532|462|392|452|507|389|484|505|400|378|502|519|513|420|378|497|438|392|378|513|392|392|490|399|378|395|511|550|392|522|404|430|491|520|399|531|392|378|378|378|378|399|378|392|404|392|514|378|488|378|465|392|392|378|469|399|424|392|474|511|392|549|538|474|378|453|378|477|392|392|378|537|389|378|378|378|495|392|465|396|451|427|378|378|378|378|399|378|494|392|430|400|378|500|392|378|378|447
Iteração que foi encontrado o Melhor Global: 408
Quantas vezes o Melhor Global foi alterado (Lembrando que a verificação na inicialização acumula nesse contador): 12
Particula Inicial do melhor global:
1,539146|0,643441|2,786035|1,032178|2,295654|1,434577|2,514054|1,996988|0,413472|0,363402|0,740381|2,697586|2,565966|0,778399|2,590778|1,457686|0,905996|1,962317|1,265071|2,334604|2,336630|2,905258|2,867156|0,850880|2,932490|
Particula Final do melhor global:
2,302815|2,502175|1,083925|1,366530|0,843736|0,952157|0,762129|1,904085|2,710354|2,740403|1,607683|0,287822|2,201168|2,758034|0,286670|2,287844|2,935106|1,497422|1,485213|1,441983|0,649870|0,274128|1,763713|1,512859|2,592630|
A melhor solução desse PSO é:
21 14 11 20 6 4 5 
2 3 19 18 17 23 10 22 7 
12 15 0 1 24 8 9 13 16 
Quantidade de trocas de:5,000000
Makespan: 378,000000
