919|939|1086|1088|1146|1274|974|1147|1096|1079|1141|1166|974|1223|1004|1294|1606|1070|938|898|1376|1074|935|1063|1065|1027|1326|1346|873|1326|1339|895|1427|1265|1107|1339|1390|1248|875|1109|1048|1235|1295|1153|1205|1205|1431|1228|1100|1546|1182|1080|923|1194|1072|1249|1209|884|902|1050|927|904|1253|1486|1191|906|1145|1157|929|804|916|1055|957|1249|1000|1010|869|1081|1281|846|1226|1234|1023|1192|1263|1191|1343|941|1265|937|1162|1124|1478|945|1072|1332|1307|1230|1235|1011|1035|965|1320|804|972|1175|1080|1148|1082|1109|994|1121|1028|826|1172|927|1200|1288|1317|1325|910|1012|1082|1175|1207|1135|1386|1098|1963|1062|1179|1273|868|1109|991|1198|1029|1195|1102|1050|1075|1105|1475|962|839|1237|1073|1223|1093|1000|1070|1629|990|990|1089|1009|1350|1441|1216|1131|1158|1274|1558|1199|1134|1118|1105|1038|1116|1116|1099|1128|1068|971|1140|970|1394|1028|913|887|891|1211|1369|1192|1201|1396|942|1310|998|1228|1000|876|1102|920|1054|1065|1341|1264|854|976|937|1211|932|1426|1245|1001|1248|1175|1629|1237|809|1226|1425|1101|1188|1156|1325|1720|885|1054|1185|1363|1286|899|1480|1372|886|1111|1034|945|828|1061|1001|1417|1048|1344|989|1195|1006|1110|1231|1000|1471|1075|1300|1271|1307|1651|938|885
585|585|585|585|585|585|585|585|585|585|585|585|585|585|585|585|585|585|585|585|585|585|585|585|585|585|585|585|585|585|585|585|587|585|585|585|585|585|585|585|585|585|585|585|585|585|585|585|587|585|585|585|585|585|585|585|585|585|585|585|585|585|585|585|585|585|585|585|585|585|585|585|585|585|585|585|593|585|585|597|585|585|585|585|585|585|585|585|585|585|585|585|585|585|585|585|585|585|585|585|585|585|585|643|585|585|585|585|585|585|585|585|677|693|585|585|585|585|585|585|585|585|585|585|585|585|585|585|585|585|585|585|585|585|585|585|585|592|585|593|585|585|585|585|585|585|585|585|585|585|585|585|585|585|585|585|585|585|585|585|585|585|585|585|585|585|585|585|585|585|585|585|585|585|585|585|585|585|585|585|585|585|585|585|585|585|645|585|585|585|585|585|585|585|585|585|585|585|585|585|585|585|585|585|585|585|585|585|585|585|585|585|632|585|585|616|585|585|585|645|585|585|585|585|585|585|585|585|585|585|594|585|585|585|585|585|585|585|585|585|585|585|585|585|585|585|585|585|585|585
Iteração que foi encontrado o Melhor Global: 19
Quantas vezes o Melhor Global foi alterado (Lembrando que a verificação na inicialização acumula nesse contador): 8
Particula Inicial do melhor global:
1,389289|0,157721|1,536080|1,196666|0,810190|0,103641|1,801044|1,789887|0,129229|1,372486|0,565976|0,307401|1,642135|1,645820|1,515969|1,490208|1,836707|0,489999|0,490714|0,890113|1,383886|0,566792|1,222243|0,855030|0,882361|
Particula Final do melhor global:
1,479244|1,246613|1,830411|1,050799|1,724718|1,303875|0,808992|1,336384|0,259684|0,578063|1,586149|0,489426|0,732951|0,723753|1,604281|0,725263|0,887856|1,680853|0,333321|1,231548|0,699081|0,944717|0,693455|1,290633|0,442556|
A melhor solução desse PSO é:
8 18 24 11 9 22 20 13 15 12 6 16 21 
3 19 1 23 5 7 0 10 14 17 4 2 
Quantidade de trocas de:4,000000
Makespan: 585,000000
