1364|1611|1809|1182|1230|1108|1149|1118|1283|1917|1221|1176|1182|1448|1348|1320|1459|1345|1222|1245|1189|897|1599|1548|1342|1446|1310|1251|1142|1506|1133|1056|1361|1656|1082|1080|1614|1023|1620|1201|1200|1552|1100|1569|1542|1334|1347|1630|1074|1051|1621|1183|1302|1304|1329|1440|1274|1376|1290|1201|1406|1484|1431|907|1545|2152|1169|1628|1514|1547|1159|1603|1958|1430|1139|1278|1699|1116|1097|1369|1825|1255|1228|1592|1516|1213|1338|1440|1698|1801|1055|1303|1463|990|1143|1562|1447|989|1573|1308|1205|1167|1135|1482|1125|1224|1309|1275|1258|1410|1304|1057|1296|1126|1612|1373|1283|1328|1127|1169|1145|1592|1503|1364|1739|1408|1247|1042|1326|1313|1117|1332|1244|1326|1346|1389|1349|1209|1121|1471|1505|1278|1473|1079|1120|1306|1245|1189|1436|1629|1157|1249|1212|1391|1528|1360|1368|1231|1134|1151|1486|1133|1187|1279|1270|1190|1396|993|1488|1715|1508|1148|1882|1150|1370|952|1655|1464|1171|1465|1557|1193|936|1154|1484|1160|1206|1297|1320|1612|1105|1415|1361|1382|1486|1282|1470|1057|1252|1315|1632|1255|1804|1111|1251|1038|1349|1429|1701|1404|1276|1246|1691|1216|1336|1634|1314|1066|1119|1427|1353|1335|1901|1297|1195|1498|1351|1189|1420|1191|1371|1645|1552|1504|1463|1306|1307|1066|888|1709|1283|1141|1239|1393|1529|1400|1690|1174|1644|1464
668|724|635|717|658|735|635|697|718|627|627|627|772|750|627|637|627|627|757|635|627|726|627|627|627|627|627|703|710|627|778|756|720|775|717|755|684|637|743|699|627|802|718|645|695|627|627|799|718|791|736|627|772|627|627|762|635|796|723|774|627|656|637|789|658|627|721|635|733|668|805|722|627|716|688|635|627|699|635|627|627|658|682|653|658|660|635|627|627|747|627|637|627|627|635|829|684|771|726|786|701|695|635|627|801|736|627|737|705|763|635|703|762|679|751|635|699|637|758|753|635|724|627|725|699|627|627|723|627|627|820|776|627|635|658|664|765|735|853|763|668|695|627|786|763|627|724|695|762|656|796|699|759|627|652|701|637|662|627|627|767|627|627|755|627|627|690|824|764|627|695|730|637|627|700|804|627|637|782|785|637|699|714|751|828|649|771|637|635|720|722|655|875|730|627|705|695|660|699|627|697|635|658|635|726|857|627|693|690|627|627|639|723|825|701|723|774|695|627|627|717|627|774|627|714|627|635|713|737|793|659|637|690|696|627|627|757|627|707|724|627|786|635|692|656|627|719|627|627|752
Iteração que foi encontrado o Melhor Global: 154
Quantas vezes o Melhor Global foi alterado (Lembrando que a verificação na inicialização acumula nesse contador): 11
Particula Inicial do melhor global:
1,888243|0,221677|1,141294|1,668397|0,806137|1,035120|1,301296|1,573740|1,969449|0,649877|1,584718|0,045041|0,023885|1,367689|0,705607|1,647995|1,883048|0,219425|1,138369|1,991650|0,296686|1,657949|1,325137|1,448841|1,245249|
Particula Final do melhor global:
1,757321|0,027537|0,606137|0,453901|1,885059|0,619732|0,171231|1,802560|1,984835|1,475841|0,379297|1,722594|0,279224|1,222256|0,599972|0,139010|1,282240|0,860126|1,129206|1,585585|1,436160|1,587724|1,772902|0,817221|0,768345|
A melhor solução desse PSO é:
1 15 6 12 10 3 14 2 5 24 23 17 
18 13 16 20 9 19 21 11 0 22 7 4 8 
Quantidade de trocas de:8,000000
Makespan: 627,000000
