313|365|329|380|291|371|335|336|254|264|245|341|370|389|289|370|299|380|221|312|319|472|267|302|345|331|363|283|344|317|292|313|323|405|305|244|280|246|500|279|437|466|322|433|338|372|322|293|312|299|286|343|332|542|451|393|436|251|284|263|241|307|311|479|351|404|377|389|336|409|352|248|317|378|292|356|328|241|457|310|290|245|363|403|345|291|276|307|239|254|392|408|272|423|295|284|320|390|349|359|444|297|425|289|347|290|380|507|362|406|337|269|238|333|414|430|306|288|325|405|341|382|374|299|334|361|377|262|357|298|260|356|400|347|318|337|308|283|382|471|263|309|319|351|248|363|310|272|290|320|320|451|483|318|315|358|251|354|296|353|480|430|283|271|256|296|366|262|264|384|392|250|333|337|231|300|407|403|287|253|308|363|277|389|279|482|343|300|276|397|310|261|366|552|236|451|285|334|272|256|256|511|263|272|295|403|319|275|311|322|350|320|317|559|379|308|250|306|231|289|321|297|283|291|278|347|300|261|412|291|274|277|261|261|400|333|314|321|289|322|327|320|480|349|309|245|301|379|304|305
201|197|210|203|181|195|193|200|204|187|220|213|210|193|201|198|207|203|213|207|209|204|192|205|199|180|193|202|190|193|180|194|224|203|195|183|211|204|206|192|195|199|189|210|207|209|198|215|193|214|187|206|209|213|206|209|199|200|195|206|197|212|190|205|203|209|206|214|209|210|204|196|180|198|206|202|199|215|210|205|190|211|202|180|190|195|202|192|204|200|198|210|210|215|195|207|200|212|195|201|193|182|196|209|195|208|204|208|195|198|195|188|200|212|202|195|196|195|204|218|210|189|216|187|204|212|199|204|208|194|216|215|206|200|202|203|203|203|197|204|204|211|201|205|204|205|180|201|219|202|186|194|186|213|209|206|209|208|202|204|200|207|200|194|187|194|215|217|209|212|211|205|198|196|211|202|206|200|207|197|205|213|194|199|189|195|200|212|205|210|191|195|206|205|192|197|201|186|212|201|208|203|204|208|204|194|205|205|209|208|181|197|199|195|206|200|195|205|219|201|212|220|192|209|204|203|187|201|211|204|189|184|206|184|195|202|183|206|205|201|190|199|197|191|211|179|216|197|194|201
Iteração que foi encontrado o Melhor Global: 947
Quantas vezes o Melhor Global foi alterado (Lembrando que a verificação na inicialização acumula nesse contador): 13
Particula Inicial do melhor global:
0,143650|2,064153|3,025500|3,908338|1,292319|1,225265|0,038704|1,259439|3,636845|2,754880|1,289811|3,708723|0,601427|0,660647|1,239435|2,343616|0,172910|1,964146|3,961699|3,114989|2,696515|3,509534|2,955334|0,434622|2,120746|
Particula Final do melhor global:
2,177477|1,379928|3,207915|2,895921|3,835892|0,014728|1,933608|1,462310|1,590170|3,067199|0,534317|2,342291|3,293509|2,287391|1,885790|0,833361|3,444500|1,446367|1,087130|0,018857|2,111981|0,977113|3,992116|2,685805|2,524855|
A melhor solução desse PSO é:
5 19 10 15 21 
18 1 17 7 8 14 6 
20 0 13 11 24 23 3 
9 2 12 16 4 22 
Quantidade de trocas de:6,000000
Makespan: 179,000000
