329|442|430|413|483|379|345|513|427|321|374|420|556|347|355|317|396|333|405|320|395|347|553|274|526|487|413|419|431|320|400|344|408|495|501|381|312|441|414|342|415|388|333|554|334|390|388|398|454|319|354|410|339|407|330|509|549|475|468|348|496|447|368|331|328|353|380|373|377|519|426|576|349|659|346|555|391|413|416|304|629|280|375|495|311|357|354|448|365|470|308|335|370|430|383|414|311|539|400|355|341|330|322|405|609|336|425|412|455|340|412|462|434|461|383|387|381|385|425|375|516|484|461|401|382|291|544|365|387|318|371|466|395|318|359|382|370|375|413|590|361|339|458|387|344|329|510|444|312|424|625|443|439|333|382|378|554|553|422|351|481|321|365|325|410|331|355|590|606|511|406|514|493|448|397|359|504|352|385|334|356|346|489|511|298|312|375|466|347|357|425|400|415|440|283|404|337|443|315|309|360|305|409|410|382|355|427|447|341|446|365|298|451|417|461|331|321|430|339|350|476|352|363|343|386|370|551|480|425|352|367|400|347|400|436|386|454|461|640|320|462|435|336|303|385|437|398|447|357|382
241|246|249|259|235|240|260|250|254|258|242|245|254|264|254|247|262|241|254|268|256|256|261|247|255|236|254|265|258|233|261|246|250|250|250|251|267|259|247|259|257|252|237|255|257|254|245|244|258|252|248|247|248|258|236|251|258|244|244|245|256|268|232|236|234|242|261|247|260|253|264|258|252|257|251|253|254|245|241|256|249|249|255|256|257|261|255|245|257|252|262|249|257|255|267|252|254|250|251|237|257|250|260|241|237|249|258|249|248|236|261|256|252|249|255|241|251|245|247|257|261|252|251|259|261|253|256|253|245|256|245|255|247|261|250|246|244|263|256|255|254|249|259|239|251|238|245|237|242|256|254|250|265|259|261|249|246|255|265|236|252|247|252|241|236|269|240|245|254|252|247|258|257|262|263|250|257|250|249|265|256|267|254|253|252|247|248|255|246|251|262|251|256|265|250|254|234|232|265|241|255|244|250|255|262|250|256|232|256|259|249|259|254|263|269|261|248|249|247|232|251|249|253|250|246|234|253|256|265|252|255|258|256|248|250|253|245|260|242|261|257|244|248|257|244|236|249|256|256|245
Iteração que foi encontrado o Melhor Global: 398
Quantas vezes o Melhor Global foi alterado (Lembrando que a verificação na inicialização acumula nesse contador): 11
Particula Inicial do melhor global:
3,612949|2,285990|0,752303|2,336518|1,763863|3,920829|0,016395|1,207502|0,196016|3,842402|1,474430|1,447042|2,855634|1,702334|1,177584|3,665471|0,824035|2,519223|1,251781|1,990806|0,531238|3,747674|3,612498|0,092889|0,898949|
Particula Final do melhor global:
0,287223|0,116688|0,735519|0,671983|2,187545|2,030966|2,038149|1,239871|3,682179|3,481916|1,860670|1,996508|2,517390|1,155513|3,077966|3,111003|2,229267|3,227135|3,443222|1,538908|0,051494|0,526734|0,758738|2,107699|2,481931|
A melhor solução desse PSO é:
20 1 0 21 3 2 22 
13 7 19 10 11 
5 6 23 4 16 24 12 
14 15 17 18 9 8 
Quantidade de trocas de:3,000000
Makespan: 232,000000
