717|770|616|578|768|553|428|476|406|560|722|559|757|624|587|553|757|625|869|592|555|568|594|601|564|381|402|398|543|580|484|476|742|644|540|648|593|567|635|683|500|591|740|355|609|402|593|514|475|615|517|693|424|474|776|428|688|550|506|556|499|441|634|574|551|441|565|542|615|370|553|715|625|825|434|589|725|537|776|540|550|679|337|431|811|860|678|597|489|746|459|703|650|514|425|548|598|406|425|736|499|916|779|370|762|729|575|601|570|573|657|431|632|435|940|762|481|501|682|420|518|639|453|493|415|554|506|507|645|387|417|517|506|893|505|591|610|541|708|634|575|374|623|678|644|428|433|503|481|314|649|414|576|476|609|571|754|424|503|359|670|946|411|397|534|645|634|867|700|577|506|580|547|501|605|502|411|493|581|542|732|430|529|514|469|491|449|627|647|595|692|461|491|853|553|404|553|312|521|709|394|449|503|557|472|534|579|366|463|586|638|365|752|441|547|756|479|409|861|670|334|661|587|701|508|515|385|776|615|475|462|501|774|481|536|473|431|444|617|460|582|745|554|431|766|481|509|498|608|698
258|288|237|241|238|261|220|224|273|268|246|282|273|263|260|204|268|249|274|269|199|238|251|210|198|225|263|261|236|198|264|266|238|272|272|275|272|267|251|282|222|214|299|239|292|262|222|285|282|238|278|242|266|269|268|213|259|270|249|252|242|240|297|288|217|301|281|246|248|218|234|240|297|229|259|248|214|207|272|278|222|227|265|212|290|230|253|256|225|250|249|264|274|273|265|275|268|205|244|251|254|223|276|273|217|258|259|242|237|241|283|246|258|262|261|208|243|278|251|253|220|271|256|200|270|211|262|238|289|233|220|277|265|286|256|289|282|265|258|269|200|235|218|236|299|228|224|199|255|202|254|286|206|290|251|238|207|218|212|262|222|273|276|291|299|207|232|220|268|212|225|287|208|250|268|238|275|243|208|229|293|255|249|284|228|266|247|254|230|261|271|236|275|285|292|233|220|271|224|295|271|262|229|256|253|284|247|252|263|268|255|273|250|273|255|249|260|290|220|220|274|278|238|287|257|208|246|242|220|249|216|238|205|255|270|288|218|223|271|294|290|241|252|234|238|220|272|267|211|266
Iteração que foi encontrado o Melhor Global: 814
Quantas vezes o Melhor Global foi alterado (Lembrando que a verificação na inicialização acumula nesse contador): 11
Particula Inicial do melhor global:
0,912374|0,293112|0,801740|2,765873|3,726995|0,589239|1,453791|3,415962|0,222581|3,420533|2,977901|2,306203|2,428168|1,078506|2,098678|3,050673|1,062906|3,934286|1,138536|3,099562|3,933420|3,325568|3,378513|3,430186|0,459212|
Particula Final do melhor global:
1,930914|1,854759|1,059636|3,509548|0,350372|3,753877|3,232298|0,655050|3,443788|0,639638|2,995450|1,200035|0,164205|2,319755|1,306040|0,859799|2,965322|3,210822|2,341634|3,762475|2,958035|1,950633|0,095095|0,553866|1,434812|
A melhor solução desse PSO é:
22 12 4 23 9 7 15 
2 11 14 24 1 0 21 
13 18 20 16 10 
17 6 8 3 5 19 
Quantidade de trocas de:1,000000
Makespan: 198,000000
