390|623|532|541|819|514|644|503|500|492|483|420|431|513|447|427|445|647|449|455|486|411|537|633|578|496|458|773|518|525|528|474|743|412|467|507|708|447|547|687|559|429|584|525|506|432|456|517|596|626|469|517|611|439|537|579|515|604|491|568|500|501|482|467|571|848|602|589|608|526|420|436|603|658|496|569|620|568|740|526|920|514|527|579|407|410|375|444|493|604|652|484|661|514|486|394|518|602|447|434|533|525|506|425|525|766|592|484|613|437|511|419|435|530|442|457|602|850|407|562|492|518|563|569|617|490|589|559|563|624|462|601|476|624|425|410|411|680|542|752|586|329|592|540|512|479|370|583|530|446|644|768|619|638|607|564|514|439|591|556|407|511|669|524|496|400|775|621|542|451|392|599|584|760|564|675|651|481|621|513|487|488|769|585|525|485|579|437|489|480|593|380|546|564|556|469|640|494|522|586|417|582|598|424|500|392|486|525|746|615|573|503|454|594|563|518|394|729|384|448|657|648|430|510|376|453|551|530|398|562|692|646|461|470|535|549|407|468|442|417|442|435|682|489|436|510|471|509|437|525
336|325|333|322|312|324|288|319|315|335|325|341|331|329|324|284|323|291|340|338|312|284|289|316|325|305|312|317|332|287|328|284|313|288|346|315|312|333|329|329|329|328|343|292|331|317|289|290|316|327|314|323|338|284|315|284|320|329|306|301|291|311|319|335|329|329|329|284|289|284|289|320|338|303|334|288|284|322|327|343|337|323|327|325|332|315|314|331|321|305|337|331|325|309|284|331|330|295|318|291|312|336|326|343|288|284|305|307|329|329|329|330|284|333|327|303|331|318|321|332|333|296|296|337|339|327|309|328|332|329|340|296|334|307|315|319|331|284|323|316|329|326|325|325|329|349|327|313|319|312|291|355|284|329|292|329|315|346|351|329|313|334|334|301|328|332|329|315|292|322|312|346|288|289|312|325|289|324|330|321|288|301|349|338|284|306|320|303|325|323|345|313|339|319|284|289|330|309|326|320|352|342|326|331|325|336|322|305|325|326|346|328|311|298|313|333|332|292|348|316|313|339|331|324|315|284|316|325|322|345|329|329|289|291|350|340|321|350|284|284|329|329|331|325|327|289|325|318|312|325
Iteração que foi encontrado o Melhor Global: 450
Quantas vezes o Melhor Global foi alterado (Lembrando que a verificação na inicialização acumula nesse contador): 11
Particula Inicial do melhor global:
1,591970|2,980985|0,530956|1,560909|0,350446|2,634162|2,430650|2,978342|1,384432|0,162768|2,406761|0,334990|1,909595|2,134409|1,501508|2,149955|0,635097|0,332066|0,708598|1,107316|0,265484|1,923403|1,673921|2,591684|2,988981|
Particula Final do melhor global:
0,265911|0,667616|1,823575|0,642924|2,483214|0,915314|0,752237|0,191723|2,464197|1,198349|0,972387|1,775591|1,380763|2,059581|0,882517|2,065361|1,791528|2,187607|1,547250|1,423035|2,884657|2,291849|0,704668|2,676571|1,018128|
A melhor solução desse PSO é:
7 0 3 1 22 6 14 5 10 
24 9 12 19 18 11 16 2 
13 15 17 21 8 4 23 20 
Quantidade de trocas de:2,000000
Makespan: 284,000000
