340|548|667|608|493|383|292|281|448|493|433|587|469|364|465|311|500|423|404|353|356|485|425|287|525|483|488|496|370|309|410|357|321|487|366|319|361|307|545|499|370|372|402|340|346|370|424|293|496|501|330|319|356|392|377|584|359|368|313|372|403|445|458|431|474|337|386|310|601|414|354|350|322|402|453|501|401|307|433|364|390|383|400|411|386|283|439|437|564|312|278|432|419|304|396|333|431|524|350|492|458|289|410|454|401|399|491|403|312|311|356|324|332|303|417|399|468|409|447|329|366|416|292|301|483|373|351|329|443|411|498|448|431|346|303|539|417|399|323|346|332|376|388|405|479|335|356|354|649|490|453|616|338|390|288|332|393|472|309|380|404|280|327|417|346|358|459|363|361|368|393|470|378|305|440|435|362|494|384|476|368|342|422|532|385|392|366|407|588|537|384|311|456|410|509|379|349|344|439|588|483|423|453|457|351|401|398|438|404|411|263|554|384|368|343|414|408|698|417|313|330|363|363|551|326|325|525|382|380|301|392|438|362|428|422|441|399|382|590|391|501|495|431|398|587|426|556|397|644|343
233|248|251|247|250|245|250|236|210|232|231|236|233|236|232|237|229|229|236|230|207|235|233|230|227|221|237|227|244|208|245|229|207|223|229|228|228|245|210|250|226|230|232|207|220|221|235|229|213|226|229|214|210|212|232|245|249|239|232|237|233|234|212|250|207|223|240|231|246|242|207|244|224|257|241|241|207|237|253|231|255|216|245|232|223|248|241|231|238|241|239|246|221|249|220|232|212|227|234|233|231|240|231|243|227|240|235|241|241|245|245|232|253|234|241|225|227|228|217|210|227|223|235|207|240|232|245|244|247|225|238|243|230|255|247|239|228|227|247|218|207|233|237|229|215|241|211|241|249|221|243|247|246|213|249|219|247|246|238|244|207|246|236|263|230|219|235|241|240|224|228|253|221|207|241|251|238|232|244|247|243|226|240|232|236|245|208|225|212|231|250|230|244|212|250|235|207|221|242|231|232|228|232|230|246|236|223|246|236|251|256|239|245|226|221|208|221|223|215|237|242|227|240|235|232|247|225|215|236|235|232|239|222|245|229|226|215|231|226|245|239|207|236|246|244|232|229|244|233|245
Iteração que foi encontrado o Melhor Global: 466
Quantas vezes o Melhor Global foi alterado (Lembrando que a verificação na inicialização acumula nesse contador): 11
Particula Inicial do melhor global:
2,551886|0,140755|0,670413|1,275571|0,543178|1,278272|2,782187|2,903724|3,238649|0,943416|0,136990|1,118172|3,510317|3,323735|2,156199|1,782484|2,052848|1,965104|2,720345|1,181074|0,450033|1,271698|2,353123|3,519752|3,670660|
Particula Final do melhor global:
2,938909|2,965744|0,490157|0,426049|1,545510|1,386001|0,314816|0,560290|2,251824|2,055230|1,786103|1,762356|3,583005|3,569790|2,556038|3,541549|1,576874|1,285939|0,808823|2,595547|3,311866|3,261934|3,810334|1,791151|0,529129|
A melhor solução desse PSO é:
6 3 2 24 7 18 
17 5 4 16 11 10 23 
9 8 14 19 0 1 
21 20 15 13 12 22 
Quantidade de trocas de:0,000000
Makespan: 207,000000
