444|508|417|563|513|563|597|469|792|525|524|491|448|433|459|409|561|569|398|522|442|487|551|543|524|606|479|734|604|403|432|488|558|478|566|495|491|511|715|541|482|628|493|704|515|763|570|636|538|556|481|414|492|656|511|665|695|570|584|505|433|490|596|415|527|749|509|695|435|509|561|443|499|420|545|501|476|593|433|544|411|425|447|449|629|672|503|668|470|505|486|535|419|513|647|558|442|538|625|406|544|578|475|505|557|618|703|440|526|450|451|559|441|471|535|645|572|460|623|568|432|490|504|472|435|430|472|766|485|450|567|515|445|469|502|547|451|520|468|660|518|453|585|457|404|443|469|440|431|569|546|533|527|617|435|479|583|504|589|557|455|377|689|425|534|422|559|481|578|704|432|507|430|477|479|493|594|487|618|752|675|523|493|607|422|526|534|419|433|436|553|556|464|473|619|395|403|509|491|670|463|496|424|589|453|753|472|438|513|570|438|841|512|511|449|704|616|422|467|625|463|448|695|530|481|553|442|521|521|525|536|703|444|581|537|510|574|589|680|417|530|473|489|502|499|495|767|557|466|477
279|279|301|319|321|279|323|315|319|279|279|319|279|315|315|314|279|279|318|291|279|279|300|318|279|300|289|303|279|340|311|324|315|279|340|300|314|279|314|316|294|279|328|279|279|302|303|279|323|325|318|323|279|279|303|300|314|301|282|306|289|327|279|301|301|313|294|322|279|279|313|279|289|301|279|320|297|279|290|331|279|310|279|312|289|322|311|311|311|309|291|315|297|306|325|279|279|279|279|279|279|279|279|332|300|279|306|302|292|294|279|354|279|279|279|314|279|314|294|311|285|279|279|280|293|311|294|279|280|279|329|279|301|287|311|279|317|316|303|317|339|326|345|336|301|279|279|279|287|289|302|279|335|303|279|331|279|289|334|327|279|357|301|279|279|305|320|288|316|337|284|279|338|310|279|279|308|317|307|321|279|304|279|294|279|279|289|310|337|279|279|279|279|288|332|339|287|298|294|283|291|279|279|294|279|327|279|279|279|279|296|279|279|279|297|292|302|279|289|324|279|322|313|279|280|279|329|290|334|312|303|280|306|324|308|315|306|279|279|328|288|289|316|279|295|289|290|279|279|279
Iteração que foi encontrado o Melhor Global: 41
Quantas vezes o Melhor Global foi alterado (Lembrando que a verificação na inicialização acumula nesse contador): 7
Particula Inicial do melhor global:
2,199698|0,133153|0,949113|1,163131|0,379965|1,523210|0,277733|1,514442|2,832700|2,866731|2,588656|1,481029|2,046439|0,454812|0,522926|0,074915|2,466458|2,533681|1,491786|2,378325|1,666677|1,849935|2,348012|0,513708|2,774052|
Particula Final do melhor global:
1,743007|2,878907|1,400642|1,192654|0,454502|2,247990|2,876493|0,353457|0,784917|2,200345|2,333616|1,653567|0,819883|1,233562|1,591993|2,904145|1,256791|2,455518|1,417473|2,101445|0,915127|0,575408|0,555215|0,876376|1,888459|
A melhor solução desse PSO é:
7 4 22 21 8 12 23 20 
3 13 16 2 18 14 11 0 24 
19 9 5 10 17 6 1 15 
Quantidade de trocas de:2,000000
Makespan: 279,000000
