344|324|355|495|413|481|437|312|394|312|359|503|400|376|385|384|463|338|346|333|415|509|474|412|561|467|444|381|367|358|440|326|407|389|322|382|382|479|457|335|427|457|379|346|456|399|387|297|402|478|333|340|309|336|355|342|376|340|537|456|406|356|384|330|411|683|413|271|399|308|377|423|345|327|413|446|353|490|596|355|479|318|398|345|300|406|507|418|323|425|361|382|484|315|396|339|446|421|520|571|429|496|454|463|424|501|310|376|420|334|359|509|577|384|359|554|400|382|413|333|409|551|350|461|339|353|406|311|517|362|383|451|288|325|355|370|315|469|407|425|415|340|426|417|311|302|386|441|303|376|358|349|414|367|399|330|316|401|473|296|597|353|358|438|370|394|396|332|309|363|383|385|400|383|467|350|315|559|345|383|342|353|405|412|367|418|356|358|356|385|421|347|525|393|561|377|499|431|393|481|399|425|367|307|390|518|334|407|358|453|419|369|415|425|408|338|430|412|415|377|421|339|407|265|346|590|345|349|323|388|433|407|384|364|408|351|312|326|380|360|379|396|437|379|312|473|534|404|355|334
232|255|255|250|246|250|240|260|253|259|254|249|256|250|248|251|233|251|250|262|251|258|259|232|246|247|259|249|261|239|249|254|264|254|263|236|242|245|254|253|244|254|240|266|253|258|252|257|253|255|244|273|258|250|257|248|253|237|249|244|258|238|250|263|259|226|250|263|254|241|240|258|245|248|247|260|253|256|258|255|257|250|240|257|258|248|258|256|250|259|247|258|251|254|249|251|252|258|258|247|255|261|246|264|257|248|258|252|250|245|263|242|253|253|254|232|257|241|232|260|254|249|250|246|252|253|257|254|261|254|254|266|239|261|247|244|248|232|270|254|254|249|258|263|243|254|256|265|254|252|253|251|246|254|261|251|259|254|251|251|250|265|260|242|263|254|245|260|257|244|257|239|261|261|256|245|248|256|257|244|248|266|248|244|242|262|258|268|257|247|266|262|258|257|253|254|252|259|232|232|252|249|235|252|251|247|251|251|257|262|255|252|258|252|251|260|244|249|235|243|257|263|257|248|232|265|251|253|240|240|250|255|251|258|265|265|234|236|255|251|257|249|244|251|243|258|258|257|254|241
Iteração que foi encontrado o Melhor Global: 927
Quantas vezes o Melhor Global foi alterado (Lembrando que a verificação na inicialização acumula nesse contador): 9
Particula Inicial do melhor global:
0,733231|1,267385|2,839575|3,889071|1,948180|0,227285|0,431972|0,351633|0,766689|0,862602|0,898598|0,951854|3,923320|0,632111|1,369235|2,734304|0,727310|0,197399|1,180539|0,614000|2,016149|0,471098|0,087523|1,308678|3,484046|
Particula Final do melhor global:
2,619747|2,574492|1,515683|3,516491|2,091654|2,816666|3,420144|0,582321|0,790357|1,108209|3,647627|1,947151|3,780959|0,007734|1,977684|2,984984|0,289912|2,269971|1,370114|0,801401|1,160414|2,880061|2,235479|3,328051|2,174993|
A melhor solução desse PSO é:
13 16 7 8 19 
9 20 18 2 11 14 
4 24 22 17 1 0 5 21 15 
23 6 3 10 12 
Quantidade de trocas de:2,000000
Makespan: 226,000000
