1468|1087|1242|919|1227|1102|1353|950|1171|1116|1127|735|1190|1196|938|1184|1288|1116|1271|1258|1415|951|1104|1250|838|1685|1304|1148|1324|1296|1630|1001|1140|1086|901|1052|1106|1114|1199|1039|1047|911|1033|987|1120|940|997|1403|1278|940|1087|856|1087|945|1536|1143|1253|1278|1160|1107|1038|869|1027|1238|1251|1343|1466|1183|1178|918|850|1268|1455|1129|954|903|956|1154|949|1157|948|1231|1076|992|1430|1186|1156|1157|1213|960|1303|1388|1111|1348|976|1409|850|1143|1321|1215|1143|1387|1170|850|1141|1087|927|858|1180|1616|1178|1291|1062|1191|1305|1005|1115|886|1481|1139|1334|1354|1200|1015|1004|863|1071|940|1128|1219|908|1123|1184|1022|1041|1084|952|1028|1255|959|1129|1237|867|1182|1474|985|1302|1036|1333|999|1059|933|1062|1113|868|1077|879|1096|1003|1125|1126|1019|1125|1055|985|1378|1387|1216|1277|1381|1030|1230|957|1075|1243|1243|1245|963|959|937|974|979|1135|957|1012|883|1075|1108|1075|1103|1031|1354|1041|970|1001|1115|1128|1019|1000|1044|1005|1265|1394|1116|1098|1530|1271|963|964|1372|1124|1267|1047|903|1036|1472|975|1364|1007|1013|997|970|969|1059|1118|1204|1194|908|940|1011|1191|805|1123|1509|903|955|1095|1206|1192|1613|1033|1052|1020|1140|1238|943|1186|1078|1139|1081
545|538|538|538|538|538|574|538|553|572|538|538|538|628|538|538|538|538|576|538|601|642|538|538|538|538|538|538|539|538|539|538|566|538|538|578|538|547|538|538|538|538|638|538|538|538|538|538|570|538|629|538|601|621|538|574|538|538|538|538|608|538|538|538|538|538|538|538|538|538|618|538|538|538|538|538|538|538|538|538|538|538|538|538|573|538|538|538|539|604|538|550|538|538|539|569|538|538|538|539|574|538|538|538|538|538|538|538|538|538|561|538|538|538|552|539|616|603|538|538|538|538|538|539|603|538|609|538|538|538|552|538|538|538|538|538|539|538|538|538|538|538|538|538|538|538|601|538|604|537|538|538|538|538|538|555|538|538|538|538|538|538|538|574|538|538|538|604|538|538|543|538|538|538|539|572|538|538|538|537|538|538|538|538|603|546|538|539|599|638|538|538|538|538|538|538|574|538|538|538|538|538|603|538|538|576|538|538|538|552|538|538|539|547|538|584|538|538|538|538|576|538|573|539|547|538|538|538|538|538|538|538|538|538|616|540|538|539|538|538|538|538|538|560|538|538|538|538|538|538
Iteração que foi encontrado o Melhor Global: 913
Quantas vezes o Melhor Global foi alterado (Lembrando que a verificação na inicialização acumula nesse contador): 11
Particula Inicial do melhor global:
0,988473|1,623198|0,285401|0,956402|0,865707|1,310773|0,569406|1,280006|0,051692|1,260589|0,667945|1,250369|0,840055|0,269383|1,410151|0,809434|0,017002|0,134039|1,491183|1,789986|0,544894|0,014794|1,061022|0,332421|0,341744|
Particula Final do melhor global:
1,423821|1,252502|1,598794|1,923080|1,295773|0,930369|1,055309|0,441601|1,465940|0,744377|1,005574|1,617957|0,026009|0,712306|0,500709|1,583572|1,132074|0,622784|0,890456|1,702351|0,466965|0,644113|1,595179|0,653680|1,444034|
A melhor solução desse PSO é:
12 7 20 14 17 21 23 13 9 18 5 
10 6 16 1 4 0 24 8 15 22 2 11 19 3 
Quantidade de trocas de:5,000000
Makespan: 537,000000
