613|624|786|807|1014|1091|891|796|1308|1060|978|606|915|666|925|1264|761|583|689|1104|826|935|947|546|787|1000|577|857|743|803|920|959|822|687|647|738|806|1050|1137|749|691|753|487|1138|775|731|900|834|1096|832|849|668|474|575|857|745|1165|659|617|854|640|725|769|735|753|1038|569|835|720|1027|853|826|969|717|672|785|963|732|730|974|789|927|711|545|877|616|588|1113|753|733|971|895|927|732|808|831|802|654|904|740|727|1052|643|686|715|913|775|736|758|1042|755|694|733|641|1100|840|859|825|613|794|639|1640|807|578|787|726|963|699|650|670|1172|672|1144|889|762|915|741|1086|770|753|1005|601|672|705|706|646|593|755|692|722|1071|1295|536|597|661|582|485|756|681|793|814|636|880|750|688|1025|533|660|897|757|600|817|709|780|1068|741|793|627|796|882|1113|818|861|730|809|762|657|840|653|623|541|904|519|905|588|547|824|608|698|978|839|672|751|1045|780|823|833|1078|851|850|994|864|1121|839|824|711|779|700|518|527|680|1105|951|740|745|705|711|987|943|1097|699|782|895|860|656|684|549|755|797|604|647|859|518|847|744|707|784|789|736|725
325|325|325|325|325|325|325|325|325|325|325|325|325|325|325|325|356|325|325|325|325|325|325|325|325|325|325|325|325|325|325|341|325|325|325|325|325|325|325|432|325|325|325|325|325|325|325|325|325|325|325|325|325|391|325|325|364|325|408|333|333|325|325|325|325|325|325|325|325|325|325|325|388|405|325|325|403|325|325|405|325|325|325|325|325|325|325|325|325|325|325|325|325|333|325|325|325|325|325|371|325|333|325|325|325|325|325|422|325|325|325|325|325|325|325|325|325|338|325|325|325|325|325|325|433|393|325|325|325|325|325|325|325|325|325|325|325|325|325|325|325|325|325|325|392|325|325|363|456|325|406|325|325|325|325|325|325|392|392|325|325|325|325|325|390|325|325|325|362|462|325|325|325|325|325|325|325|325|355|325|325|325|325|325|325|325|373|325|333|325|325|325|325|325|422|325|333|325|325|325|325|325|325|325|325|325|388|325|386|325|325|325|325|325|325|325|325|325|325|325|325|341|325|325|325|325|325|325|325|325|325|325|325|325|325|325|420|390|325|325|325|332|325|325|325|325|333|325|325|325
Iteração que foi encontrado o Melhor Global: 21
Quantas vezes o Melhor Global foi alterado (Lembrando que a verificação na inicialização acumula nesse contador): 9
Particula Inicial do melhor global:
2,847786|0,437245|1,979344|2,080728|1,525839|1,111369|1,030111|2,527450|0,676288|1,914059|0,381019|1,639350|1,109671|0,959572|2,718410|0,363807|2,309859|0,483997|0,125753|1,813360|2,742621|1,071100|2,508467|0,475173|0,426643|
Particula Final do melhor global:
1,726022|1,471357|0,974622|1,359097|1,371152|1,461743|1,024574|2,809680|1,079841|1,186965|2,866710|0,681955|2,385575|0,787226|1,563607|2,846991|0,750712|2,708326|2,725180|1,556596|2,702245|0,904661|0,699749|0,969516|0,458188|
A melhor solução desse PSO é:
24 11 22 16 13 21 23 2 
6 8 9 3 4 5 1 19 14 0 
12 20 17 18 7 15 10 
Quantidade de trocas de:1,000000
Makespan: 325,000000
