759|1116|671|842|1017|893|1301|1089|1029|1135|1156|888|864|884|919|919|1138|879|732|845|1120|879|1119|1069|1382|987|1066|1227|842|934|923|956|1201|1043|1100|907|951|1361|872|1112|1286|873|981|1155|776|839|1070|979|1169|1273|967|1207|830|1081|984|924|766|1131|990|766|722|1141|1024|1093|1126|927|754|765|941|893|995|1206|855|1011|1011|943|871|1028|1281|1033|1124|995|1005|968|1261|1038|1336|1383|969|796|1005|752|1004|1049|1229|839|740|1034|1189|658|943|1218|1236|712|933|951|1018|724|838|1025|1023|944|719|935|978|1045|783|1002|1168|1048|999|1182|1236|855|965|1272|811|843|714|1065|1314|837|945|899|984|1248|876|642|1319|1119|1193|828|1063|720|803|1492|887|1148|665|788|1472|1084|1322|1134|941|941|740|866|1729|707|755|835|856|897|823|1558|848|1180|1180|1142|728|827|1114|1058|1049|1026|733|1124|778|1170|844|981|962|812|1130|983|974|943|1090|1407|742|925|910|768|1055|958|980|951|711|720|1225|663|944|952|806|846|1422|843|1074|919|1007|830|1040|1213|914|946|978|1379|842|983|1212|843|1010|1040|848|1046|1040|1018|818|856|1383|691|878|786|796|1580|939|1513|965|889|717|685|1075|1438|1206|646|1231|962|794|1275
503|495|501|444|424|496|508|408|492|508|411|471|448|513|543|449|442|449|461|474|460|487|555|387|448|525|528|492|463|485|473|484|541|426|520|472|424|517|502|484|502|429|485|500|469|503|496|493|469|443|487|402|467|510|544|470|480|435|424|485|535|467|494|479|424|467|504|501|517|424|402|422|472|387|495|567|483|455|424|414|539|494|424|543|473|468|448|471|479|488|466|480|464|553|518|387|464|477|434|449|430|518|472|562|467|424|526|424|533|424|545|505|424|424|472|539|524|517|551|463|452|545|481|437|511|495|424|492|544|556|472|449|449|447|563|424|494|402|486|468|447|427|474|508|387|424|428|410|490|451|497|551|487|402|424|486|527|499|485|527|460|458|433|424|529|470|460|430|508|424|551|506|487|539|510|424|537|461|495|491|489|449|467|424|452|491|478|472|424|455|424|495|437|504|433|499|502|457|443|530|498|487|431|502|497|501|525|493|528|510|514|506|557|518|510|517|457|503|538|481|474|452|483|402|475|424|411|469|428|479|416|483|490|424|424|524|532|483|486|514|494|462|484|422|439|498|477|454|514|510
Iteração que foi encontrado o Melhor Global: 970
Quantas vezes o Melhor Global foi alterado (Lembrando que a verificação na inicialização acumula nesse contador): 18
Particula Inicial do melhor global:
1,123053|0,750973|1,798212|2,979238|0,246164|0,739111|0,748583|2,860593|2,076419|2,461334|1,204834|0,131097|0,570474|2,043037|1,448470|2,934634|2,367875|2,086966|0,912980|2,210669|2,502563|2,446265|0,752716|2,561407|0,333850|
Particula Final do melhor global:
1,482556|2,810874|0,578831|2,124077|2,582647|0,877084|1,287946|0,994350|1,850389|1,290675|0,210611|1,095427|1,059568|2,465793|0,644020|0,807082|1,585586|0,207702|2,672395|0,717895|0,771600|2,673219|0,163409|2,273018|0,577251|
A melhor solução desse PSO é:
22 17 10 24 2 14 19 20 15 5 7 
12 11 6 9 0 16 8 
3 23 13 4 18 21 1 
Quantidade de trocas de:6,000000
Makespan: 387,000000
