1779|984|1038|1230|1681|1136|1227|1042|1142|964|1813|848|992|1030|870|1166|1370|923|1074|668|789|919|668|829|943|1238|1191|1287|890|882|1051|987|1006|1199|1048|1517|867|1338|826|855|928|943|1347|1308|933|1130|1324|1220|1063|991|1252|895|1382|872|1350|893|1044|1043|994|849|980|1178|1823|974|892|1209|745|972|828|1241|1242|968|1556|1252|1012|957|945|1023|1454|1385|1257|940|847|892|1524|1049|1540|1173|905|985|882|1344|943|1004|1030|970|864|855|1416|1100|835|1360|734|928|946|1321|1198|1218|903|1283|989|933|1009|826|1204|881|998|1173|969|939|874|1004|980|1230|930|926|972|966|1139|1418|1163|944|1097|993|1385|980|812|1196|1220|1032|1496|1059|750|841|1202|1108|1132|1173|911|1080|1005|957|928|1100|878|1016|1060|880|1609|948|1087|1196|983|1420|773|944|1674|1027|990|932|887|1373|929|1263|854|1282|1060|1346|1491|815|1721|1311|1363|1460|1389|896|1085|1105|1080|812|1059|960|830|1215|877|1198|1663|913|1069|977|894|1184|980|1064|1300|2077|912|988|1016|1034|1008|888|887|1091|934|1201|1041|906|892|1230|1197|1104|1346|1260|1598|1505|845|1983|906|857|990|1178|1183|1530|1057|820|1286|953|794|1242|1064|1217|913|1264|1005|1187|1400|1574|969|1115
623|533|619|600|533|503|582|611|604|633|596|623|645|597|602|662|617|656|622|566|526|550|616|503|566|585|566|533|584|533|583|567|559|613|604|599|586|627|668|621|530|556|526|572|593|593|645|623|627|631|560|607|566|510|594|547|605|575|608|550|595|545|572|586|636|533|611|628|565|583|588|622|525|593|524|556|562|625|641|555|603|607|502|645|614|636|631|529|602|503|586|645|544|638|570|607|626|534|567|637|541|547|601|526|602|598|609|616|565|559|534|533|592|596|604|549|581|552|557|533|630|564|606|503|641|600|503|598|590|565|628|533|593|529|533|585|602|597|533|642|610|620|554|525|595|572|612|620|503|529|644|530|526|578|551|579|550|637|635|534|567|585|533|593|577|523|617|609|609|626|629|558|579|581|560|564|605|565|565|649|588|612|599|587|556|503|556|511|638|503|595|602|589|568|643|511|570|543|557|530|635|608|503|665|544|613|566|579|534|594|525|553|618|533|600|493|579|553|593|531|568|604|558|525|552|596|635|573|533|550|574|570|647|530|525|591|632|503|664|591|619|555|583|610|567|526|557|593|503|562
Iteração que foi encontrado o Melhor Global: 811
Quantas vezes o Melhor Global foi alterado (Lembrando que a verificação na inicialização acumula nesse contador): 13
Particula Inicial do melhor global:
1,385330|1,849195|2,835613|2,463471|0,818230|1,774170|1,580389|1,763605|0,591082|1,132939|0,275868|0,175549|0,583387|1,497635|1,330796|0,641587|2,468674|2,866079|1,971798|0,595306|1,102297|1,518592|1,051579|1,492272|0,114295|
Particula Final do melhor global:
1,569475|1,537940|0,807138|2,032845|2,548539|1,142468|0,136067|0,196695|0,609917|2,413726|2,055007|1,210473|2,384361|0,780874|0,563390|2,386938|1,309269|0,381275|0,724721|2,447443|1,234711|2,845604|0,834155|1,973590|1,446901|
A melhor solução desse PSO é:
6 7 17 14 8 18 13 2 22 
5 11 20 16 24 1 0 23 
3 10 12 15 9 19 4 21 
Quantidade de trocas de:9,000000
Makespan: 493,000000
