1083|1203|1379|927|977|1419|1114|1749|1333|1089|819|1657|1042|1275|1085|1776|1145|1183|1367|1018|1366|1400|1008|1047|1253|1143|1735|1205|1351|1541|1355|1160|1101|1308|1012|1035|918|1059|1368|1419|1248|1202|1326|1109|1069|1109|956|1352|1396|1080|906|1409|1257|946|1273|1542|1191|1492|1500|1050|1201|906|1412|1281|1036|1248|1125|1279|995|1698|1371|1296|1230|1200|1065|942|1367|1300|1131|1294|1095|1017|1255|1205|1076|1297|1184|1255|1141|1148|1229|909|1206|1087|1379|1310|1447|1097|1059|1334|1033|946|1203|1459|1263|1145|1416|1337|1341|1516|1184|910|1173|1187|1153|1473|1172|1021|1492|1279|1027|1774|1280|1362|1335|1489|1291|1004|1292|1492|1374|1140|1356|1499|1265|945|1175|1246|1275|1052|1203|1031|1279|1875|1229|1262|1352|1342|978|1067|1227|1185|1011|1083|1193|1147|1514|1177|1252|1229|1299|1574|1023|1432|1269|998|1296|1272|1347|1226|1021|1411|1154|1190|1314|1258|1181|1228|1263|1122|1534|1010|1230|1138|1335|1060|1292|932|1121|925|1321|1284|1305|1384|1282|1514|1266|999|1490|989|1034|1138|1045|1079|1064|1478|1124|1765|1335|1140|1151|1253|1154|1088|968|1185|1068|1471|1477|1140|1529|1052|1094|1113|1170|1065|1437|1108|1173|1092|1543|1237|1345|1625|1240|1327|1410|1407|1168|1034|1410|1261|1366|1395|1305|900|1093|1223|1371|1372
609|641|678|719|609|612|647|651|686|662|609|738|687|620|642|609|655|605|709|696|690|609|642|609|667|676|642|647|672|639|609|642|641|631|659|637|605|676|712|707|609|641|609|609|609|646|639|612|660|609|726|605|715|609|664|609|639|703|609|606|612|632|707|609|616|685|642|609|605|618|609|642|650|627|642|605|640|629|639|615|697|628|675|606|612|605|612|619|609|704|652|609|675|623|643|650|605|654|682|624|644|778|606|617|609|693|640|635|717|649|609|640|672|639|643|606|655|700|687|609|656|707|693|683|609|652|640|649|605|605|673|606|673|609|616|612|609|640|637|612|609|605|609|672|639|609|663|605|646|637|661|715|605|630|609|609|605|609|639|606|609|612|672|606|652|637|726|701|605|609|609|705|609|683|650|642|638|673|674|650|617|609|609|605|642|632|609|639|625|609|650|616|664|650|609|643|647|645|655|635|605|721|697|650|619|650|628|609|612|639|609|609|630|606|605|609|648|659|648|660|638|652|709|609|643|609|612|650|677|650|672|612|609|606|669|609|675|639|623|679|613|609|672|639|638|674|671|677|606|619
Iteração que foi encontrado o Melhor Global: 708
Quantas vezes o Melhor Global foi alterado (Lembrando que a verificação na inicialização acumula nesse contador): 17
Particula Inicial do melhor global:
0,948790|1,895797|0,244914|1,340355|0,451664|1,855743|1,700190|0,959036|0,951888|0,170465|0,822987|0,207309|0,664369|0,132248|1,689483|1,959857|1,628422|1,768628|0,807557|1,743921|0,531108|0,275038|0,870225|0,932831|0,491123|
Particula Final do melhor global:
1,159878|0,857386|0,208162|0,841923|1,490906|1,151841|1,099989|0,665065|1,391913|0,291860|0,263331|0,224993|1,043082|0,941093|0,502573|1,131381|1,554967|1,303940|0,735938|1,147941|0,431869|1,887608|1,140251|0,856032|1,432761|
A melhor solução desse PSO é:
2 11 10 9 20 14 7 18 3 23 1 13 
12 6 15 22 19 5 0 17 8 24 4 16 21 
Quantidade de trocas de:5,000000
Makespan: 605,000000
