1013|939|1126|813|950|818|779|750|908|986|792|963|1137|757|740|743|840|920|973|898|835|972|619|711|996|859|1151|1041|743|751|747|1078|872|720|746|808|606|794|804|690|859|690|799|778|731|734|1111|966|898|643|1071|604|923|933|718|764|1024|927|760|949|933|646|784|807|873|976|923|800|683|671|937|834|755|977|670|793|1015|699|1021|884|653|951|838|762|730|819|963|776|738|788|854|949|981|1015|847|799|880|947|903|798|1094|1186|1017|801|1094|878|698|656|1066|1035|727|885|686|864|885|909|961|913|687|941|697|716|751|721|763|738|696|681|737|729|868|850|833|771|1039|727|703|769|713|869|894|830|1092|877|673|928|895|758|632|847|968|1019|1005|884|718|818|743|1330|772|889|711|827|576|783|745|836|1077|984|678|755|1159|854|867|872|873|817|1003|845|740|752|823|1116|766|764|791|957|811|957|683|992|711|670|898|821|965|793|630|773|903|689|932|894|790|755|856|671|1016|1001|561|771|1051|805|817|727|896|679|853|787|903|757|831|824|883|628|782|854|905|683|1113|718|716|784|877|666|718|787|830|795|865|745|1384|999|582|866|728|834|923|728|854|760
447|498|507|452|472|447|476|452|492|489|447|490|447|471|447|472|490|447|472|489|447|515|472|469|488|447|477|530|447|488|488|447|471|491|519|477|493|488|451|491|527|447|447|452|447|490|447|485|447|447|520|484|517|494|494|505|447|447|468|475|447|515|499|471|506|447|491|526|494|470|494|559|447|447|504|476|494|488|447|447|529|447|472|490|472|494|452|472|447|500|447|494|477|496|512|468|472|476|521|447|447|447|534|452|493|447|496|482|492|447|447|490|520|490|447|472|447|447|447|447|513|491|471|476|518|447|447|490|490|490|488|468|452|506|530|493|457|471|537|483|485|447|447|470|490|494|481|463|492|512|469|447|490|494|488|471|544|511|447|494|490|471|524|472|520|447|490|447|475|516|490|447|447|463|447|452|515|447|493|447|467|447|468|447|474|476|447|504|447|452|447|447|481|472|472|469|447|481|490|494|472|552|447|497|447|447|494|447|509|447|467|470|447|447|447|447|447|447|492|452|476|479|472|447|447|447|490|487|447|447|454|519|447|513|469|494|447|516|470|447|492|490|447|447|447|532|447|471|472|447
Iteração que foi encontrado o Melhor Global: 182
Quantas vezes o Melhor Global foi alterado (Lembrando que a verificação na inicialização acumula nesse contador): 8
Particula Inicial do melhor global:
1,481072|1,963387|1,779407|1,718686|1,346191|0,963698|1,995186|1,981978|1,580331|0,879091|1,720433|0,956926|1,441531|0,953075|1,986195|0,572760|0,094835|1,149917|1,032746|1,997095|0,936225|0,724389|0,660425|0,380330|1,243924|
Particula Final do melhor global:
1,621388|1,419735|1,464690|0,874357|1,273343|1,361816|0,332486|0,534109|1,131356|0,485450|0,371772|0,413157|1,510394|1,014445|1,059528|0,367640|1,724231|0,082531|1,757941|0,818562|1,922446|1,605464|0,658802|0,962169|1,227520|
A melhor solução desse PSO é:
17 6 15 10 11 9 7 22 19 3 23 
13 14 8 24 4 5 1 2 12 21 0 16 18 20 
Quantidade de trocas de:6,000000
Makespan: 447,000000
