1429|1679|1484|1410|1352|1744|1439|1672|1512|1590|1293|1782|1524|1548|1923|1680|1453|1925|1388|1389|2059|1363|1942|1723|1401|1458|1835|1756|1600|1284|1479|1937|1812|1650|1615|1843|1848|1534|1638|1714|1281|1485|1451|2384|1464|1399|1564|1641|1744|1749|1581|1517|1512|1585|1507|1305|1482|1817|1541|1799|1628|1772|1476|1413|1749|1294|1369|1506|1754|1669|1682|1845|1808|1564|2019|1873|1602|1486|2066|1671|1347|1542|2046|1995|1823|1593|1795|1345|1442|1987|1492|1564|1650|1281|1850|1269|1553|1550|1753|1463|1681|2318|1381|1432|1719|1720|1782|1871|1385|1540|1989|1776|1725|1633|1628|1576|1346|1520|1354|1661|1273|1504|1376|1361|1817|1742|1894|1630|1614|1541|2036|1205|1513|1757|2151|1637|1844|2006|2217|1400|1442|2265|1399|1548|1428|1581|2393|1447|1961|2398|2677|1742|1501|1889|2020|1706|1728|1690|1424|1868|1888|1761|1427|1731|1742|1365|1657|1481|1751|1835|1850|1391|1704|1394|1640|1809|1561|1617|1876|1840|1768|1849|1690|1602|1524|1312|1450|1518|1707|1163|1474|1466|1483|2292|1449|1786|1821|1823|1372|1572|2012|1356|1314|1445|1374|2066|1785|1414|1450|1598|1347|1479|1602|1662|1419|1538|1606|1481|1578|2035|1764|1454|1589|2246|1595|1616|1776|1714|1615|1453|1740|1421|1674|1795|1638|1738|1458|1665|1257|1345|1360|1870|2259|1451|1936|1973|1561|1782|1409|1431
891|917|1063|891|978|971|1020|891|891|950|891|1003|930|1055|1021|891|891|1021|891|944|891|891|954|1013|984|891|988|891|891|938|917|1001|891|930|891|1016|917|1023|891|958|1075|1034|930|891|1012|891|1051|891|938|1053|891|883|980|1021|891|990|984|983|891|981|1005|891|988|971|891|1023|883|1035|952|958|948|938|891|997|891|891|1011|963|1022|891|1098|1098|891|891|891|980|945|1050|1024|891|1015|891|1019|1014|988|1025|1003|891|921|891|891|891|997|891|891|891|891|981|958|891|1086|891|891|1012|951|891|891|891|891|1001|891|891|1084|891|891|997|891|998|958|891|989|1023|891|891|958|930|891|891|891|891|891|997|1006|1045|891|891|950|891|950|980|1013|980|917|987|984|891|891|891|891|891|891|891|891|959|997|981|891|994|891|958|891|891|891|891|891|950|958|891|891|891|891|984|917|1018|1053|918|930|1005|1034|1088|891|891|891|891|891|891|891|994|921|1066|917|891|930|984|891|891|1043|988|891|917|891|891|984|917|938|891|1085|891|891|1079|891|891|891|917|891|978|891|1053|891|958|891|971|891|891|1016|986|891|891|891|1122|891|891|951|1011|917|917|891|996|891|1066
Iteração que foi encontrado o Melhor Global: 969
Quantas vezes o Melhor Global foi alterado (Lembrando que a verificação na inicialização acumula nesse contador): 11
Particula Inicial do melhor global:
0,805027|0,321261|1,618079|0,851177|0,164922|1,691846|1,191369|1,152187|1,521589|0,631497|1,224389|0,072041|1,308801|1,844677|0,228021|0,609502|1,574885|1,848519|1,824702|0,487357|0,870142|1,063572|0,012456|1,650155|0,913493|
Particula Final do melhor global:
0,198733|1,524991|1,155658|0,430805|1,034881|0,947484|0,480809|0,138242|0,627561|0,845682|1,412523|0,680822|0,730093|0,184731|1,489896|0,518460|1,482926|1,366627|1,344200|1,433749|1,058471|0,822390|0,423749|1,188036|1,241879|
A melhor solução desse PSO é:
7 13 0 22 3 6 15 8 11 12 21 9 5 
4 20 2 23 24 18 17 10 19 16 14 1 
Quantidade de trocas de:14,000000
Makespan: 883,000000
