948|1021|832|723|790|970|816|565|687|626|991|1373|711|626|917|1034|692|589|803|842|849|846|693|899|789|883|816|658|820|1100|1171|642|1214|715|769|831|825|1025|939|751|774|864|834|834|1039|799|912|928|1247|629|1117|917|1064|1581|722|822|919|1038|811|796|837|822|770|971|971|780|1244|624|1039|962|1004|932|770|815|944|646|868|846|706|756|986|814|838|592|1025|1287|458|673|930|951|842|1120|922|873|738|1071|1040|1209|683|947|911|750|813|735|871|1180|746|847|709|602|778|898|518|575|1226|675|732|1116|1075|866|729|652|726|917|864|727|1254|1285|683|842|874|726|872|725|803|638|994|826|766|651|1825|686|732|1403|742|869|1272|667|1031|1071|781|662|817|747|605|883|1124|653|1180|747|724|722|812|590|983|634|774|600|706|750|1167|767|610|908|684|674|781|624|861|859|1304|888|728|1171|1057|674|941|744|706|853|757|733|768|884|757|789|1220|1079|809|896|768|818|785|1107|1000|679|906|511|526|1025|993|702|993|610|1119|849|1076|569|934|624|890|813|1217|1080|1035|974|649|682|649|974|1427|920|634|870|878|739|762|768|718|639|1212|999|643|928|904|962|939|836|715|1219
430|413|385|459|425|457|405|476|468|435|426|385|359|459|361|407|473|340|423|440|386|443|425|371|437|387|419|432|448|335|500|435|385|402|361|399|340|443|367|424|351|482|405|472|442|359|390|413|370|437|363|328|405|443|398|402|440|340|410|361|394|389|449|397|425|355|394|408|425|363|417|402|471|452|410|328|420|494|423|510|382|363|444|387|396|402|403|403|428|480|451|417|416|391|497|391|385|421|421|336|370|449|453|440|359|410|432|397|411|438|448|457|408|420|419|411|342|405|392|395|414|420|377|395|424|411|443|360|438|359|406|348|424|439|467|430|424|418|364|402|328|379|432|423|468|402|452|443|407|454|450|443|417|413|391|427|434|441|437|467|444|398|395|398|439|410|402|470|415|428|419|411|427|408|439|431|340|407|467|370|435|382|377|384|420|436|419|336|423|406|385|453|391|458|370|345|340|364|361|384|436|426|438|384|377|456|503|457|371|343|452|437|433|424|425|452|382|431|430|442|365|367|405|375|403|413|402|421|336|395|408|411|421|424|437|382|431|436|415|400|427|414|437|441|335|340|419|406|454|412
Iteração que foi encontrado o Melhor Global: 661
Quantas vezes o Melhor Global foi alterado (Lembrando que a verificação na inicialização acumula nesse contador): 12
Particula Inicial do melhor global:
0,628722|2,223889|1,712908|1,426603|2,803783|3,790837|2,305084|1,977691|2,920330|0,853697|1,264702|3,829442|0,768272|2,044528|1,388091|1,254041|0,578523|1,184509|3,516006|1,551978|1,254878|1,409532|1,080990|1,036201|3,007279|
Particula Final do melhor global:
0,441106|3,517329|2,317461|0,334415|2,866813|1,185279|0,855273|0,247296|0,547124|3,837835|1,214171|3,884451|2,455255|2,004788|0,739858|0,705828|1,821926|2,852702|1,699166|3,628788|1,097377|1,886593|0,864068|2,240491|3,763369|
A melhor solução desse PSO é:
7 3 0 8 15 14 6 22 
20 5 10 18 16 21 
13 23 2 12 17 4 
1 19 24 9 11 
Quantidade de trocas de:7,000000
Makespan: 328,000000
