524|717|700|698|606|483|702|597|627|910|1055|833|710|1100|970|683|1322|755|496|767|1132|900|605|640|1178|711|605|613|1380|974|682|826|666|676|699|682|837|827|1094|824|995|529|749|644|932|638|595|775|666|693|837|857|625|540|697|739|658|709|919|801|872|1017|760|872|1080|1059|1211|882|1149|1107|1188|1010|632|1071|705|814|858|789|701|743|589|931|621|933|701|610|746|815|1152|616|678|637|631|1154|1209|639|520|906|835|613|1089|707|628|746|1009|670|683|1163|728|1076|875|662|777|591|862|733|811|796|625|795|668|700|665|1052|1006|888|797|885|714|775|982|693|550|927|679|1013|930|959|767|628|653|668|736|835|718|814|653|601|600|1119|848|717|791|866|794|779|795|800|883|885|807|650|735|766|890|699|666|684|976|682|697|778|681|1031|957|1014|957|1072|635|794|679|896|941|810|932|1055|814|731|653|852|785|948|689|713|684|1145|731|623|764|542|575|750|833|852|871|650|1106|715|559|667|710|651|537|919|700|815|623|766|796|600|622|649|652|850|908|773|1252|901|796|576|1125|860|585|815|767|1125|713|688|633|919|1098|711|720|766|691|792|601|793|657|615
397|406|389|388|406|398|396|387|387|415|389|432|367|381|440|387|393|391|367|414|348|404|431|387|447|365|436|371|383|411|381|410|388|435|386|398|437|390|393|372|376|371|433|399|451|392|390|386|379|392|468|374|382|390|453|384|406|449|434|367|388|418|389|381|442|411|431|370|381|361|416|414|444|391|411|390|371|393|387|428|405|364|393|375|409|394|388|398|446|419|422|398|374|430|468|390|387|383|399|375|449|373|388|429|386|367|405|367|378|440|431|471|415|465|372|376|402|357|420|380|443|411|403|409|395|457|388|387|394|386|354|470|348|391|438|367|428|411|420|400|395|461|491|423|368|405|490|403|361|439|444|408|390|387|398|365|419|393|452|374|365|445|374|445|416|384|389|481|433|434|365|395|392|405|349|388|390|387|417|402|386|387|415|453|348|367|398|385|478|388|441|408|363|368|431|477|433|389|444|396|433|399|418|433|415|402|390|489|387|429|398|367|372|420|457|413|390|398|398|398|388|388|418|389|415|428|442|377|386|414|386|367|395|389|354|428|383|406|377|430|378|348|414|385|428|362|454|436|399|367
Iteração que foi encontrado o Melhor Global: 683
Quantas vezes o Melhor Global foi alterado (Lembrando que a verificação na inicialização acumula nesse contador): 16
Particula Inicial do melhor global:
2,819757|1,397372|1,925442|0,645467|0,617346|1,782542|0,550076|0,685306|1,092340|0,407250|1,927038|2,117968|1,664861|2,996013|0,398597|0,448385|2,986283|2,402007|1,705789|1,072739|0,647661|2,738221|2,000035|2,260633|0,538663|
Particula Final do melhor global:
1,965315|2,649544|1,757729|0,903968|1,933705|1,534793|1,633707|1,921708|1,377275|1,248302|2,704268|1,680294|0,192809|0,456284|0,789072|0,903840|2,433669|1,255553|0,955149|1,867168|2,483978|0,811206|0,673332|0,513649|2,539768|
A melhor solução desse PSO é:
12 13 23 22 14 21 15 3 18 
9 17 8 5 6 11 2 19 7 4 0 
16 20 24 1 10 
Quantidade de trocas de:2,000000
Makespan: 348,000000
