657|628|537|579|761|355|868|703|1181|516|598|589|502|532|586|532|799|753|529|684|907|506|831|467|634|581|607|556|503|669|683|873|707|576|680|534|694|720|690|547|633|563|973|620|641|739|968|746|428|684|782|805|922|551|661|498|533|503|655|565|542|1035|691|750|631|541|1023|801|824|710|570|641|781|689|617|650|549|581|902|457|569|731|522|400|599|478|503|826|526|768|840|638|681|787|712|569|436|710|490|783|695|727|486|546|926|606|657|495|610|984|965|616|756|650|980|803|481|669|764|774|677|548|794|677|529|579|704|644|390|722|434|909|648|797|572|692|618|434|475|635|469|668|460|468|494|576|415|624|541|525|652|459|868|466|619|548|639|717|310|491|642|639|669|669|562|569|765|825|755|471|721|530|438|890|713|526|724|759|480|648|659|847|528|448|561|580|446|567|655|549|574|743|692|684|434|879|692|641|673|788|520|544|637|483|495|490|449|565|539|618|627|370|474|542|616|538|799|729|443|599|900|739|681|595|716|642|658|527|623|713|697|745|925|480|934|525|845|458|474|725|690|648|583|549|696|496|797|515|406|537
300|278|347|286|317|320|309|334|305|282|317|341|282|315|297|289|296|322|297|294|289|303|298|324|226|331|254|272|343|276|269|322|317|288|326|319|342|298|368|306|316|255|238|249|378|294|243|289|309|310|248|307|240|248|273|312|351|279|255|310|310|258|258|315|258|298|276|312|312|295|313|307|316|294|247|366|322|279|290|335|310|310|301|234|356|225|282|322|276|308|303|341|280|271|248|307|283|255|362|244|341|287|328|313|257|307|267|324|320|306|268|289|351|338|225|297|305|363|338|274|319|311|257|225|310|317|337|303|271|340|240|315|289|317|227|269|307|349|275|342|300|375|312|373|334|305|345|297|266|312|332|273|280|331|318|249|357|303|301|292|333|320|298|295|227|304|330|330|290|305|303|274|327|305|292|225|294|306|316|276|297|290|320|233|324|278|339|249|267|277|336|290|344|327|255|350|295|278|268|302|225|294|322|319|324|291|324|279|255|332|304|352|266|302|319|338|349|293|314|340|225|318|251|307|345|310|303|294|265|306|297|285|289|286|225|252|312|297|247|310|257|236|311|333|276|290|341|315|338|340
Iteração que foi encontrado o Melhor Global: 628
Quantas vezes o Melhor Global foi alterado (Lembrando que a verificação na inicialização acumula nesse contador): 12
Particula Inicial do melhor global:
0,638525|2,254317|0,812443|1,958590|3,931429|1,624626|2,733430|0,102044|2,584888|1,698764|0,102793|3,080250|2,343872|1,579880|3,047473|3,447699|1,934792|1,775441|3,558596|0,731726|1,082124|3,564328|3,394324|3,669235|0,223838|
Particula Final do melhor global:
3,269145|1,377171|1,839454|3,610958|1,550527|0,451413|1,251208|2,205631|0,658688|0,173177|1,421718|2,969438|3,129493|0,920718|2,631108|3,344899|2,994248|1,532797|0,576853|2,755860|2,197385|0,538933|3,918447|0,557467|3,783200|
A melhor solução desse PSO é:
9 5 21 23 18 8 13 
6 1 10 17 4 2 
20 7 14 19 11 16 
12 0 15 3 24 22 
Quantidade de trocas de:1,000000
Makespan: 225,000000
