541|548|669|769|565|808|1026|784|758|744|760|926|654|537|814|782|769|620|541|787|626|691|572|668|614|607|607|843|1195|493|485|712|918|510|397|673|737|720|693|1013|792|676|496|669|564|906|728|613|384|772|571|719|583|587|708|492|415|601|469|598|614|807|577|540|1247|458|442|947|788|411|996|405|1031|1419|585|650|753|626|568|750|563|627|659|643|694|717|837|563|576|610|664|682|612|602|497|616|617|576|880|451|599|620|928|620|656|673|606|467|899|473|548|807|507|541|730|606|665|478|582|531|508|586|638|1158|539|883|654|473|551|603|940|833|933|391|430|466|430|683|747|562|654|609|779|674|472|656|568|846|672|968|727|935|875|523|1099|586|720|516|513|502|719|502|627|546|485|446|598|520|543|937|489|570|876|490|560|764|787|571|443|614|447|702|560|573|746|585|816|909|620|687|659|476|950|826|675|728|518|808|417|397|1131|839|713|659|650|800|480|698|643|766|501|747|768|642|565|708|401|755|772|580|717|438|587|605|737|532|493|467|721|606|534|669|560|556|650|945|607|803|667|731|823|627|516|483|1016|536|529|571|744|657
316|301|214|303|253|214|214|230|289|279|259|273|214|258|248|223|214|250|284|265|214|225|235|214|249|252|292|269|268|214|287|240|214|214|214|233|299|214|319|267|214|291|214|241|258|244|249|269|230|238|275|262|296|214|268|255|214|265|266|233|234|248|226|214|268|303|214|242|324|254|233|214|252|237|240|214|254|214|240|298|214|249|255|245|242|268|214|214|242|240|280|267|278|223|258|223|242|214|316|228|242|242|214|330|240|284|214|214|253|283|230|214|266|214|219|242|233|226|249|214|305|233|214|223|214|214|241|335|240|226|268|214|239|258|214|257|272|256|230|214|245|299|235|214|237|242|263|228|295|214|237|214|244|242|249|240|233|263|249|249|232|323|278|307|279|253|214|312|291|214|276|249|300|230|230|278|270|214|262|257|240|230|233|230|230|221|253|257|242|240|253|275|282|225|214|290|250|276|268|310|242|259|225|214|225|261|214|242|285|214|242|292|238|234|312|214|296|276|234|214|214|284|234|214|225|214|333|250|231|242|241|271|214|214|228|287|214|214|214|287|290|214|266|225|214|242|244|250|214|247
Iteração que foi encontrado o Melhor Global: 217
Quantas vezes o Melhor Global foi alterado (Lembrando que a verificação na inicialização acumula nesse contador): 14
Particula Inicial do melhor global:
2,540163|3,704895|0,008580|1,183957|3,811370|3,705640|1,621360|2,799384|3,979649|2,093989|3,272477|2,456033|0,105662|2,197588|1,279895|3,814524|3,443612|1,292707|0,503837|0,037171|3,434375|1,021343|1,963543|2,669001|1,787271|
Particula Final do melhor global:
1,328011|0,658159|3,713091|0,648006|0,994902|2,208354|1,991904|3,023839|1,500358|2,819886|2,529948|1,084024|2,565733|0,834660|0,524940|3,564538|3,307630|3,010153|1,436325|2,153434|1,452519|2,541659|3,476685|3,313795|2,315459|
A melhor solução desse PSO é:
14 3 1 13 4 
11 0 18 20 8 6 
19 5 24 10 21 12 9 
17 7 16 23 22 15 2 
Quantidade de trocas de:0,000000
Makespan: 214,000000
