439|409|353|388|548|452|415|461|462|422|726|682|1087|362|425|573|331|483|379|301|508|510|586|385|390|590|700|481|527|360|757|379|699|462|601|434|349|484|498|378|619|633|483|522|625|305|383|547|435|451|873|365|737|360|668|415|503|586|457|473|586|428|435|379|555|734|346|322|416|467|399|317|378|476|381|320|503|453|558|419|611|350|415|377|526|464|583|527|763|583|725|468|340|377|533|383|531|487|616|462|341|442|405|442|585|501|492|423|416|417|550|345|552|519|509|436|479|573|577|586|379|460|710|922|483|396|465|400|556|546|414|454|684|588|672|293|417|525|379|257|548|504|531|425|553|372|309|261|506|802|626|478|297|476|648|387|455|337|400|456|480|297|367|294|526|786|305|376|492|573|610|428|538|499|476|477|451|528|490|462|520|494|398|399|540|751|537|564|477|319|464|430|551|393|641|495|634|490|409|383|266|653|608|473|459|337|550|410|610|302|488|587|449|611|490|316|387|567|434|392|276|512|291|460|645|496|333|592|493|707|330|378|445|441|408|502|660|529|479|309|602|432|480|504|590|742|400|342|455|492
160|221|218|194|164|168|195|237|158|168|221|154|156|160|188|185|201|190|185|166|164|196|154|215|198|162|194|161|225|217|232|152|230|154|188|170|154|209|226|222|191|217|199|212|187|239|172|204|195|215|153|173|224|167|249|168|154|154|185|177|207|224|228|194|240|160|214|181|176|215|184|198|218|240|160|181|154|197|213|187|237|203|207|188|211|217|179|228|193|235|156|158|179|218|185|204|170|207|152|171|226|196|215|186|243|154|234|173|205|214|209|163|193|154|236|170|199|153|154|172|175|154|240|188|164|219|235|170|223|165|246|237|229|235|244|206|239|185|233|194|216|197|189|222|224|173|248|230|236|180|155|178|189|166|214|213|154|190|189|158|160|195|206|235|171|213|209|156|164|152|156|165|190|206|196|197|235|156|225|187|168|170|152|169|187|217|154|164|208|158|156|222|183|224|194|237|168|182|171|174|173|172|156|227|228|179|233|215|224|156|154|201|154|177|154|248|225|208|204|219|219|177|207|217|202|214|223|189|220|196|152|159|152|154|164|220|154|201|156|176|184|154|189|215|256|154|160|194|211|186
Iteração que foi encontrado o Melhor Global: 664
Quantas vezes o Melhor Global foi alterado (Lembrando que a verificação na inicialização acumula nesse contador): 14
Particula Inicial do melhor global:
3,250925|0,707334|2,634509|2,776098|2,501726|2,052370|1,902378|0,113622|1,087205|3,698181|0,400919|3,744438|1,034995|0,508282|3,382452|3,662817|1,955679|1,102709|0,693078|3,906381|0,884376|3,281557|2,386230|3,410136|1,129994|
Particula Final do melhor global:
2,069411|0,650825|2,461573|0,448261|2,647014|0,885658|3,784605|1,006720|1,178015|3,749954|0,164830|1,772630|1,419854|3,441285|2,246638|1,992856|1,174441|0,303886|3,262994|2,816556|0,548153|3,937471|3,258931|2,238301|1,178028|
A melhor solução desse PSO é:
10 17 3 20 1 5 
7 16 8 24 12 11 15 
0 23 14 2 4 19 
22 18 13 9 6 21 
Quantidade de trocas de:0,000000
Makespan: 152,000000
