1049|987|964|916|935|1329|993|1230|884|980|951|1130|850|783|1121|891|779|644|1272|686|885|753|1293|1040|971|1022|872|971|1342|844|1078|826|1173|847|1181|1306|855|859|1026|835|928|691|857|808|657|698|1011|617|899|773|1636|1221|1039|1259|742|1002|1119|816|1132|1470|886|1218|834|1002|708|993|939|932|812|1185|1359|723|1038|652|1180|1307|1074|1324|1174|600|871|939|932|1215|680|889|851|605|842|1298|1000|1002|1197|919|651|734|1209|912|911|655|844|729|963|627|1051|1188|695|864|1028|1065|813|1094|1042|788|918|858|1025|939|1176|1100|838|1012|1425|853|1177|1077|893|1103|768|892|1034|1242|869|979|907|832|996|850|939|1043|765|727|1061|852|749|1152|856|1106|974|1044|716|1153|692|1441|1430|948|809|887|959|698|866|1092|1032|1315|803|936|906|906|1132|1201|797|750|1119|825|934|967|780|824|1273|766|821|871|886|1084|857|833|869|990|673|888|1025|987|987|865|720|1107|1522|909|1180|876|818|1245|794|740|809|879|767|785|1080|1019|1032|894|1033|1583|1264|953|992|1044|944|633|792|1091|910|841|722|870|911|861|608|883|698|1001|862|908|776|810|815|819|709|871|1297|935|733|942|1165|1195|1126|950|732|939
423|433|455|463|437|535|511|495|488|454|489|382|416|394|482|485|505|512|424|459|506|496|549|432|383|470|453|533|398|493|543|463|467|496|405|495|418|557|509|474|453|480|463|425|383|383|540|383|501|480|490|463|508|434|480|508|494|387|466|531|471|484|386|431|430|461|494|449|487|386|441|383|382|548|434|382|526|486|502|512|383|500|502|476|461|383|477|442|565|505|474|484|452|495|398|493|432|432|460|429|491|490|383|464|512|459|487|529|383|486|467|386|475|401|405|434|383|433|398|432|463|483|450|383|432|419|504|486|467|492|491|481|386|512|549|527|478|389|386|466|516|383|580|443|467|501|492|383|498|551|497|540|483|504|495|480|490|434|486|383|477|442|492|467|528|466|383|468|502|472|462|505|466|428|455|489|462|463|543|433|389|471|434|454|410|474|518|539|555|461|439|398|497|501|544|486|470|430|422|477|493|382|480|445|427|496|434|477|496|488|497|458|477|478|481|473|428|383|454|433|443|445|487|383|416|459|486|463|492|398|537|475|490|505|432|444|441|441|488|445|468|485|386|449|474|531|456|398|457|455
Iteração que foi encontrado o Melhor Global: 858
Quantas vezes o Melhor Global foi alterado (Lembrando que a verificação na inicialização acumula nesse contador): 15
Particula Inicial do melhor global:
2,390347|2,355329|0,399412|0,402349|1,526472|0,458675|2,377713|2,433854|0,731024|2,181918|1,365918|2,401123|2,442998|2,944804|0,264157|1,648829|0,194678|0,811580|2,425461|2,596076|0,588050|1,966397|2,717381|2,594625|1,760861|
Particula Final do melhor global:
2,532393|2,540778|2,061351|0,020245|0,866448|1,217456|0,429951|1,789283|2,439501|2,593652|0,028757|2,857488|1,238665|2,533942|1,372821|1,409714|2,850557|1,113282|0,170280|1,248254|0,939178|1,081182|0,771859|0,918771|2,420260|
A melhor solução desse PSO é:
3 10 18 6 22 4 23 20 
21 17 5 12 19 14 15 7 
2 24 8 0 13 1 9 16 11 
Quantidade de trocas de:6,000000
Makespan: 382,000000
