427|484|534|570|703|743|462|515|481|662|428|480|480|479|901|405|445|384|466|513|576|578|630|479|494|598|511|627|485|417|453|606|558|573|721|675|515|436|475|462|548|572|608|498|524|545|631|487|608|529|617|555|670|570|550|404|600|567|626|745|505|453|488|502|577|484|466|464|587|482|498|581|456|399|527|504|454|572|416|422|671|664|399|519|616|700|665|530|414|541|449|401|461|558|462|514|501|659|469|527|470|457|424|415|569|477|556|524|469|556|542|480|548|439|573|435|465|451|416|439|585|675|554|521|447|451|628|522|499|535|497|614|525|562|667|606|728|427|640|450|677|464|570|595|387|895|538|554|468|525|556|502|590|669|556|765|628|615|428|693|469|753|516|580|453|441|444|635|503|765|614|532|510|564|585|501|694|530|426|523|445|531|653|553|776|533|667|455|463|483|429|510|505|607|570|461|457|657|448|537|527|444|452|556|426|629|513|531|676|776|611|470|582|473|552|523|649|696|505|583|440|608|481|804|498|577|462|534|493|531|601|530|526|518|616|602|494|382|619|625|469|499|476|603|458|730|475|592|440|826
331|352|309|306|311|337|311|315|311|311|311|344|335|326|338|317|311|347|344|344|311|341|336|309|328|311|314|311|343|336|311|311|319|298|311|333|331|296|311|334|298|309|326|311|296|328|326|327|340|328|311|348|309|319|311|348|314|355|309|336|321|321|311|311|316|321|323|326|327|311|315|296|332|311|311|311|309|326|324|311|311|326|309|311|311|330|309|319|309|366|311|332|322|311|324|332|334|328|321|342|311|311|359|311|311|309|320|306|311|306|323|313|326|342|345|325|311|311|325|362|353|311|311|298|346|332|317|311|342|309|343|311|344|296|338|311|314|311|340|311|352|323|351|344|341|323|322|309|323|306|330|337|319|337|311|320|326|347|336|311|317|311|338|311|316|301|311|304|350|332|324|327|327|324|319|309|311|355|316|319|337|356|333|335|316|344|311|333|327|298|341|326|311|319|341|314|311|309|311|347|324|311|368|319|328|349|325|332|311|311|328|326|316|319|340|311|311|308|326|311|313|332|311|321|311|311|341|311|311|331|326|348|314|311|311|328|311|328|315|335|331|344|314|337|328|323|321|317|326|309
Iteração que foi encontrado o Melhor Global: 865
Quantas vezes o Melhor Global foi alterado (Lembrando que a verificação na inicialização acumula nesse contador): 12
Particula Inicial do melhor global:
2,672891|0,929851|1,826764|2,645956|0,832409|1,948027|2,929282|0,345884|0,702868|1,017021|0,990738|0,122338|2,974934|0,229419|2,130663|2,684050|2,410761|1,501102|1,998729|2,782808|2,043023|0,420637|1,587434|2,075480|2,257061|
Particula Final do melhor global:
0,694712|0,086700|2,291353|1,561343|2,391987|1,907734|0,795450|0,977324|0,543812|1,370273|2,536512|1,514084|1,900488|1,812840|0,897052|1,840414|2,605346|2,480662|2,599736|0,844240|2,241210|1,895197|0,659618|2,785345|1,214452|
A melhor solução desse PSO é:
1 8 22 0 6 19 14 7 
24 9 11 3 13 15 21 12 5 
20 2 4 17 10 18 16 23 
Quantidade de trocas de:9,000000
Makespan: 296,000000
