1010|940|1281|1449|652|946|859|718|1169|840|689|863|1016|927|987|1138|1044|801|964|875|797|840|1238|660|800|801|735|856|661|636|839|1189|827|649|959|743|763|1017|846|1224|1086|625|780|885|1283|842|699|1046|934|644|940|803|953|842|632|937|852|742|903|1235|695|701|795|888|633|1404|758|803|848|965|891|674|1076|639|593|806|873|854|791|690|824|619|1221|1385|702|615|841|849|1079|893|852|919|691|974|825|689|1109|749|728|1292|1354|1131|808|1255|897|985|764|747|950|763|1350|999|626|1074|685|1464|761|678|655|994|781|651|642|919|818|740|659|687|680|1224|770|587|570|1065|682|603|1030|1080|775|1019|843|844|919|902|1182|1356|1141|693|983|976|693|1146|759|1248|1010|917|830|1055|634|795|719|706|611|1037|1145|899|972|1132|806|615|752|937|938|657|881|781|694|985|690|954|1024|834|712|805|769|768|721|756|849|820|614|962|901|1195|1122|690|810|775|940|707|719|797|744|877|753|696|1019|862|1268|602|848|693|741|600|866|771|973|967|942|1580|775|674|691|1112|1145|1132|661|1505|590|543|783|988|868|828|1121|708|711|819|1045|616|949|695|1090|1060|862|732|882|1032|973|680
436|343|463|268|338|273|268|419|269|416|428|268|396|301|343|367|268|453|354|420|333|268|484|268|308|416|405|354|371|420|336|371|343|297|268|329|411|383|268|369|445|464|376|395|474|449|370|367|390|268|404|380|412|268|392|268|356|333|268|413|432|344|327|404|268|390|448|268|268|342|390|268|458|369|268|268|445|372|268|426|269|268|387|426|343|369|268|268|268|502|343|273|327|422|268|409|405|440|367|342|467|497|268|405|268|352|456|268|268|427|408|390|448|338|268|357|359|421|374|459|268|391|393|433|387|418|461|438|273|393|268|285|481|417|376|268|360|269|268|268|268|268|308|281|269|378|328|268|338|406|268|268|268|268|293|268|268|325|268|376|268|353|333|268|338|384|452|377|483|268|268|457|268|343|392|386|420|361|268|268|437|268|268|327|268|268|375|269|268|346|343|411|268|475|396|370|419|268|462|268|310|448|268|445|426|359|333|431|454|493|268|406|268|273|417|268|268|269|324|374|354|391|392|366|376|343|451|268|359|458|269|268|308|457|342|343|428|387|382|268|268|464|414|327|365|459|268|419|435|420
Iteração que foi encontrado o Melhor Global: 677
Quantas vezes o Melhor Global foi alterado (Lembrando que a verificação na inicialização acumula nesse contador): 18
Particula Inicial do melhor global:
2,116325|1,213543|3,736294|2,637058|2,869405|1,153203|0,735973|0,068074|0,402333|2,147007|3,318726|3,829955|2,171975|1,243897|1,759323|2,130461|1,292020|0,853399|3,640804|2,446685|2,823005|3,966319|0,650429|0,067309|1,715473|
Particula Final do melhor global:
1,897238|1,469004|3,078840|0,679499|2,186026|0,820059|1,360465|0,979637|3,350183|0,609210|0,526411|2,373768|3,679909|1,610443|1,544754|1,932614|2,279006|3,375888|2,667519|1,350128|2,440143|0,531055|1,546144|2,486388|3,412342|
A melhor solução desse PSO é:
10 21 9 3 5 7 
19 6 1 14 22 13 0 15 
4 16 11 20 23 18 
2 8 17 24 12 
Quantidade de trocas de:4,000000
Makespan: 268,000000
