332|424|371|355|293|435|371|441|309|336|322|315|425|277|502|331|653|327|462|361|362|320|445|554|470|468|340|490|432|336|376|391|419|360|338|478|389|366|456|479|341|392|547|284|350|542|422|432|391|611|408|386|401|349|430|289|371|517|438|402|398|467|449|494|350|425|443|318|360|428|455|537|428|345|409|554|312|450|399|335|289|301|645|355|339|298|396|343|434|313|361|463|327|516|350|470|439|361|344|290|365|295|381|331|405|529|376|372|361|411|326|417|432|382|678|411|361|545|412|510|359|297|332|460|501|501|357|455|450|315|399|407|412|322|561|317|357|438|446|408|506|327|343|421|400|500|359|365|385|294|355|332|418|419|426|367|387|349|420|423|525|343|374|422|367|371|461|409|362|427|381|475|488|341|362|283|446|305|324|410|350|384|342|359|312|374|436|382|345|448|319|373|383|420|401|314|328|385|375|448|342|450|363|449|466|364|504|458|332|459|384|376|465|521|540|378|435|530|375|386|352|453|357|338|495|284|505|573|530|477|399|431|400|374|292|531|420|422|335|471|451|383|357|319|364|452|317|451|377|354
246|259|232|267|252|250|255|245|247|254|242|237|239|251|256|238|260|242|258|249|250|270|240|256|253|255|245|256|248|251|261|254|245|251|228|246|250|260|253|257|243|253|265|247|227|261|252|242|261|266|248|256|263|256|255|260|244|247|241|256|246|267|254|253|256|256|256|256|245|238|227|256|251|257|259|238|261|254|246|242|256|247|244|251|257|247|247|257|245|249|243|248|248|264|234|256|256|260|253|262|247|256|241|267|260|255|241|246|256|255|234|238|254|240|254|262|253|255|256|254|248|249|255|248|249|257|257|227|244|249|250|263|245|258|252|254|263|237|257|234|246|242|261|246|242|242|267|264|252|247|259|254|267|252|257|253|259|250|253|227|261|248|242|238|241|257|247|245|249|251|238|233|260|242|243|253|257|274|251|241|250|238|252|260|256|248|256|245|257|244|252|247|261|259|245|248|261|250|254|259|252|259|246|254|242|251|252|261|258|252|258|267|234|238|264|246|245|249|234|265|245|247|263|252|256|264|259|251|268|244|277|234|246|256|238|234|246|252|249|246|242|264|256|244|258|260|255|259|255|255
Iteração que foi encontrado o Melhor Global: 465
Quantas vezes o Melhor Global foi alterado (Lembrando que a verificação na inicialização acumula nesse contador): 9
Particula Inicial do melhor global:
1,270817|1,167534|0,578384|0,346883|2,263980|2,835147|2,019012|0,053929|0,078668|3,756764|0,861986|3,263491|2,107156|3,435322|0,140565|2,327077|2,839659|2,681558|2,458458|2,581229|0,695213|3,932318|2,568630|2,169044|1,642315|
Particula Final do melhor global:
1,591125|1,785853|3,958019|3,026746|1,035061|1,724729|1,372351|3,179944|0,915113|0,583633|2,317388|0,479194|0,490600|2,077547|1,326334|0,865169|2,269365|0,440572|3,169160|2,425380|3,183588|3,544292|1,055493|2,888091|1,667373|
A melhor solução desse PSO é:
17 11 12 9 15 8 
4 22 14 6 0 24 5 1 
13 16 10 19 23 
3 18 7 20 21 2 
Quantidade de trocas de:1,000000
Makespan: 227,000000
