814|1023|1000|993|998|989|899|844|934|728|862|1473|778|1011|836|979|998|817|1195|1134|923|952|899|892|1030|990|980|1439|877|960|1010|1192|927|1237|1196|942|932|879|1046|933|881|1222|688|1306|1027|777|716|1062|937|681|1282|926|950|1443|1132|950|839|849|813|844|1017|898|946|1107|1128|950|1039|890|919|1070|972|853|1155|692|835|923|934|927|768|979|993|764|923|873|823|969|686|1070|897|818|809|1497|1034|1054|1048|854|988|1004|966|929|914|844|857|1114|1312|924|959|932|771|794|1062|937|910|782|920|962|1306|1081|1042|687|956|1081|759|731|813|906|883|1056|1190|896|973|1259|929|912|834|1025|794|1044|864|1277|861|851|905|1016|1393|899|997|860|1008|826|948|941|871|907|958|924|992|1068|938|913|847|1178|783|1125|1083|1245|1108|817|1013|1146|1101|901|770|1014|1059|696|1071|1148|903|804|1054|744|887|816|1188|838|841|827|857|892|1260|1290|839|1075|1395|980|1289|962|1025|1006|977|932|897|879|722|851|1045|1024|1097|857|959|1258|1229|972|1137|1259|809|1059|1047|857|1265|816|1304|915|961|1034|1318|871|1144|1221|1048|956|934|1217|847|931|1184|1114|864|1176|818|1080|831|1138|1148|1036|984|917|795|1197
569|511|574|547|569|511|511|511|511|511|511|511|511|513|511|511|511|533|511|511|511|511|511|516|511|511|533|511|511|528|511|511|511|511|511|555|511|511|511|511|511|511|580|511|511|511|527|511|583|511|511|563|511|550|511|511|511|511|511|511|511|511|511|550|511|553|511|511|511|511|521|511|511|579|511|511|511|511|511|511|511|511|594|511|511|511|514|511|533|612|511|511|511|511|533|511|511|511|511|511|511|511|511|511|511|511|511|511|550|511|511|511|511|531|511|511|550|545|511|511|511|511|533|511|511|511|511|511|514|592|511|511|511|511|511|511|563|511|511|511|613|536|511|511|511|511|511|546|511|564|511|511|511|511|511|511|511|511|511|511|511|511|514|511|511|511|555|511|511|511|511|511|511|511|567|519|511|511|511|578|569|511|511|582|511|511|511|511|511|511|511|511|511|511|511|511|511|511|511|511|511|511|511|545|511|511|511|511|511|516|511|511|587|511|511|511|511|531|511|511|523|511|511|511|511|550|511|511|511|511|577|511|511|511|511|511|511|531|511|511|511|511|511|511|511|511|511|545|511|584
Iteração que foi encontrado o Melhor Global: 5
Quantas vezes o Melhor Global foi alterado (Lembrando que a verificação na inicialização acumula nesse contador): 4
Particula Inicial do melhor global:
0,245659|1,122057|1,568004|1,760537|1,191090|0,929951|1,322381|0,665310|0,161780|0,657586|1,180786|0,347775|1,153039|0,274225|0,135603|0,140527|1,742897|0,739117|0,422418|1,204600|1,701795|0,102519|1,397266|0,076123|0,653290|
Particula Final do melhor global:
0,515227|0,557297|0,723539|0,523856|0,648684|1,347334|1,147539|1,783370|0,210640|1,059134|0,262036|0,421803|1,324646|0,721859|0,620184|1,525449|0,640444|1,868541|0,474903|1,155490|1,733725|1,700357|0,285279|1,397430|0,054169|
A melhor solução desse PSO é:
24 8 10 22 11 18 0 3 1 14 16 4 13 2 
9 6 19 12 5 23 15 21 20 7 17 
Quantidade de trocas de:5,000000
Makespan: 511,000000
