566|1186|775|883|596|1270|1099|881|728|520|1131|862|971|822|809|969|944|952|1044|995|1149|1530|804|969|899|952|607|942|1189|929|1138|916|1264|961|1287|600|1035|806|768|706|738|546|712|893|1163|671|720|1052|972|990|1026|1172|812|847|662|737|1215|899|1084|753|774|976|766|639|847|1184|835|1030|1344|1024|1116|885|760|870|933|1014|993|899|1076|1387|871|1121|840|798|944|894|903|895|1044|1153|1007|1110|1050|617|965|1028|1180|1219|715|715|1213|904|761|1117|778|910|1041|971|576|974|848|897|944|735|737|924|732|834|676|1022|836|1320|1296|1267|967|850|943|898|780|811|1296|1124|801|982|873|926|814|835|826|1078|1270|882|1072|922|1133|762|962|644|771|943|959|573|731|1123|780|838|860|685|809|775|678|913|886|1251|691|784|1129|723|686|845|866|1023|751|663|1076|770|989|826|1030|807|961|1279|946|653|768|1079|1205|578|1053|799|1255|881|858|766|973|1099|1360|1118|658|856|1178|808|1187|685|827|917|1040|838|649|775|980|803|612|599|886|1325|910|869|1104|880|816|772|593|488|1079|1155|1001|929|902|798|1157|753|1079|1513|1061|1030|798|783|1230|876|846|701|1049|1039|846|1272|642|660|947|712
373|406|381|376|433|397|479|380|488|404|319|493|467|482|380|413|344|418|417|411|306|447|352|343|436|460|306|305|351|373|335|446|409|340|407|319|382|423|422|454|421|305|401|459|435|338|426|382|405|449|452|471|406|355|424|452|304|406|418|306|380|455|351|400|410|457|464|358|305|444|305|305|384|453|405|451|460|305|479|426|465|360|306|305|442|449|429|351|403|305|442|412|388|422|366|364|395|435|461|383|441|418|431|405|421|319|328|470|436|418|470|374|457|417|453|347|448|438|475|387|414|412|430|363|403|421|378|422|305|305|345|455|397|416|305|402|373|381|404|436|389|319|415|395|429|401|356|396|374|386|403|443|384|355|469|421|483|413|398|389|430|383|428|401|443|321|392|445|407|305|445|406|387|425|420|395|488|463|351|432|391|305|306|382|368|413|467|401|423|377|328|397|387|364|383|426|401|420|421|386|464|366|440|447|389|319|395|429|412|447|461|428|448|405|442|450|319|421|447|391|421|414|440|466|399|409|457|400|485|317|333|433|496|373|361|395|305|412|414|373|411|410|496|424|449|328|323|387|414|414
Iteração que foi encontrado o Melhor Global: 879
Quantas vezes o Melhor Global foi alterado (Lembrando que a verificação na inicialização acumula nesse contador): 18
Particula Inicial do melhor global:
3,393574|0,374543|3,410347|1,728494|3,935863|3,335196|3,258447|0,988887|1,004627|3,312212|3,446191|2,085299|1,245187|0,761400|2,470198|1,740769|1,753975|2,809852|1,375463|3,221490|1,919097|3,986848|3,183567|2,164291|1,587689|
Particula Final do melhor global:
2,343970|2,925271|3,193062|0,393968|1,093220|0,856577|2,165089|0,947837|2,993116|0,398055|1,211808|0,509398|0,795023|3,791275|2,804978|2,261651|1,053480|3,482379|1,359200|1,910457|1,600529|0,380433|2,404766|3,179144|3,049097|
A melhor solução desse PSO é:
21 3 9 11 12 5 7 
16 4 10 18 20 19 
6 15 0 22 14 1 8 
24 23 2 17 13 
Quantidade de trocas de:6,000000
Makespan: 304,000000
