1094|1576|1314|1246|1263|1875|1086|1120|1236|965|1572|1009|1156|1298|1314|1270|1463|1162|1655|1034|1060|997|1674|1177|1117|1460|1051|1015|1601|1188|1299|1465|1488|1003|993|961|1105|1056|1362|1065|974|1369|1368|1194|1334|1069|1433|1252|1171|941|880|969|1011|1019|1454|1543|1224|1241|1205|1372|1071|1799|1193|1676|1126|1049|1106|920|1061|1369|1254|1245|1295|927|1039|929|1452|1094|1340|1048|1134|988|1457|1388|1208|919|1305|1432|1107|1505|1139|1263|1158|1082|1356|1320|1058|1317|1707|1306|1003|1606|879|947|1251|1040|955|1354|1821|950|1673|1506|1348|1379|1362|974|1201|1466|1853|1044|984|1103|1692|1793|1197|1301|1237|915|1667|1115|1358|1161|1241|1589|1007|1159|1107|1105|1389|1170|1326|1571|1450|1133|1651|1319|1163|1153|1186|952|880|1075|1163|1259|1082|1077|1245|1237|1302|913|1153|1116|982|1160|870|1364|1670|1155|1096|1165|1234|1032|1098|1310|1386|1242|1144|1619|1537|1554|1176|1035|1256|1098|1085|1519|1014|1768|1048|1241|1598|1149|1153|1381|1127|1220|991|1051|1451|1475|1369|1291|1582|964|1524|986|1296|1090|1115|1646|1214|1790|1124|1221|1308|1574|1227|951|1223|950|1056|1411|1314|1360|1180|1279|995|1154|1281|1313|1122|1409|1148|1628|881|1275|1285|1220|1065|1172|1153|1118|1245|1453|1317|1195|1183|1277|1170|947
607|607|607|607|607|607|607|607|607|607|607|607|607|607|607|642|646|607|607|607|642|627|607|607|641|607|607|607|607|671|607|607|607|607|607|607|646|607|607|607|607|607|607|609|607|642|632|607|673|637|607|651|607|607|642|607|607|646|607|607|607|607|607|607|607|607|680|607|607|607|607|607|687|607|607|607|607|607|641|607|672|654|607|705|607|673|607|670|607|607|607|607|607|607|651|607|607|607|607|607|643|607|736|642|607|607|607|607|607|607|607|607|607|607|705|607|607|672|607|607|607|607|607|607|642|607|607|632|607|607|607|607|641|607|637|632|607|607|662|705|607|607|607|607|607|607|607|607|607|607|607|607|607|607|607|607|607|607|607|607|651|649|607|646|607|657|642|661|607|641|607|607|607|654|607|658|641|607|607|672|642|642|607|607|642|607|607|607|607|672|632|607|607|672|641|607|607|607|607|607|607|607|607|607|705|607|667|607|607|607|658|607|607|607|619|609|607|607|607|607|607|607|654|664|607|648|673|607|607|672|607|607|607|607|607|607|607|607|607|712|607|637|607|607|607|607|654|607|607|607
Iteração que foi encontrado o Melhor Global: 54
Quantas vezes o Melhor Global foi alterado (Lembrando que a verificação na inicialização acumula nesse contador): 12
Particula Inicial do melhor global:
1,068820|0,612349|0,452430|0,267932|1,925950|0,624381|0,716177|0,003097|1,089384|1,682040|1,980250|0,899988|0,651244|1,228355|0,534279|0,514158|0,668152|1,632034|0,217277|0,839645|0,553553|1,294695|0,464812|0,186428|0,584966|
Particula Final do melhor global:
0,960236|0,383645|1,090235|0,728302|1,250206|0,726030|1,346775|1,472837|0,912265|1,476320|1,629284|0,535125|1,394563|0,433535|0,441093|1,492836|1,377847|1,223127|0,807286|1,127093|0,853527|1,798156|1,139494|0,868050|1,644659|
A melhor solução desse PSO é:
1 13 14 11 5 3 18 20 23 8 0 
2 19 22 17 4 6 16 12 7 9 15 10 24 21 
Quantidade de trocas de:5,000000
Makespan: 607,000000
