873|821|600|888|437|635|494|501|576|661|629|511|569|841|783|609|628|508|455|451|709|928|520|533|602|529|410|690|509|453|540|577|440|581|608|906|748|578|852|534|563|530|638|661|507|624|635|829|579|662|725|501|570|371|471|582|442|590|647|422|789|390|761|489|752|551|586|656|621|567|510|515|792|630|600|439|648|396|487|679|1013|608|562|784|483|489|619|951|810|545|422|503|535|455|843|594|518|481|601|575|485|577|484|566|433|466|485|624|607|577|650|668|656|675|603|548|464|770|752|484|614|621|449|862|574|541|427|672|532|515|469|464|492|449|507|568|452|633|800|643|602|804|809|658|613|444|589|497|485|412|808|389|524|388|616|617|457|522|788|552|529|565|473|520|698|498|610|568|617|577|681|480|558|685|702|505|436|391|687|655|480|857|665|407|456|600|470|585|719|1018|370|530|859|496|567|530|931|590|474|440|810|439|876|461|671|472|635|354|463|467|615|573|538|516|724|417|488|568|564|669|805|646|551|843|650|482|407|570|772|650|648|724|460|381|468|549|575|533|611|502|697|446|454|856|624|583|430|696|658|836
293|215|307|278|232|232|310|303|284|259|310|269|232|254|293|326|232|219|281|286|250|215|249|215|297|263|231|288|281|273|315|219|232|232|272|270|293|293|277|302|303|306|287|258|287|215|257|260|294|313|232|232|288|324|319|232|314|215|281|295|303|257|290|328|311|215|289|298|330|302|249|251|238|275|232|264|280|298|270|300|306|215|305|288|237|254|284|315|256|215|232|237|296|267|301|295|219|264|238|267|215|232|243|215|317|215|256|243|224|297|295|285|258|232|288|258|276|302|298|232|215|320|215|291|247|267|238|246|215|261|303|289|298|253|264|232|289|241|258|270|253|275|256|278|311|265|275|285|232|240|287|306|263|298|251|264|273|310|294|281|229|293|215|290|264|302|223|232|300|314|263|219|232|301|237|215|294|219|259|309|290|331|326|251|262|272|285|230|293|323|326|320|296|274|280|266|245|215|288|273|215|256|288|281|215|265|334|321|283|294|292|283|248|296|215|289|314|289|215|215|307|215|294|253|260|315|232|215|272|285|300|232|298|290|226|300|283|277|219|316|231|257|294|323|313|263|282|275|281|232
Iteração que foi encontrado o Melhor Global: 526
Quantas vezes o Melhor Global foi alterado (Lembrando que a verificação na inicialização acumula nesse contador): 14
Particula Inicial do melhor global:
1,968420|3,708551|1,384730|1,907236|2,186288|3,393672|1,762269|0,638159|3,781267|0,994620|1,909070|3,612284|2,349444|2,744271|2,004061|2,224997|3,515703|3,829687|3,861346|2,835062|1,598089|3,747573|1,470563|3,830563|0,745447|
Particula Final do melhor global:
0,351460|3,265606|1,203474|1,099516|3,345768|3,819170|2,628005|1,967184|3,445816|2,349244|2,170202|0,250234|0,428028|3,062476|2,243810|3,341570|2,728204|3,331066|1,116626|1,646644|0,421830|0,853209|1,831546|0,985047|3,122234|
A melhor solução desse PSO é:
11 0 20 12 21 23 
3 18 2 19 22 7 
10 14 9 6 16 
13 24 1 17 15 4 8 5 
Quantidade de trocas de:3,000000
Makespan: 215,000000
