386|348|461|384|439|297|418|346|505|335|340|353|413|404|450|404|348|520|477|415|407|396|332|357|434|368|366|442|381|441|487|307|454|510|333|401|379|444|318|384|337|496|353|302|416|401|398|382|339|401|322|308|429|429|294|432|558|402|363|348|441|306|418|552|405|410|383|584|321|365|345|370|346|397|449|422|487|326|457|471|421|323|362|468|374|383|331|316|479|293|447|429|453|490|416|340|516|465|412|384|343|389|453|326|466|324|423|381|479|365|377|305|402|412|297|328|310|344|379|318|381|324|323|399|354|387|442|558|356|553|430|438|456|361|367|313|412|455|377|446|411|505|369|287|347|388|312|363|335|523|300|288|377|365|266|462|365|499|387|360|439|390|308|396|336|376|356|577|346|482|446|434|329|426|323|351|478|404|646|452|392|406|355|462|357|455|371|335|337|460|434|478|412|478|403|321|443|336|289|579|333|409|313|341|380|302|318|431|507|470|451|381|368|328|437|384|379|358|405|457|324|452|405|328|454|471|367|333|316|504|648|522|389|319|452|382|459|322|291|529|358|360|342|323|289|337|479|310|494|350
244|248|240|256|249|257|244|246|239|252|239|264|247|226|243|248|251|253|252|257|243|251|247|253|255|248|250|263|245|259|263|244|251|246|250|253|246|246|255|250|249|253|245|247|245|240|257|267|260|250|239|259|249|244|231|244|254|251|255|257|250|252|250|264|232|242|257|248|255|251|255|242|252|253|244|248|253|261|242|247|258|226|251|254|247|258|233|244|245|262|240|243|257|260|257|254|252|256|243|258|252|256|248|242|252|262|247|241|246|243|251|247|243|243|247|258|250|249|248|246|253|237|256|254|257|252|255|262|244|253|249|241|257|242|250|244|243|259|266|231|239|256|251|263|249|239|259|256|245|253|266|245|245|238|240|242|242|233|254|263|252|247|252|243|256|249|261|257|244|233|242|247|238|235|234|250|254|255|245|246|255|249|258|250|258|256|239|247|247|247|244|258|245|249|229|248|260|251|261|234|231|250|252|256|252|249|238|253|242|259|235|251|243|243|245|254|249|264|253|259|242|254|253|236|251|252|240|246|257|246|245|263|249|262|267|246|259|226|241|253|242|243|256|250|244|243|250|261|263|250
Iteração que foi encontrado o Melhor Global: 541
Quantas vezes o Melhor Global foi alterado (Lembrando que a verificação na inicialização acumula nesse contador): 14
Particula Inicial do melhor global:
1,057402|2,227632|3,121780|0,990818|0,859686|3,021826|3,738742|0,875541|3,804723|1,171134|3,103569|3,675706|2,373737|0,698569|1,650904|3,850747|1,308465|1,230757|2,884940|3,521061|3,476281|1,685450|0,573521|1,302178|2,875728|
Particula Final do melhor global:
2,127829|2,991154|1,517637|1,139956|0,646952|2,294850|3,224745|0,582954|1,099323|3,686388|2,386938|1,895428|0,544016|1,799160|1,585367|0,221315|1,892295|2,340927|3,345054|2,472468|0,829302|0,361894|3,427613|3,578536|1,289821|
A melhor solução desse PSO é:
15 21 12 7 4 20 
8 3 24 2 14 13 16 11 
0 5 17 10 19 1 
6 18 22 23 9 
Quantidade de trocas de:1,000000
Makespan: 226,000000
