659|757|547|657|793|580|541|1174|806|489|928|915|482|1050|668|539|1015|450|483|831|574|532|602|443|779|758|584|665|758|787|1117|642|648|599|600|803|551|889|844|539|721|549|685|584|425|671|514|698|614|904|780|599|701|523|731|654|727|1055|720|610|547|682|625|937|627|633|544|666|614|546|580|636|1058|694|575|891|618|426|807|1115|460|518|575|922|818|474|631|699|693|638|464|503|601|653|689|557|943|754|1164|449|645|873|924|697|757|496|429|819|761|586|781|611|436|852|605|883|831|846|599|610|572|668|864|837|1262|818|704|573|714|644|1080|688|850|1064|665|863|981|467|665|996|1208|727|669|630|881|696|604|600|459|517|461|739|733|542|537|788|487|679|747|539|805|612|848|885|839|909|709|453|1009|997|371|1063|588|810|428|466|1083|806|881|808|643|638|1012|1060|496|730|747|740|1038|523|811|1105|1073|1122|656|631|560|844|869|1004|563|1122|757|614|671|478|815|879|630|591|430|754|570|419|607|603|560|954|694|907|576|928|727|1029|1099|651|678|652|790|422|1220|1244|705|883|939|1072|740|1169|738|918|732|644|528|871|985|836|654|586|649|440
306|390|315|255|397|300|313|350|384|310|327|306|314|305|351|290|384|298|243|273|361|404|337|273|243|367|329|327|255|347|354|336|315|255|387|369|255|243|278|243|367|243|255|255|243|379|392|349|255|371|332|243|319|322|396|243|343|294|255|243|243|319|352|369|323|317|255|380|357|351|370|331|259|255|255|243|257|352|322|363|346|331|243|313|368|257|377|378|255|255|340|396|333|354|334|355|344|255|243|333|355|255|320|310|399|243|377|243|243|388|361|365|374|380|352|339|384|245|255|299|313|298|255|243|369|243|275|382|339|318|255|391|264|279|273|382|325|255|243|345|251|312|344|255|366|318|375|255|321|371|388|336|292|383|304|390|243|255|315|311|356|359|324|243|255|243|360|262|329|379|371|243|243|255|243|255|347|293|353|339|309|255|313|361|332|334|344|243|325|314|255|387|243|340|266|301|354|255|243|255|255|243|345|243|255|243|322|373|342|315|350|370|368|288|360|364|373|367|398|255|329|298|351|360|385|378|243|342|334|362|354|243|255|354|313|332|308|251|326|321|255|332|350|273|263|364|404|370|364|290
Iteração que foi encontrado o Melhor Global: 534
Quantas vezes o Melhor Global foi alterado (Lembrando que a verificação na inicialização acumula nesse contador): 13
Particula Inicial do melhor global:
1,031788|3,442715|3,730732|0,964723|2,703583|1,869842|2,605841|1,937316|1,744069|1,576401|2,727262|3,600697|0,665524|3,301264|3,566644|2,406474|1,354817|0,543488|0,194872|0,917487|3,870261|1,437512|3,245904|0,147314|1,863060|
Particula Final do melhor global:
1,391679|3,490043|3,648501|0,507795|0,346020|2,786515|2,349771|0,298406|2,228395|1,210633|3,578676|2,632442|1,827734|3,351966|2,060197|3,087296|2,543979|1,797327|1,310366|1,300811|0,873220|1,571127|0,248501|0,885798|0,514622|
A melhor solução desse PSO é:
22 7 4 3 24 20 23 
9 19 18 0 21 17 12 
14 8 6 16 11 5 
15 13 1 10 2 
Quantidade de trocas de:3,000000
Makespan: 243,000000
