1026|649|497|575|522|673|898|333|691|679|646|542|655|531|714|601|692|1223|872|527|632|782|739|1008|677|547|618|696|474|645|499|547|1097|691|615|746|511|742|518|791|548|596|651|491|762|561|564|500|478|583|557|688|489|876|852|632|425|567|547|740|548|494|423|560|751|635|593|355|899|499|673|762|639|825|836|696|606|675|853|621|844|602|478|615|593|667|592|809|683|442|597|724|839|680|581|684|757|675|729|519|833|910|831|790|469|485|530|517|719|632|767|565|776|605|939|711|492|424|624|442|804|652|649|425|1015|609|570|637|733|517|692|707|569|887|479|637|638|651|462|532|598|751|639|536|617|910|538|601|658|669|955|615|506|629|743|475|894|603|482|656|608|508|473|540|787|660|582|796|654|577|384|513|448|932|389|499|527|1172|664|752|568|721|575|564|947|691|703|676|588|580|665|477|893|625|704|902|629|567|493|497|507|859|483|533|612|526|726|665|631|1111|478|808|838|497|701|480|693|456|582|1079|489|869|511|753|552|716|518|567|378|625|540|576|836|704|362|853|453|640|800|404|604|867|675|657|885|661|747|528|683|705
313|262|307|266|260|296|291|333|288|238|301|287|229|254|288|260|229|258|349|257|289|248|227|291|308|263|303|229|306|298|233|226|327|327|334|269|275|326|232|254|258|278|308|345|285|278|303|252|264|229|351|281|267|317|304|222|312|229|324|222|334|231|227|317|261|221|263|300|266|258|305|304|267|235|305|259|322|264|342|311|276|271|229|315|321|289|244|294|222|262|332|301|328|330|258|309|338|229|244|239|289|300|317|229|298|275|274|229|239|259|281|253|235|221|324|228|258|281|260|296|292|262|280|305|266|327|283|222|222|278|232|229|264|281|326|291|232|343|240|291|247|281|327|318|246|304|303|331|273|328|283|262|302|300|222|318|235|290|315|221|364|248|308|291|252|304|253|270|285|302|316|308|327|274|248|295|251|221|345|254|294|292|272|265|300|312|315|288|248|255|222|321|242|252|271|242|284|305|324|222|344|231|279|313|229|221|305|263|254|285|307|294|221|243|232|229|317|229|221|249|252|286|338|229|318|294|326|265|289|278|311|313|321|261|318|296|247|308|258|281|296|310|270|272|267|296|309|271|272|245
Iteração que foi encontrado o Melhor Global: 878
Quantas vezes o Melhor Global foi alterado (Lembrando que a verificação na inicialização acumula nesse contador): 10
Particula Inicial do melhor global:
1,765483|2,457477|2,306548|0,373301|2,436500|2,757465|2,767332|0,234649|2,652469|2,917477|3,590530|1,681373|0,286555|3,510271|1,504030|1,117873|0,148390|1,064971|1,118575|0,712266|2,788149|0,256583|2,678424|2,528653|1,922099|
Particula Final do melhor global:
2,871020|0,746571|2,334288|3,676959|0,255350|1,089969|2,119516|1,320156|0,851149|1,732037|2,162882|1,755048|1,709318|2,921102|3,555549|3,102224|3,112988|3,213454|2,803296|2,732753|0,576312|3,038845|3,413645|1,608729|0,398967|
A melhor solução desse PSO é:
4 24 20 1 8 
5 7 23 12 9 11 
6 10 2 19 18 0 13 
21 15 16 17 22 14 3 
Quantidade de trocas de:1,000000
Makespan: 221,000000
