1085|1241|955|1282|1267|1030|1106|1058|1009|943|1064|757|889|1112|872|1012|878|1315|1196|862|968|922|1084|1065|1095|886|727|850|1022|711|821|859|1279|1141|698|628|1162|782|1005|1209|939|1094|771|1277|916|1208|1330|1116|1677|785|966|1065|955|799|1127|851|764|874|872|914|1148|1120|862|813|894|750|857|995|634|976|1057|1078|775|1306|1098|779|890|818|1027|1005|945|777|1381|1170|1200|707|1065|1041|856|965|1026|1049|775|1085|858|754|1015|910|732|750|798|887|762|1272|725|1445|750|720|1347|637|1716|898|832|1265|929|671|1039|927|962|1084|984|1094|856|976|1178|774|694|1208|959|687|1025|1093|984|992|732|1235|949|729|829|783|886|815|1237|1232|1425|689|1057|770|730|903|1166|1032|1074|1335|926|1129|1275|1047|701|1376|974|1204|630|886|953|626|1165|673|898|810|1003|650|889|723|1837|1071|785|1371|804|1101|897|877|1286|984|1306|1023|1011|712|1548|808|762|691|802|674|736|924|1099|728|848|736|1134|673|869|835|970|884|1111|831|770|933|864|1098|877|898|1211|1125|1198|727|785|1178|872|892|756|819|953|873|960|933|864|736|924|1131|808|702|902|869|1188|961|970|678|740|1264|859|908|781|957|1066|747|699|727
447|355|371|355|448|443|390|404|481|389|416|355|442|467|483|437|355|428|379|379|375|355|379|428|355|505|436|356|415|416|446|427|436|415|355|413|485|462|534|356|355|415|423|528|416|443|355|375|430|477|355|355|355|411|415|379|474|390|416|438|467|355|426|390|527|460|471|367|438|446|355|498|497|355|389|355|462|418|522|355|467|355|355|379|427|539|415|390|355|355|467|412|499|355|420|404|367|402|426|355|355|462|440|433|472|355|408|355|355|355|480|516|412|419|474|355|355|355|371|375|415|355|379|355|444|355|355|379|355|355|434|423|355|496|427|356|355|379|355|355|462|390|435|434|461|355|458|406|451|459|423|407|375|355|355|475|356|436|355|389|404|355|525|416|418|448|409|355|355|426|390|356|355|355|355|355|355|355|355|472|423|379|416|416|532|380|398|499|355|379|435|525|379|415|355|379|355|390|355|390|492|367|416|355|371|441|355|379|471|455|355|466|479|356|423|355|379|377|355|355|445|355|355|355|355|379|379|499|355|418|503|375|355|369|355|478|435|371|367|437|416|379|415|429|415|467|380|371|422|355
Iteração que foi encontrado o Melhor Global: 216
Quantas vezes o Melhor Global foi alterado (Lembrando que a verificação na inicialização acumula nesse contador): 12
Particula Inicial do melhor global:
1,824551|2,642137|0,490726|0,345123|1,037884|2,107854|1,908160|1,870331|2,274756|0,548382|0,500713|0,923998|0,572397|0,719997|2,901072|1,565408|2,503541|0,321686|2,799144|2,328041|2,880029|0,608596|1,344220|2,802603|0,478941|
Particula Final do melhor global:
2,532839|2,316693|1,053622|1,455984|0,563511|1,591355|2,788483|1,646380|0,616112|2,361895|1,342723|0,513929|2,036698|2,398181|1,201328|2,706710|0,474842|1,795355|1,753155|0,459445|0,420014|0,102066|0,506600|1,268078|1,389916|
A melhor solução desse PSO é:
21 20 19 16 22 11 4 8 
2 14 23 10 24 3 5 7 18 17 
12 1 9 13 0 15 6 
Quantidade de trocas de:5,000000
Makespan: 355,000000
