565|283|435|362|339|477|319|333|449|431|484|497|353|302|401|286|451|309|312|371|374|337|298|446|308|496|312|398|331|363|384|428|486|325|346|366|297|513|363|495|460|421|318|389|310|476|574|487|299|460|355|357|408|349|361|372|540|362|434|500|447|395|511|417|421|483|503|418|305|373|433|302|347|374|386|595|329|365|395|307|274|422|366|452|404|366|394|302|307|429|316|447|552|400|592|429|306|362|570|367|578|315|260|378|371|321|508|310|350|501|403|395|405|386|280|295|381|443|420|255|416|430|372|308|317|305|347|393|392|322|476|490|406|456|330|428|414|417|364|371|379|306|405|369|417|377|381|456|424|325|334|481|285|440|390|273|375|345|506|340|353|436|321|385|316|408|434|477|376|422|343|532|340|397|438|650|397|474|421|469|390|353|593|346|447|412|375|475|369|453|376|432|341|480|436|310|352|451|483|284|489|531|337|405|336|550|367|443|307|556|459|364|361|376|351|398|345|361|425|394|447|416|398|581|426|544|368|405|622|428|406|444|526|431|507|398|538|423|401|564|377|503|453|614|530|380|396|350|395|365
236|241|243|232|237|215|232|239|249|225|246|239|225|233|245|243|245|227|232|231|244|234|247|242|215|223|228|239|227|233|234|236|251|237|235|217|235|244|243|246|232|244|260|222|225|237|212|245|227|241|222|239|232|239|254|242|235|247|246|234|239|247|247|231|234|224|230|229|236|234|234|243|252|248|250|258|238|230|232|251|229|249|227|212|235|255|254|223|242|244|229|240|222|255|241|245|241|240|241|227|227|231|252|242|219|224|237|236|233|244|229|243|240|242|231|230|248|251|244|238|244|235|237|237|227|233|238|244|234|243|228|225|241|237|239|223|235|240|248|252|224|234|238|245|217|245|247|222|241|248|242|231|233|231|240|236|244|238|245|240|233|233|226|250|248|249|222|234|234|225|255|248|241|240|237|240|239|227|240|230|224|229|215|241|232|243|244|217|242|244|234|245|223|233|223|230|229|245|232|249|243|228|250|231|217|236|227|248|251|244|243|236|241|250|243|243|244|212|234|239|230|240|223|248|231|242|244|233|255|231|229|249|246|248|229|226|230|250|239|241|242|245|243|242|239|230|243|229|249|228
Iteração que foi encontrado o Melhor Global: 878
Quantas vezes o Melhor Global foi alterado (Lembrando que a verificação na inicialização acumula nesse contador): 11
Particula Inicial do melhor global:
1,326299|0,199509|3,760115|3,165298|3,580280|0,011751|2,403246|1,905487|0,769303|2,769435|3,893215|2,595100|0,826550|1,629816|2,195781|3,671058|3,889839|2,994585|0,130943|3,323622|1,268537|2,541785|2,151118|3,642797|0,195564|
Particula Final do melhor global:
3,155306|0,691463|0,700364|0,451977|2,571060|1,616895|1,244370|3,138129|3,376406|0,608333|0,771164|1,633048|3,153722|3,576597|0,447859|2,735887|2,454097|2,714336|2,037377|1,288438|2,900948|1,068158|1,119579|3,706400|2,497999|
A melhor solução desse PSO é:
14 3 9 1 2 10 
21 22 6 19 5 11 
18 16 24 4 17 15 20 
7 12 0 8 13 23 
Quantidade de trocas de:1,000000
Makespan: 212,000000
