886|963|755|724|731|780|802|715|1093|1264|1384|801|785|824|993|879|744|799|1311|749|1058|856|539|910|864|820|764|858|661|992|666|655|710|721|1165|872|779|770|866|718|1027|608|844|963|769|763|1019|1200|567|1071|747|643|657|861|910|765|880|712|884|771|1137|782|715|918|798|1128|777|790|1289|659|1140|651|765|759|844|901|860|735|852|730|878|1199|1364|804|1023|1000|812|952|745|1096|705|1088|701|833|592|1430|856|813|885|768|621|1066|680|829|968|1120|598|770|639|873|1027|1005|1066|639|775|1131|1277|1013|1191|979|890|905|1081|1026|618|1121|893|693|832|1131|965|782|700|955|840|1060|584|682|1205|700|1042|932|830|1147|822|1095|1582|975|917|847|666|716|630|734|724|1018|641|587|689|1096|803|1087|1123|1097|1506|1373|941|843|1019|856|1299|998|844|854|881|708|742|1298|791|654|927|1225|727|778|1260|770|900|870|1055|874|739|735|833|1015|641|810|1395|827|717|617|638|922|1018|1261|1263|911|917|1184|704|707|1112|796|883|646|853|1190|658|796|775|724|685|1049|831|551|1136|912|697|769|1083|1043|810|878|768|1908|1060|810|801|1695|957|1303|920|1019|628|887|725|834|859|1083|705|858
464|412|435|453|437|413|484|470|465|484|424|468|458|465|491|370|405|406|447|465|435|435|504|462|379|350|398|426|468|407|484|459|439|449|497|452|448|432|442|473|494|473|450|422|393|503|409|453|431|428|486|463|478|488|413|495|455|469|385|432|451|460|461|420|421|463|447|439|437|457|456|508|493|441|486|422|359|438|460|390|487|501|350|441|454|433|461|435|473|352|506|418|437|443|493|383|426|483|448|472|470|350|507|392|478|491|510|454|426|421|481|494|449|359|499|461|387|423|377|394|436|393|439|427|485|467|394|450|493|405|476|463|511|460|446|433|492|494|439|475|469|443|466|417|497|463|460|451|428|500|424|422|408|352|473|473|409|410|473|473|475|457|445|468|434|401|398|482|470|433|483|453|424|394|469|435|517|444|414|403|439|484|499|448|478|477|510|465|417|459|413|424|455|383|498|489|449|412|418|399|470|446|450|464|457|491|372|455|383|455|458|449|432|491|379|439|350|453|452|511|479|418|522|359|426|471|470|481|495|350|442|426|460|492|424|350|441|518|407|492|515|452|503|469|502|429|407|398|447|490
Iteração que foi encontrado o Melhor Global: 804
Quantas vezes o Melhor Global foi alterado (Lembrando que a verificação na inicialização acumula nesse contador): 17
Particula Inicial do melhor global:
1,677744|1,404271|2,371031|2,803478|2,625565|2,903861|1,456485|1,860820|3,409509|2,972788|1,834562|1,398205|0,272007|2,017272|1,185423|3,375590|1,251662|1,171875|0,787537|2,489440|3,850637|0,398486|0,063903|2,845447|1,226597|
Particula Final do melhor global:
1,660222|0,347995|3,719276|3,799346|0,937533|3,953098|0,528617|1,848214|3,091454|1,452943|1,920297|2,873228|2,586169|2,440893|1,123223|2,150886|0,891237|2,533549|1,355388|1,031718|0,843898|2,621771|3,170051|0,368145|2,148528|
A melhor solução desse PSO é:
1 23 6 20 16 4 
19 14 18 9 0 7 10 
24 15 13 17 12 21 11 
8 22 2 3 5 
Quantidade de trocas de:9,000000
Makespan: 350,000000
