1008|958|974|1037|1150|1014|1048|894|894|931|985|870|996|1031|1152|829|1004|917|1129|942|1084|1129|1119|862|1002|884|936|1121|932|1169|997|980|1051|1157|988|1317|861|993|1099|901|918|886|1187|912|729|861|875|1293|1097|781|1253|969|1432|918|861|855|818|885|822|870|1068|1546|936|1144|1350|741|1209|817|1183|1016|959|1228|1089|989|1071|1025|854|1096|1058|985|1289|658|821|912|1183|934|937|893|760|851|847|1046|987|695|1007|1071|1536|1112|1049|960|930|1215|709|939|920|1187|1174|1058|1142|1005|993|1375|931|1057|752|1062|1261|878|865|872|905|1215|972|1044|1086|876|1052|1003|980|1024|1191|1273|1156|1100|832|960|994|1015|1077|1016|827|850|902|997|1014|1116|895|1052|860|1015|1405|1008|1013|911|840|1400|792|1005|969|746|880|969|796|883|966|1204|1340|999|994|1074|1120|998|1013|863|1328|807|858|1147|875|1112|876|828|1026|902|981|835|1157|1360|908|1064|1173|1078|827|750|1001|1053|985|903|847|987|1179|1015|925|1332|938|830|960|855|1125|852|761|1226|856|1092|1072|1269|884|1117|841|865|1021|1045|1052|1022|904|896|865|1061|1313|998|1034|955|1450|1106|1360|803|800|786|1033|885|1096|1043|975|839|773|1137|1034|790|908|1035
511|516|572|523|515|515|563|548|511|580|593|523|515|548|521|553|521|538|548|515|511|563|533|515|515|553|515|516|523|595|523|511|583|531|531|511|515|531|519|528|570|515|523|551|511|511|511|558|615|545|549|523|511|511|515|548|586|515|563|515|515|551|516|523|559|511|523|554|515|565|515|521|560|557|589|511|515|511|511|545|511|515|515|590|548|519|554|523|523|545|511|586|511|515|531|523|578|516|523|511|521|521|511|549|553|515|545|545|559|555|565|511|545|565|515|523|563|519|511|636|515|511|511|515|511|523|553|541|545|511|511|523|511|545|511|558|559|549|531|523|559|511|521|578|511|612|511|536|521|579|515|523|523|553|515|541|551|511|557|562|515|553|515|540|511|581|552|587|551|511|553|515|545|549|553|553|515|523|515|511|523|541|571|612|566|581|515|515|531|515|515|557|515|515|553|556|511|511|531|545|563|511|515|558|531|551|511|521|515|533|515|523|511|558|511|519|553|511|545|553|515|511|569|581|511|523|511|511|523|527|551|553|523|511|565|528|551|511|515|545|515|549|511|541|553|511|511|511|556|511
Iteração que foi encontrado o Melhor Global: 226
Quantas vezes o Melhor Global foi alterado (Lembrando que a verificação na inicialização acumula nesse contador): 8
Particula Inicial do melhor global:
0,114427|1,701906|0,051511|0,796595|1,004014|0,221777|1,599587|1,315739|0,559411|1,688371|1,273783|1,566921|0,440867|1,531324|1,852639|0,727371|1,784417|0,438878|1,019881|0,481680|1,569210|0,476813|1,525540|0,087766|1,687090|
Particula Final do melhor global:
1,032411|1,225146|0,412877|1,973776|0,679175|1,303157|0,673276|0,515783|1,068861|0,733084|1,824402|0,449307|0,824597|1,840573|1,045038|0,796864|1,814124|0,698485|1,575288|0,588029|0,566516|1,522905|1,322460|1,212250|0,509915|
A melhor solução desse PSO é:
2 11 24 7 20 19 6 4 17 9 15 12 
0 14 8 23 1 5 22 21 18 16 10 13 3 
Quantidade de trocas de:5,000000
Makespan: 511,000000
