1367|1130|1090|1488|1243|1000|1139|1566|935|1407|1239|1448|980|1075|1381|1208|1200|989|1071|1424|1057|1359|908|944|1340|1456|870|1519|1107|1156|1143|1143|1037|1075|1373|1274|1089|1050|1347|923|853|772|903|836|1033|1656|1213|796|1065|1219|909|984|921|1167|1021|885|1222|1157|1178|1364|1120|1154|1028|1114|1160|1142|931|1075|1184|1539|913|1054|1135|1148|1498|1354|1133|1453|1270|1414|1435|1038|998|893|1052|990|1222|754|767|1032|1250|905|1328|761|848|1475|1175|1130|1311|1063|1373|1288|1415|914|1272|1086|1191|1113|811|1098|1158|936|1225|1026|1077|1065|867|1243|1115|1334|1220|919|861|1046|947|1234|1056|1160|1327|1125|781|1164|1174|1221|1101|1249|1035|1059|1161|1009|1508|1111|1235|1015|1329|1326|947|1190|1488|1152|925|1130|1351|1017|1534|703|1345|1354|941|1213|780|1183|878|1447|946|1282|1385|1202|1289|997|1334|1030|1115|1058|999|1136|1632|1040|1306|1022|924|1085|1071|856|1068|1139|1254|1062|1064|1124|1469|1236|1563|966|1110|1140|1064|1240|907|1423|966|1122|919|1047|860|1123|879|1059|1212|939|1208|908|1435|1251|1002|1255|945|1007|1006|1127|1293|908|1190|1584|988|1147|1241|999|1034|1434|1103|1087|984|970|1196|1269|1020|889|1491|1162|1296|1116|869|972|1077|1393|1121|940|1171|1091
537|614|537|537|537|537|537|642|537|603|537|584|641|537|537|537|537|537|537|537|546|539|615|537|617|537|575|537|537|546|611|693|537|605|595|644|570|588|738|589|537|537|553|540|604|612|537|610|537|573|537|569|537|563|547|537|625|584|537|537|537|537|624|639|537|657|537|537|537|570|537|584|537|578|612|564|537|572|589|590|537|537|539|540|537|537|537|537|537|537|537|537|537|537|639|540|537|537|603|595|537|537|584|537|537|575|623|581|537|537|597|537|618|614|539|603|604|537|637|537|636|607|537|581|537|607|579|539|537|608|537|537|551|537|605|643|598|584|664|603|589|610|537|602|537|577|537|640|537|537|606|537|614|537|537|703|540|539|599|571|571|575|584|642|540|619|664|539|537|644|537|673|572|537|537|572|577|537|612|581|537|542|537|636|584|537|537|537|537|647|585|537|537|550|537|603|575|581|537|625|588|571|537|537|604|540|537|540|537|555|537|537|664|537|688|542|664|651|537|582|604|537|588|537|537|537|570|537|607|603|537|633|537|650|584|641|537|576|595|537|639|579|605|537|537|540|595|537|578|641
Iteração que foi encontrado o Melhor Global: 146
Quantas vezes o Melhor Global foi alterado (Lembrando que a verificação na inicialização acumula nesse contador): 13
Particula Inicial do melhor global:
1,222157|1,175861|0,910190|1,280806|0,112866|0,244553|1,417246|0,857602|0,711119|1,431892|0,884128|0,060080|1,447965|0,113000|0,727193|1,845811|0,241060|1,161160|1,119557|0,376706|0,606487|0,144122|0,186596|0,336656|1,497192|
Particula Final do melhor global:
0,677343|0,213167|1,988541|0,541986|0,530794|1,392251|0,721480|0,505041|1,551598|1,267458|0,284482|1,701356|0,421985|1,502261|1,803395|0,799096|1,761962|1,340656|1,558650|0,951923|1,944608|0,099960|1,560612|0,585993|0,661946|
A melhor solução desse PSO é:
21 1 10 12 7 4 3 23 24 0 6 15 19 
9 17 5 13 8 18 22 11 16 14 20 2 
Quantidade de trocas de:5,000000
Makespan: 537,000000
