571|528|740|475|601|443|524|479|502|655|548|598|597|558|496|492|477|376|685|630|471|1005|582|463|574|548|758|774|718|619|559|644|410|669|648|496|497|485|669|606|657|662|756|415|545|726|451|666|553|485|812|512|530|821|512|797|650|571|622|599|644|632|578|609|552|406|483|498|621|721|469|470|572|585|510|391|606|428|778|466|520|846|1303|395|690|609|489|437|456|510|538|621|531|456|469|638|500|865|931|486|778|601|399|533|601|620|540|385|448|489|518|375|1006|492|486|804|685|821|567|541|916|547|476|687|632|524|525|777|533|428|516|655|587|516|520|747|467|686|604|613|637|487|423|604|514|531|646|521|516|601|754|556|562|590|606|665|829|473|424|628|431|772|632|601|559|673|575|773|699|512|529|719|458|666|538|533|573|718|486|499|603|624|519|580|592|594|600|615|563|502|748|468|493|529|721|788|492|481|738|821|752|387|442|421|538|588|604|334|662|705|735|684|578|446|664|449|646|661|543|452|495|722|569|495|619|554|784|585|538|703|599|654|417|503|455|487|435|417|513|825|520|352|434|573|725|533|398|524|531|435
293|268|323|314|319|306|285|240|316|275|295|317|286|328|328|283|304|291|278|285|281|307|300|296|265|325|344|325|314|340|256|294|316|301|302|299|307|307|326|277|304|304|259|322|309|332|328|281|303|325|299|267|319|321|294|281|296|325|329|256|249|290|303|279|282|332|300|250|287|297|344|321|322|301|305|282|299|301|322|284|328|303|295|335|317|321|331|249|301|316|319|281|258|240|293|323|323|301|297|306|289|299|253|324|325|292|311|240|326|265|308|284|277|311|323|327|291|297|281|327|289|296|256|273|291|302|307|285|308|330|292|256|298|315|294|335|240|313|300|296|318|307|282|294|297|289|302|313|291|254|321|316|301|316|306|304|320|321|276|324|314|319|274|303|288|323|284|322|240|299|309|334|269|322|300|275|295|286|240|305|310|290|317|249|294|319|326|281|289|318|316|293|298|310|330|291|298|301|287|324|275|288|303|319|327|279|281|328|250|256|305|285|286|276|301|305|303|255|297|301|283|301|324|302|336|306|277|289|317|276|269|304|321|353|295|315|322|298|301|268|304|304|299|276|298|292|278|305|287|318
Iteração que foi encontrado o Melhor Global: 683
Quantas vezes o Melhor Global foi alterado (Lembrando que a verificação na inicialização acumula nesse contador): 14
Particula Inicial do melhor global:
2,136910|1,764973|0,628959|3,815492|2,091065|1,495764|1,550650|3,545955|3,933740|1,675670|1,032074|1,588315|2,384665|2,068638|1,801062|0,758056|3,273006|0,563102|3,664529|0,681806|2,879590|1,358351|0,876985|2,547309|0,132411|
Particula Final do melhor global:
0,613413|3,817263|3,922829|3,275026|3,601025|1,045024|2,160131|1,200180|2,504368|2,499259|3,368379|0,562589|1,315434|3,344096|0,353063|2,788360|2,492156|1,374829|0,639545|1,549036|0,334648|0,522680|0,451737|1,580512|2,381079|
A melhor solução desse PSO é:
20 14 22 21 11 0 18 
5 7 12 17 19 23 
6 24 16 9 8 15 
3 13 10 4 1 2 
Quantidade de trocas de:4,000000
Makespan: 240,000000
