483|779|525|474|542|581|535|706|622|828|449|800|621|479|718|857|556|557|607|473|529|542|656|487|537|472|1081|452|694|592|980|902|664|478|605|689|725|819|950|611|839|985|766|507|542|734|892|644|770|563|607|569|396|831|709|842|395|613|901|523|580|675|579|474|835|839|519|562|1016|710|591|626|628|580|874|582|640|739|840|411|679|727|955|652|779|526|396|508|825|825|570|650|429|478|564|839|740|518|627|747|948|379|521|555|836|567|657|523|539|665|574|534|607|405|556|592|340|845|873|598|662|625|462|718|783|588|640|654|562|679|984|562|541|696|852|620|760|535|645|665|705|405|465|755|601|600|812|717|527|511|554|513|455|571|604|516|537|556|427|594|620|554|586|931|696|625|560|510|405|643|674|560|459|482|585|584|404|802|716|581|610|414|1040|407|619|500|677|555|680|507|558|387|719|481|475|714|684|649|639|620|741|763|624|553|536|758|521|763|736|374|338|470|486|575|539|528|497|783|881|754|498|552|522|404|656|376|497|617|750|963|506|937|608|672|797|486|596|931|459|904|846|456|564|381|698|719|442|746|606|476
215|215|232|191|245|192|313|290|327|240|257|191|191|191|257|261|232|270|241|203|312|264|250|191|259|228|284|192|225|252|229|203|215|267|279|220|205|254|208|248|260|258|281|192|192|288|259|296|281|231|228|245|225|219|303|249|328|250|191|239|252|278|191|266|264|246|280|244|282|219|237|282|192|251|225|223|321|250|191|272|272|201|241|238|254|260|317|244|248|270|192|192|234|276|253|229|243|278|260|198|240|198|191|255|219|215|277|191|269|241|258|191|205|286|219|253|271|268|248|259|304|296|277|298|224|226|260|205|191|192|255|215|241|250|263|292|320|276|215|257|191|301|191|260|191|213|288|264|191|279|298|192|242|215|305|192|291|289|320|220|192|293|296|255|261|227|243|224|219|254|224|269|294|191|203|239|227|226|272|289|203|275|297|191|275|274|192|212|291|300|225|240|240|215|255|252|297|249|327|258|224|270|308|250|228|191|191|192|191|191|290|192|249|277|191|251|271|218|268|229|238|215|257|275|256|192|284|249|331|273|275|278|191|229|192|276|215|245|282|269|265|288|264|192|246|249|264|191|292|250
Iteração que foi encontrado o Melhor Global: 436
Quantas vezes o Melhor Global foi alterado (Lembrando que a verificação na inicialização acumula nesse contador): 11
Particula Inicial do melhor global:
3,615985|3,300978|0,561756|2,460114|2,647896|2,319048|3,300193|2,462691|0,103096|2,921847|2,820993|3,057899|0,377948|0,140659|2,256246|3,630611|3,487048|1,840663|0,546515|0,683327|2,428815|1,879447|2,938462|3,600193|3,708905|
Particula Final do melhor global:
0,569738|0,633784|1,235278|1,152699|0,965998|0,719450|1,458521|3,100112|2,483440|3,727901|1,723545|3,653512|3,052546|0,821633|2,925095|3,610824|2,176209|2,430192|1,525895|3,150187|2,689670|0,455985|0,966222|2,262289|0,865085|
A melhor solução desse PSO é:
21 0 1 5 13 24 4 22 
3 2 6 18 10 
16 23 17 8 20 14 
12 7 19 15 11 9 
Quantidade de trocas de:0,000000
Makespan: 191,000000
