1219|1349|1070|1279|1268|1154|1080|1170|1190|1304|1712|1100|1108|1620|1413|1445|1390|1469|1336|1206|1508|1645|1383|1294|1444|1410|1485|1117|1491|1092|1216|1512|1579|1072|1162|1104|1182|1501|1136|2023|1730|1216|1130|1235|1459|1229|1524|993|1336|1655|1396|1247|1066|1047|1221|1141|1252|1336|1515|1307|1303|1840|1444|1380|1206|1181|1087|1316|1162|1328|1320|1227|1365|1357|913|1293|1738|1273|1558|1201|1518|1128|1095|1519|1895|1206|1288|1130|1597|1156|1755|1544|1117|1329|1368|1300|1075|1282|1481|1272|1232|1450|1328|1706|947|1183|1229|1282|1145|1113|1353|1145|1121|1218|1696|1517|1247|1078|1570|1577|1097|1170|1098|1568|1182|1496|1415|1722|1415|1329|1630|1884|1649|1346|1555|1492|1020|1431|1203|1192|1479|1604|1121|1210|1311|1561|1068|1477|1722|1248|1133|1641|1570|1351|1096|1676|1180|1480|1047|1317|1717|1526|1375|1125|1791|1215|1048|1939|1180|1549|1222|1204|1319|1308|1616|1450|1171|1134|1441|1472|1388|1435|1496|1456|1815|1115|1317|1619|1261|1637|1192|1309|1504|1238|1222|1391|1355|1378|1664|1212|1417|1174|1313|1427|1185|1337|1267|1482|1164|1117|1120|1325|1326|1263|1228|1325|1192|1538|958|1339|1237|1218|2128|1531|1412|1170|1632|1215|1407|1248|1457|1252|1622|998|1066|1736|1160|1356|1409|1267|931|1309|1238|1584|1491|1488|1479|1809|1063|1219
761|904|843|776|658|701|836|658|799|793|726|658|748|764|786|840|750|658|766|773|701|701|757|701|772|801|863|784|750|846|797|792|765|758|777|762|792|787|792|716|797|658|780|832|707|699|798|695|832|852|765|726|658|780|821|707|785|760|793|658|792|701|789|758|705|658|840|658|778|755|701|810|804|779|894|811|701|787|715|756|763|784|726|854|668|872|701|658|721|658|893|658|719|799|799|724|765|767|734|845|754|777|839|701|857|744|799|715|820|770|726|889|701|792|828|782|726|720|896|786|734|701|802|734|786|696|829|701|754|780|701|823|697|730|794|716|747|658|768|761|789|838|833|658|763|799|701|696|760|815|701|715|884|810|658|852|839|788|806|820|831|806|784|695|820|701|701|701|701|788|797|726|774|816|873|734|830|726|808|824|840|658|785|844|701|695|828|780|819|788|738|820|791|687|819|726|820|658|803|808|742|701|658|797|772|736|840|852|668|769|701|807|841|757|704|778|701|786|903|794|804|821|759|911|791|658|826|799|719|736|726|701|751|894|787|825|772|658|763|804|769|819|668|768|696|715|700|696|787|819
Iteração que foi encontrado o Melhor Global: 104
Quantas vezes o Melhor Global foi alterado (Lembrando que a verificação na inicialização acumula nesse contador): 12
Particula Inicial do melhor global:
0,708638|1,404969|1,702152|1,844407|0,048483|1,918840|0,173460|0,123526|1,215117|0,094335|1,738207|1,781440|1,042503|0,822618|0,705569|0,391721|1,232877|0,300847|0,787934|1,657867|0,555180|1,943144|1,093179|0,978904|1,694997|
Particula Final do melhor global:
0,435860|1,942180|1,122035|1,628158|1,384438|0,605039|0,754613|0,995028|0,728747|0,053279|1,239207|0,050101|0,712955|0,193319|0,753619|1,181559|1,270111|0,745387|1,255026|0,194352|0,669390|0,830568|1,778873|1,606624|1,378170|
A melhor solução desse PSO é:
11 9 13 19 0 5 20 12 8 17 14 6 21 7 
2 15 10 18 16 24 4 23 3 22 1 
Quantidade de trocas de:9,000000
Makespan: 658,000000
