337|584|380|514|477|385|438|393|355|487|500|360|417|409|486|523|397|568|350|669|541|691|552|484|419|484|454|504|466|351|420|533|726|528|345|414|646|425|549|585|499|434|532|493|508|476|426|752|557|383|801|363|700|578|604|446|366|616|620|504|443|322|570|541|421|468|641|350|420|348|437|381|502|415|588|586|400|469|480|738|554|675|474|382|756|403|426|411|375|625|478|410|483|368|575|386|970|596|456|538|509|480|422|439|556|426|288|406|466|614|504|609|615|388|696|766|302|467|537|586|689|455|589|331|424|436|454|540|435|607|491|540|657|634|461|525|535|536|300|439|413|336|333|417|537|420|335|382|464|522|514|374|268|325|403|472|529|462|391|602|539|535|636|835|336|479|634|655|552|437|427|486|468|554|424|358|458|561|588|509|317|624|604|580|558|479|589|448|358|420|313|576|765|442|586|509|444|525|377|496|419|511|528|614|380|700|562|543|360|408|305|452|373|689|421|587|389|530|524|452|394|468|318|545|520|651|368|404|572|353|515|499|533|464|548|413|468|640|493|378|507|472|420|493|473|474|547|441|428|383
192|163|205|175|168|187|152|194|217|230|189|190|152|152|218|152|152|164|152|174|152|174|152|239|158|188|208|170|186|218|184|185|177|190|179|162|185|152|179|182|177|170|156|175|174|152|155|174|179|161|213|212|193|167|152|155|152|194|169|160|197|152|184|179|158|205|208|169|152|195|221|209|194|160|215|168|152|158|165|211|227|152|153|168|175|204|152|240|199|182|160|152|189|152|158|155|152|165|166|181|181|168|203|243|155|152|190|189|209|158|175|203|233|152|160|220|155|152|152|175|152|188|163|152|153|197|230|152|203|152|212|152|203|193|179|170|211|212|196|168|187|162|152|152|152|152|174|152|157|218|192|152|207|171|232|182|221|173|179|181|179|152|192|169|163|152|152|172|235|181|192|162|183|191|187|152|159|193|198|152|179|196|210|225|195|196|188|237|174|186|165|152|191|157|179|196|221|173|152|167|171|162|171|165|212|181|152|174|223|158|194|152|160|152|157|176|161|173|152|174|152|181|197|203|152|175|171|169|152|193|189|152|215|219|162|180|187|169|152|175|163|158|168|208|235|213|207|178|178|193
Iteração que foi encontrado o Melhor Global: 187
Quantas vezes o Melhor Global foi alterado (Lembrando que a verificação na inicialização acumula nesse contador): 11
Particula Inicial do melhor global:
3,796486|1,660857|0,316709|1,093102|0,586938|0,125875|3,046631|3,466166|0,371963|0,094259|3,763917|0,137039|2,959991|0,094144|0,147798|0,802381|2,464623|0,471300|2,900968|1,878533|1,820514|3,621487|3,558525|1,764633|1,444525|
Particula Final do melhor global:
1,087835|1,129787|0,104847|0,160162|2,696135|2,584249|0,281693|1,192880|2,254424|3,586318|2,453647|3,782902|2,596013|3,729314|0,417699|2,038960|3,181821|2,453092|3,190063|1,759742|0,675005|3,720450|3,349439|2,579514|1,639736|
A melhor solução desse PSO é:
2 3 6 14 20 
0 1 7 24 19 
15 8 17 10 23 5 12 4 
16 18 22 9 21 13 11 
Quantidade de trocas de:0,000000
Makespan: 152,000000
