387|504|499|573|583|425|733|421|613|728|518|492|480|561|607|496|349|525|442|661|501|558|473|467|529|472|527|616|665|855|517|455|568|613|462|407|571|640|433|641|829|501|652|439|439|595|465|359|628|409|518|513|687|519|421|483|540|529|477|564|540|487|449|593|507|499|596|516|491|572|431|592|407|387|414|642|365|436|431|472|879|515|433|579|623|616|664|634|545|467|544|418|483|541|461|490|615|593|523|506|451|532|507|481|530|417|465|375|450|393|550|382|509|783|515|629|581|674|485|516|698|414|703|529|509|422|410|493|424|389|649|484|538|596|521|408|539|516|429|433|407|632|476|472|486|511|788|458|707|541|439|906|578|407|495|440|476|705|419|663|537|599|658|481|660|479|477|580|563|470|614|475|565|644|612|620|524|488|523|598|412|450|735|660|558|550|648|466|525|578|448|535|590|414|623|528|614|384|766|432|478|651|528|403|592|623|638|616|560|468|507|622|485|600|441|441|592|473|464|475|634|509|530|478|454|549|439|504|521|555|496|516|463|580|523|456|581|477|513|516|500|626|692|577|417|662|475|566|566|523
324|318|310|298|329|282|282|282|308|326|306|325|300|300|301|324|299|340|318|291|311|306|338|305|314|282|315|282|335|328|302|282|342|302|303|282|318|340|322|301|292|297|314|343|296|354|282|340|309|282|282|323|300|334|333|299|339|282|302|297|320|322|304|347|348|319|323|282|282|282|320|313|331|292|312|310|345|282|344|293|302|325|326|286|313|302|321|325|282|331|282|319|315|304|323|282|282|338|300|335|282|282|305|330|312|319|342|300|297|311|302|303|326|335|282|332|304|294|282|317|306|332|313|319|315|282|286|318|314|303|337|282|336|324|308|315|282|282|325|322|282|314|320|326|304|282|342|299|299|282|327|306|318|282|295|326|316|322|282|330|282|341|282|317|307|282|325|288|305|294|315|304|350|282|321|305|301|333|317|316|282|353|293|320|325|325|343|328|318|282|331|326|320|282|320|333|335|313|316|282|282|282|302|313|306|316|319|315|282|333|321|336|318|292|334|311|325|282|326|282|299|282|282|320|336|314|282|328|282|337|282|320|282|336|282|341|319|323|338|325|282|327|333|321|302|326|316|314|331|319
Iteração que foi encontrado o Melhor Global: 137
Quantas vezes o Melhor Global foi alterado (Lembrando que a verificação na inicialização acumula nesse contador): 9
Particula Inicial do melhor global:
1,147799|2,835894|2,868935|1,344389|2,071311|1,954349|0,163653|0,560362|2,144104|1,473090|2,242258|1,741903|1,136177|1,916363|0,199077|0,854989|0,436706|1,138638|2,678135|0,048441|1,292295|1,521784|2,183554|2,965295|1,666978|
Particula Final do melhor global:
2,527744|2,855510|2,579321|2,673108|0,330463|2,484941|2,812325|1,560884|0,558895|2,341463|1,399303|0,777665|1,235911|0,993115|2,137672|1,004445|0,980093|2,405810|1,688086|2,419994|1,775035|0,772284|0,774904|1,716782|0,976224|
A melhor solução desse PSO é:
4 8 21 22 11 24 16 13 
15 12 10 7 18 23 20 
14 9 17 19 5 0 2 3 6 1 
Quantidade de trocas de:2,000000
Makespan: 282,000000
