311|420|379|436|575|616|438|553|433|390|440|439|385|564|501|449|772|561|501|920|482|519|331|548|495|328|501|338|323|493|340|591|786|627|486|361|435|515|463|364|485|385|498|552|469|390|640|709|400|303|338|701|405|521|562|355|447|420|460|613|426|491|555|386|593|614|508|470|467|422|524|644|429|367|413|470|414|476|564|388|531|625|518|419|511|307|515|528|380|448|347|627|422|365|447|634|407|585|443|535|441|454|471|401|457|502|498|395|480|523|365|410|513|530|559|308|580|369|786|382|594|460|426|408|780|347|408|514|606|631|505|429|507|377|360|467|527|524|444|426|492|407|463|439|467|396|352|556|389|340|440|540|456|883|728|516|616|392|573|608|471|555|499|733|481|431|401|661|523|764|784|445|626|416|587|606|421|434|377|466|556|371|682|345|850|524|450|416|292|596|367|342|659|643|505|624|383|561|583|478|836|623|956|450|452|392|386|403|444|456|518|588|533|366|419|519|517|426|531|553|465|382|359|785|358|388|475|520|373|421|610|417|673|604|445|451|417|508|472|556|538|511|355|548|381|549|372|455|387|512
198|210|248|253|196|171|208|214|200|209|204|231|231|230|195|218|233|189|229|176|241|226|227|175|186|221|198|234|194|198|220|198|213|217|163|182|234|204|201|220|232|205|198|246|199|207|229|211|188|213|178|202|198|230|218|202|231|249|245|226|205|166|200|239|223|192|195|203|159|220|204|211|199|195|196|188|237|209|230|169|221|214|213|209|166|225|254|237|198|249|208|190|227|213|223|240|228|236|222|221|198|206|225|199|188|194|188|205|184|200|180|246|234|204|248|230|232|208|222|234|198|171|211|232|227|230|228|201|220|217|178|240|216|243|207|178|221|243|216|203|222|220|214|221|197|236|248|201|238|210|183|218|204|228|206|215|229|257|209|184|208|233|228|213|208|219|221|233|169|240|168|187|198|180|224|228|212|227|209|163|231|215|216|219|191|202|200|203|227|233|206|226|184|218|173|198|255|218|249|217|235|214|239|229|250|228|224|223|229|234|206|249|234|204|247|225|218|214|199|191|191|249|219|202|213|232|183|237|234|213|234|220|195|216|225|191|236|187|195|201|167|189|214|226|221|211|217|247|178|232
Iteração que foi encontrado o Melhor Global: 609
Quantas vezes o Melhor Global foi alterado (Lembrando que a verificação na inicialização acumula nesse contador): 14
Particula Inicial do melhor global:
2,243174|2,151374|0,074634|2,946894|3,423148|1,863115|2,662190|3,985736|1,512428|1,434577|3,870780|1,699947|3,966138|2,984520|0,535856|1,038266|2,133402|2,760679|3,721449|0,543290|3,461162|0,051296|2,051407|0,167405|3,136683|
Particula Final do melhor global:
1,688443|1,309481|2,051577|0,678854|2,540999|0,011084|2,390602|2,226890|0,972345|2,581627|0,161111|1,603954|1,971610|1,991337|3,246246|3,101445|3,261802|2,445427|3,387291|0,877738|3,277667|3,468550|1,816627|2,453798|0,875139|
A melhor solução desse PSO é:
5 10 3 24 19 8 
1 11 0 22 12 13 
2 7 6 17 23 4 9 
15 14 16 20 18 21 
Quantidade de trocas de:0,000000
Makespan: 159,000000
