520|691|779|870|652|525|515|793|1111|659|664|723|665|826|657|733|1037|488|878|597|475|673|526|511|543|450|544|861|511|511|914|569|470|516|616|482|567|687|718|595|1046|919|536|652|713|561|743|474|388|706|523|567|626|569|783|451|484|696|581|899|690|559|835|691|650|956|775|503|845|552|599|870|787|629|623|600|926|394|426|760|696|479|786|557|610|834|691|789|710|478|983|666|679|706|519|625|1037|632|497|597|702|593|550|687|616|814|482|898|603|950|557|835|570|691|561|617|679|763|763|454|708|483|552|523|482|764|649|821|714|671|618|751|761|780|905|753|752|473|554|586|539|536|743|513|999|629|577|1550|597|622|445|568|574|551|445|791|828|488|712|582|668|589|1021|535|1058|465|1085|712|663|833|713|450|1058|796|530|489|480|583|733|586|509|550|452|620|542|419|752|572|721|792|951|551|589|615|869|888|584|875|678|598|684|627|586|665|851|705|679|505|514|396|560|480|646|531|782|695|677|527|518|679|811|441|563|762|662|830|549|801|424|531|448|593|524|514|473|681|546|726|374|533|552|668|693|923|449|488|530|534|606|776
272|283|294|248|301|317|241|286|240|202|265|256|287|262|288|254|249|334|294|241|203|246|202|279|261|287|254|242|279|268|287|291|301|280|259|300|281|202|233|240|304|251|265|286|327|305|295|272|281|270|330|220|268|270|265|257|275|277|203|322|291|223|302|286|303|333|277|239|314|252|278|310|283|296|252|251|289|267|242|303|299|283|350|290|299|313|285|242|361|240|262|295|257|274|254|274|329|287|203|321|295|313|240|296|265|308|248|280|279|259|291|300|321|259|281|312|297|240|283|266|306|289|267|287|309|265|362|241|203|255|310|231|307|316|252|289|324|261|252|293|262|282|235|275|242|288|278|272|305|310|288|240|321|305|310|273|313|357|298|305|237|320|273|303|269|238|310|203|339|269|269|240|327|237|220|264|306|278|288|312|266|309|290|252|262|202|296|265|305|316|202|342|237|203|259|323|265|307|299|286|252|311|291|305|287|244|282|337|265|223|292|292|240|284|258|270|224|318|321|298|287|312|330|329|292|262|296|267|270|345|248|252|318|285|308|233|254|262|336|293|284|214|240|284|240|301|237|289|311|279
Iteração que foi encontrado o Melhor Global: 937
Quantas vezes o Melhor Global foi alterado (Lembrando que a verificação na inicialização acumula nesse contador): 18
Particula Inicial do melhor global:
2,962982|0,344808|0,183439|1,178759|2,139939|2,173835|3,403150|2,052840|1,627205|3,786278|0,856071|0,213008|0,172727|3,481900|1,060473|2,901821|3,944116|0,123300|0,339594|1,270730|0,347667|1,299221|2,142484|0,220871|1,651195|
Particula Final do melhor global:
0,244114|1,844049|2,231730|1,475663|1,713565|2,636878|3,750387|0,559855|2,199656|2,190592|2,154728|3,192445|3,512808|2,829557|3,495517|0,868179|0,946241|1,003671|3,169750|1,827519|3,739711|1,200204|0,579781|2,310610|0,451463|
A melhor solução desse PSO é:
0 24 7 22 15 16 
17 21 3 4 19 1 
10 9 8 2 23 5 13 
18 11 14 12 20 6 
Quantidade de trocas de:0,000000
Makespan: 202,000000
