948|1120|805|1176|799|900|604|1156|767|835|1076|1129|1282|1026|881|1150|727|1130|875|1003|824|1316|770|905|970|880|1294|942|1119|1260|1099|794|1129|1138|739|1085|1183|1052|921|1016|731|1378|1384|1133|659|721|1123|869|1286|952|1152|1127|920|793|1313|715|1052|807|1045|702|760|746|754|1103|1404|742|948|863|1260|1234|1321|701|771|867|865|845|790|819|1178|951|770|951|689|851|763|974|769|990|1080|958|692|807|689|1091|1452|677|815|1158|929|827|1354|819|551|1211|961|1260|995|1076|932|1060|926|1117|615|1149|644|1434|815|979|803|1201|1123|542|914|1077|756|961|843|985|580|793|717|881|1168|1145|1115|917|1692|850|895|1172|902|1306|1305|874|935|1103|614|884|983|660|1123|733|962|774|776|1440|932|1116|850|999|1027|778|1726|726|803|1168|817|1329|919|1512|915|1184|1360|1176|912|1037|1025|749|1054|831|843|1332|1161|894|1043|758|801|1070|847|878|1090|1015|1001|1157|855|864|844|1135|1096|835|592|1022|848|1003|1293|709|882|715|1208|1295|998|1102|1011|1254|749|845|1072|1321|913|876|1096|1584|878|1316|1328|888|1021|1122|910|1053|773|938|1068|1029|725|983|907|1009|1070|940|1257|691|971|1330|653|705|938|1289|1024|1102
465|361|361|477|457|462|481|487|510|495|499|516|542|427|507|518|540|539|523|361|461|566|479|580|437|382|448|501|501|454|462|479|504|419|558|538|544|447|511|501|515|461|439|454|511|548|506|450|526|474|529|484|430|562|544|529|487|544|537|547|369|369|480|538|536|437|495|403|505|544|570|491|495|461|468|484|562|476|521|512|506|508|481|510|511|505|521|546|495|485|504|450|432|485|537|492|484|542|448|480|483|493|530|541|539|505|361|480|543|420|585|516|480|456|515|542|440|435|552|434|507|512|486|529|506|512|447|369|556|530|369|521|506|504|516|541|575|408|538|440|408|551|468|501|480|506|443|533|458|506|535|361|490|529|408|458|460|564|388|490|474|465|451|427|528|452|460|527|474|481|539|523|510|402|526|538|496|437|451|532|480|470|528|494|476|447|475|508|454|546|507|487|506|526|429|514|485|517|502|516|514|361|446|457|498|483|510|529|528|423|515|505|369|361|450|429|568|496|487|511|473|427|452|492|436|512|390|402|508|506|483|557|521|489|459|533|516|408|497|508|474|478|493|530|432|425|483|542|534|523
Iteração que foi encontrado o Melhor Global: 930
Quantas vezes o Melhor Global foi alterado (Lembrando que a verificação na inicialização acumula nesse contador): 14
Particula Inicial do melhor global:
1,573167|2,361060|2,575501|2,860353|0,023663|0,842225|0,562448|2,991083|1,119821|2,584219|0,073672|2,579162|0,422561|0,585851|2,638693|0,347103|0,149511|2,894874|2,444757|1,898556|2,712919|2,552824|2,557671|0,818221|1,471575|
Particula Final do melhor global:
1,872150|1,764461|0,436036|0,345983|2,387111|0,750070|1,614579|0,712181|1,169768|1,776566|0,333645|2,669039|0,911323|1,178412|0,584586|1,301628|1,497691|2,379290|0,462563|2,147281|2,036911|2,591166|2,303572|2,496247|0,606847|
A melhor solução desse PSO é:
10 3 2 18 14 24 7 5 12 
8 13 15 16 6 1 9 0 
20 19 22 17 4 23 21 11 
Quantidade de trocas de:5,000000
Makespan: 361,000000
