786|535|610|872|655|802|484|433|636|811|539|543|385|667|447|645|714|553|456|481|581|407|529|515|510|798|496|660|559|531|764|507|822|550|727|688|377|768|523|588|562|582|402|398|625|413|600|647|657|776|548|494|510|497|551|597|629|443|395|617|481|443|580|712|495|906|520|628|553|827|438|617|620|694|705|640|457|664|584|508|550|825|541|448|486|545|851|510|417|930|528|455|425|542|599|501|529|439|469|460|720|538|544|664|671|504|509|766|513|562|608|565|501|593|501|917|541|525|393|626|494|717|806|529|514|440|533|427|539|572|458|444|564|591|494|700|544|756|536|480|674|505|514|723|543|682|737|486|596|707|613|395|679|355|581|549|612|680|540|884|487|610|871|497|415|636|498|565|593|634|648|501|477|584|493|621|714|600|526|578|521|662|840|602|687|691|469|645|798|924|468|527|445|578|500|553|548|779|1017|635|509|460|450|531|719|762|479|445|566|658|473|500|587|1081|520|469|448|611|471|715|495|555|513|455|485|1072|537|672|474|756|579|575|464|527|774|670|480|731|550|589|804|769|460|571|556|620|458|703|491|406
280|279|314|266|297|225|316|307|238|302|249|278|288|323|296|285|266|283|301|260|322|276|294|298|243|316|292|279|250|317|304|280|276|290|287|302|334|306|281|220|320|288|318|305|306|327|300|303|308|285|240|327|271|291|288|293|301|279|324|302|302|301|284|285|290|292|308|293|311|251|311|257|276|285|290|238|348|317|260|294|315|294|285|323|284|308|285|306|317|300|299|332|293|304|273|302|285|328|294|299|299|336|310|276|281|319|324|282|279|304|306|320|293|280|255|278|308|284|312|281|301|285|300|332|260|313|272|324|309|238|323|275|280|308|334|279|285|281|316|300|283|317|290|302|328|290|285|280|270|314|322|317|300|298|306|291|285|315|332|308|295|308|238|225|294|288|257|311|288|276|327|306|275|316|312|254|324|305|303|317|251|271|308|263|300|276|313|281|324|265|285|306|312|288|325|328|332|309|270|284|321|315|317|328|320|276|304|305|300|289|262|280|276|276|321|281|276|309|268|235|225|290|307|309|257|297|283|280|277|303|315|328|311|328|290|303|280|328|318|262|302|316|297|291|220|276|276|285|301|289
Iteração que foi encontrado o Melhor Global: 924
Quantas vezes o Melhor Global foi alterado (Lembrando que a verificação na inicialização acumula nesse contador): 12
Particula Inicial do melhor global:
3,849542|2,469392|1,704047|3,039132|0,192950|3,919342|2,567154|2,455985|1,628822|0,636822|1,597042|0,346757|0,588443|3,945358|1,320285|1,699600|1,969707|1,834795|1,286472|0,982377|1,816741|2,779420|1,326699|0,989634|3,033825|
Particula Final do melhor global:
1,954952|3,626755|0,296344|0,729769|2,347958|0,862560|3,323341|0,491621|2,569767|1,971048|0,346312|2,386568|3,003793|1,560312|2,793817|0,513063|3,971944|1,620468|0,179676|1,048458|2,458572|2,501095|2,624545|2,643390|1,022560|
A melhor solução desse PSO é:
18 2 10 7 15 3 5 
24 19 13 17 0 9 
4 11 20 21 8 22 23 14 
12 6 1 16 
Quantidade de trocas de:4,000000
Makespan: 220,000000
