1595|1085|1154|1169|1780|1064|1260|1421|1288|1015|1156|1301|982|1269|1277|1292|1581|1091|1382|1253|1030|1343|1030|1336|932|1124|1431|1020|1187|1342|1401|1513|1272|1191|1068|1344|1184|1454|1398|1463|1238|1685|1215|1243|1315|1133|1169|1413|1381|1255|1185|1214|971|1332|1076|1183|917|1017|1230|1379|1085|1864|1126|1567|1043|1089|958|972|1012|1325|1226|1314|1721|1154|1367|1319|1054|1446|956|1117|949|1038|1420|1113|1303|1212|1110|1160|1322|1212|994|1674|1370|1197|1451|1114|1343|1519|1520|1262|1672|1002|1183|1168|1212|1334|1549|1495|1509|992|1164|1213|1451|1237|1022|1804|948|975|1411|1365|990|1264|1222|838|1170|1089|1267|1228|1042|1176|1347|1068|1308|1108|1313|1241|1146|1066|1082|1206|1514|1230|1503|1277|1340|1322|1400|1256|1272|1357|1387|1158|1194|1350|1264|1125|1245|1208|1015|1235|923|1148|1149|1030|980|1529|1104|1377|999|1297|1225|1520|1200|1448|1087|1263|1167|1673|1109|1185|1228|1585|1804|952|1052|1000|1240|1030|1278|1194|1133|1172|1208|951|1187|1160|1118|1098|1159|1991|1195|1666|1313|1097|1200|1279|1322|1145|1278|1018|1060|1146|1373|1390|1390|1413|1266|1266|900|1213|1135|992|1076|1333|1352|1122|1202|964|1473|1521|1005|1292|1225|1077|1349|1418|1018|1299|993|998|1475|1181|1119|938|1275|1112|1768|1377|1174|1094
639|612|662|606|639|609|605|642|606|605|640|605|654|609|638|609|606|605|609|665|606|619|642|609|635|605|708|677|606|627|616|672|606|639|642|650|638|606|609|639|612|613|620|643|656|606|606|642|638|616|617|606|609|625|672|637|606|641|623|606|606|637|609|673|675|655|605|638|628|671|616|672|606|605|606|609|609|667|651|616|638|662|616|605|676|609|642|646|606|672|606|606|642|659|646|639|687|671|609|673|649|605|609|635|623|639|616|606|612|640|639|641|649|605|625|682|650|672|649|631|645|605|612|687|609|642|649|616|616|639|606|612|673|639|654|606|613|639|650|632|654|616|612|605|606|609|606|605|688|606|605|653|639|656|650|686|616|609|612|642|606|606|606|609|605|616|631|662|606|702|638|605|609|609|639|625|662|616|681|646|642|613|609|606|617|609|609|654|638|616|657|653|605|609|605|639|672|605|609|605|616|641|695|609|606|625|606|606|656|609|684|640|664|609|616|605|609|642|605|605|638|606|723|687|639|640|616|605|650|609|605|667|649|642|664|609|615|609|605|605|640|642|673|656|681|642|606|638|652|609
Iteração que foi encontrado o Melhor Global: 369
Quantas vezes o Melhor Global foi alterado (Lembrando que a verificação na inicialização acumula nesse contador): 14
Particula Inicial do melhor global:
1,153026|1,847683|0,409571|1,284309|0,235635|1,067189|0,958673|1,674655|0,593269|0,523349|1,813840|1,345485|1,923616|0,401120|1,296653|1,037226|1,215342|0,954671|0,218233|1,035460|1,018633|0,495680|0,452413|1,755085|0,231932|
Particula Final do melhor global:
0,942273|1,341084|1,968749|1,462920|0,923630|0,707018|0,575520|1,361469|0,696275|1,015345|1,693411|1,718127|0,678824|1,237407|1,525665|0,585955|0,012144|0,474644|1,443803|0,036535|1,342901|0,930876|0,213439|1,639663|0,485459|
A melhor solução desse PSO é:
16 19 22 17 24 6 15 12 8 5 4 21 0 
9 13 1 20 7 18 3 14 23 10 11 2 
Quantidade de trocas de:5,000000
Makespan: 605,000000
