489|394|399|624|620|602|629|451|533|509|525|516|603|521|563|606|689|426|471|642|550|397|541|431|436|692|512|447|766|588|382|587|499|611|417|666|535|452|470|394|659|521|498|515|499|547|447|581|515|565|498|489|524|662|579|524|459|595|512|539|450|456|508|509|450|400|492|579|532|526|463|513|504|433|480|584|556|403|491|481|539|429|516|511|409|527|551|700|652|604|588|589|513|586|460|470|432|504|466|665|461|478|496|513|470|462|601|723|641|897|469|478|457|564|488|557|436|444|536|574|393|520|583|430|466|558|366|506|601|649|436|769|462|646|611|594|503|720|593|552|683|441|719|454|765|563|572|611|380|390|635|550|481|596|466|408|554|491|471|481|448|512|791|530|502|500|540|798|421|537|692|436|654|424|620|508|406|450|398|595|439|478|619|612|396|738|874|422|460|504|657|427|431|426|417|473|481|449|573|565|607|592|459|563|509|633|617|547|493|637|625|520|714|638|530|416|623|494|568|602|560|607|481|481|535|591|521|484|604|485|495|500|535|542|468|778|557|657|410|574|536|565|368|544|449|610|436|570|623|524
284|308|288|293|312|288|304|321|336|284|312|284|288|311|284|284|319|339|284|319|328|303|284|313|299|308|284|326|292|323|323|284|288|329|326|280|313|311|284|284|300|292|288|292|320|316|335|320|292|295|280|288|284|284|288|280|284|284|288|313|284|304|295|284|315|280|284|316|329|288|280|288|288|324|284|292|300|319|320|333|310|304|292|307|292|288|299|288|288|288|284|284|280|348|280|284|309|325|292|309|293|292|324|299|307|288|302|284|288|288|288|306|280|288|284|311|292|292|332|280|318|325|288|288|284|284|280|284|293|288|300|284|307|328|301|320|299|341|288|288|299|288|284|307|356|341|280|323|317|316|316|326|292|319|311|321|337|296|295|284|284|315|284|299|304|284|294|284|316|288|320|307|288|292|288|325|284|284|297|308|297|288|314|304|288|315|327|297|301|349|296|311|292|347|288|304|321|325|352|333|330|304|312|303|304|299|284|347|316|324|307|288|288|347|309|357|310|303|302|284|305|284|309|335|293|316|280|311|304|309|284|312|332|280|330|284|316|288|311|312|288|307|327|311|295|288|284|317|301|310
Iteração que foi encontrado o Melhor Global: 827
Quantas vezes o Melhor Global foi alterado (Lembrando que a verificação na inicialização acumula nesse contador): 12
Particula Inicial do melhor global:
1,822854|2,760783|2,549236|0,752543|1,320700|0,341032|2,912028|0,780114|1,236266|1,083630|2,641330|0,183607|1,273316|1,148124|1,963637|1,307875|0,285855|0,980203|2,694790|0,718366|1,277288|2,909402|2,814218|0,120338|2,300713|
Particula Final do melhor global:
2,765374|2,460347|1,797918|1,594233|0,207080|0,449245|2,430545|0,652892|1,072937|0,422732|1,806447|1,605288|2,584160|2,323881|2,214035|0,887310|2,306171|0,830601|1,997786|2,956429|0,722221|0,875729|1,298710|2,137681|1,679698|
A melhor solução desse PSO é:
4 9 5 7 20 17 21 15 
8 22 3 11 24 2 10 18 
23 14 16 13 6 1 12 0 19 
Quantidade de trocas de:2,000000
Makespan: 280,000000
