1246|732|614|1010|817|574|911|933|621|674|735|1283|908|801|1103|846|800|1253|728|748|733|740|962|753|665|694|671|1036|1045|726|631|830|721|460|704|643|1047|745|860|742|713|698|690|621|636|753|625|721|763|685|777|1190|601|743|638|908|745|844|734|803|560|803|663|923|709|630|805|896|556|556|725|1039|675|620|714|690|1066|1108|727|948|735|698|799|766|1232|767|886|839|625|639|790|706|700|924|1063|988|779|576|723|588|843|614|589|834|750|1075|728|675|744|624|1136|776|809|604|712|617|783|1066|675|663|779|662|688|871|781|735|777|818|1015|620|873|768|501|712|1031|771|693|1066|874|662|661|773|791|823|841|605|657|633|633|717|827|722|1007|688|738|786|1065|940|910|935|702|706|1187|650|886|762|805|933|668|702|921|732|652|928|905|793|712|734|831|845|874|808|954|933|810|754|798|773|928|670|905|949|758|739|547|787|789|598|809|1028|944|706|796|866|642|630|710|653|819|702|693|773|782|687|498|824|981|1033|808|778|547|793|932|940|938|808|793|643|622|1059|1121|743|673|812|925|775|792|877|687|613|659|973|1127|550|793|849|928|1000|960|823
356|378|325|341|340|324|356|353|344|356|356|356|356|344|356|356|344|370|347|334|391|349|334|325|432|415|344|353|334|344|344|422|362|426|344|377|370|441|394|421|373|356|357|324|353|338|377|395|353|325|381|326|412|383|395|356|356|432|349|461|408|324|356|347|344|388|381|344|344|349|344|344|325|356|325|382|348|353|368|332|357|361|344|356|339|344|356|365|416|410|325|408|328|344|410|348|325|388|344|356|381|356|381|350|356|325|344|344|384|359|332|344|325|349|325|356|340|407|349|344|373|334|356|475|325|393|387|446|344|435|356|339|409|338|356|339|356|325|325|379|349|344|397|357|369|340|356|374|356|344|333|378|356|369|362|325|344|356|413|325|344|381|356|362|334|352|386|376|344|420|356|438|334|325|353|356|334|439|357|356|411|347|398|356|344|387|325|356|354|344|344|325|344|334|453|366|363|395|325|344|357|356|325|353|347|354|402|338|415|353|374|341|333|344|334|403|344|387|419|325|411|359|390|404|353|381|349|443|339|430|419|372|397|366|381|331|356|366|361|334|363|340|403|334|344|391|352|344|399|356
Iteração que foi encontrado o Melhor Global: 877
Quantas vezes o Melhor Global foi alterado (Lembrando que a verificação na inicialização acumula nesse contador): 15
Particula Inicial do melhor global:
1,154228|2,685416|2,588365|2,694385|0,489211|0,887780|0,153765|1,668639|2,360163|1,720002|1,358470|1,464157|2,469815|0,168665|2,482940|0,871413|0,754170|1,616467|2,312493|1,524059|1,591474|2,774011|2,705912|0,699199|0,215429|
Particula Final do melhor global:
0,047346|1,263161|1,084410|2,088587|1,885698|1,110498|1,085574|1,407283|1,734158|1,171206|2,740301|0,640202|2,279068|0,336235|1,468298|2,254474|0,844264|2,929430|2,066677|1,842020|2,446558|0,886171|0,127890|1,247399|0,549668|
A melhor solução desse PSO é:
0 22 13 24 11 16 21 
2 6 5 9 23 1 7 14 8 19 4 
18 3 15 12 20 10 17 
Quantidade de trocas de:1,000000
Makespan: 324,000000
