875|981|984|845|707|812|1018|725|721|691|806|1139|799|914|867|818|896|648|729|688|796|894|886|881|719|778|692|1052|953|683|1064|1002|1073|793|670|996|773|772|886|912|846|783|864|881|1030|863|641|831|602|1322|756|781|759|706|935|885|1181|863|991|1223|686|738|872|819|854|709|790|886|1018|687|830|754|797|709|772|652|815|622|762|824|665|816|778|770|809|751|900|741|810|742|725|758|740|982|898|897|813|877|782|703|571|917|750|855|704|685|787|739|761|814|800|973|828|796|767|851|936|867|720|527|818|1087|725|1121|1068|823|961|763|886|911|785|873|738|568|741|846|1015|740|696|779|698|738|640|793|742|1101|787|752|884|964|1003|698|848|933|686|765|931|795|1016|703|816|713|800|890|1028|752|789|887|754|758|959|1011|931|903|915|782|858|712|684|649|751|858|1111|952|1089|616|754|1008|966|798|724|941|889|721|918|1022|697|890|840|1185|949|645|954|872|951|691|966|764|966|1042|748|774|874|974|851|590|824|775|783|1156|753|967|822|676|1289|758|670|810|910|744|895|686|781|728|850|764|949|784|865|680|776|748|815|926|791|912|806|909|959|987
449|539|526|449|465|467|513|490|514|468|469|481|467|490|467|467|467|561|468|449|449|499|449|467|449|469|468|449|476|449|468|468|496|449|449|505|517|467|467|468|489|449|449|484|460|473|468|467|462|480|474|468|489|474|468|468|470|449|525|481|494|449|493|467|449|468|467|473|467|489|467|470|490|456|495|549|512|449|468|449|498|482|465|493|489|468|468|468|515|468|463|508|470|475|481|467|510|468|494|481|524|468|516|481|449|543|484|468|489|489|449|470|517|467|449|515|489|468|517|467|489|449|468|485|449|475|468|474|467|449|467|502|515|512|467|498|468|467|491|481|449|453|500|468|474|515|468|467|486|449|467|467|468|449|467|500|471|472|449|475|467|473|517|449|504|468|498|515|467|449|481|475|467|501|449|468|449|497|467|535|467|467|502|481|481|449|492|489|509|467|449|481|517|449|473|467|489|476|512|515|520|518|467|473|467|482|453|492|470|468|467|473|489|468|449|449|467|489|516|510|484|468|468|488|467|481|527|503|471|468|508|468|468|516|449|481|468|467|476|471|521|466|476|467|515|486|476|449|519|513
Iteração que foi encontrado o Melhor Global: 273
Quantas vezes o Melhor Global foi alterado (Lembrando que a verificação na inicialização acumula nesse contador): 7
Particula Inicial do melhor global:
1,212701|1,082384|1,501276|1,682971|0,374188|1,697227|0,684822|1,352245|0,634672|0,798487|1,887596|0,514740|0,492597|0,097244|1,986041|0,429595|1,059890|0,240643|0,840813|0,159149|0,978502|1,390293|0,578078|0,037800|0,027077|
Particula Final do melhor global:
0,142791|0,719778|1,751520|1,053262|0,929276|0,426780|0,929069|0,409079|1,442686|0,828688|0,640296|1,762472|1,373809|0,119047|1,289958|0,705012|1,763239|0,987132|1,819917|1,424714|1,653517|1,476811|0,770384|1,803979|0,298687|
A melhor solução desse PSO é:
13 0 24 7 5 10 15 1 22 9 6 4 17 
3 14 12 19 8 21 20 2 11 16 23 18 
Quantidade de trocas de:6,000000
Makespan: 449,000000
