1129|853|897|965|1145|806|1013|1466|922|974|978|1016|867|1195|715|901|1174|1338|1267|994|797|1137|1106|1092|855|1063|995|1031|1032|938|1195|1031|1030|964|877|949|914|1301|1067|941|1126|981|832|1045|906|964|851|841|876|779|815|790|1006|943|863|950|1262|1060|1041|879|1367|764|783|1077|793|1055|1203|1045|935|991|1290|1265|928|854|1100|1213|1431|663|808|1038|861|996|971|967|1117|1051|1146|824|735|1164|941|1130|1276|1103|975|921|1132|1140|1117|1215|867|820|896|786|822|1210|893|1090|834|1129|820|988|951|835|1087|745|859|1144|1055|921|986|1223|792|922|804|1100|926|1023|861|1239|987|935|1006|1027|853|1146|940|1064|936|1203|838|1040|1058|927|937|1020|1157|760|1104|914|842|1097|877|1167|990|1085|1252|1079|867|876|802|1195|940|886|802|1093|799|1020|863|1067|1055|1404|943|1016|780|819|806|847|935|855|1331|1012|936|1021|992|1007|1027|924|903|1150|1077|885|920|890|1396|909|1010|1596|808|842|920|888|1133|1162|1082|1076|1417|981|894|875|1095|912|719|877|822|1308|1254|846|1148|977|1055|964|1012|735|1278|852|1028|1062|985|822|1188|884|882|1007|1069|1113|915|1043|963|917|1526|1064|1509|1296|1076|1254|1070|922|968|839
493|521|602|531|520|521|518|533|520|517|520|486|557|513|518|508|521|479|521|515|517|521|524|546|521|590|562|520|505|479|498|584|512|479|521|556|528|516|479|520|496|479|523|572|521|582|521|493|479|495|521|589|562|513|521|561|520|576|549|573|496|512|479|518|549|479|493|546|531|521|479|496|520|523|525|531|521|529|520|518|493|525|546|520|479|520|520|521|520|561|536|536|555|556|551|479|521|535|556|553|556|520|557|515|517|521|493|558|519|520|559|547|520|512|520|521|521|556|553|479|492|479|479|524|581|531|569|553|530|479|520|511|521|520|588|546|521|520|530|521|479|563|521|555|614|539|559|479|514|515|520|520|493|600|493|515|521|479|545|521|493|495|513|479|537|550|521|557|524|520|513|520|498|521|508|508|493|506|479|546|479|579|520|518|560|521|612|546|545|521|518|525|536|520|479|559|552|520|520|479|556|492|521|512|495|493|523|479|536|492|527|523|569|520|574|479|521|479|559|521|512|546|556|579|520|493|514|521|479|485|530|521|479|519|505|523|518|479|527|531|532|523|493|529|540|521|528|553|518|479
Iteração que foi encontrado o Melhor Global: 647
Quantas vezes o Melhor Global foi alterado (Lembrando que a verificação na inicialização acumula nesse contador): 13
Particula Inicial do melhor global:
0,865860|0,576087|1,787649|1,332701|1,660288|0,361525|1,823378|0,130190|1,139614|0,588880|0,934898|0,050955|1,576899|0,681294|1,921506|1,497821|0,021887|1,634733|0,577199|1,672703|1,911369|1,928562|1,136084|0,230833|0,600217|
Particula Final do melhor global:
0,633535|0,862802|0,000692|0,337576|0,560752|0,289051|0,783134|1,555787|0,838787|0,598920|1,348422|0,313429|1,543373|1,222303|0,508500|1,573426|1,045146|1,823113|1,406561|0,449919|1,603674|1,764913|1,042571|1,502609|0,218471|
A melhor solução desse PSO é:
2 24 5 11 3 19 14 4 9 0 6 8 1 
22 16 13 10 18 23 12 7 15 20 21 17 
Quantidade de trocas de:4,000000
Makespan: 479,000000
