970|793|1252|1061|777|820|768|703|681|1021|900|938|917|714|972|820|750|801|909|792|869|765|823|905|868|1015|928|897|796|1274|1216|945|769|611|873|838|788|1218|670|643|850|788|781|1022|855|758|694|848|937|863|755|832|849|806|1219|691|805|806|685|1002|643|813|987|778|681|658|752|976|823|870|1005|625|903|678|1123|731|890|868|925|1155|732|872|865|708|713|954|1215|736|804|830|696|1070|774|1027|851|1074|771|602|1010|857|937|820|947|900|831|721|703|1048|995|617|917|737|839|1102|796|1256|913|870|794|805|890|643|869|634|1215|826|699|807|829|724|1012|850|762|722|742|932|967|705|885|797|731|1055|922|781|1055|864|746|1052|760|838|817|774|680|863|892|865|748|992|985|825|650|970|1041|777|860|725|745|701|886|996|851|572|938|682|879|1004|683|978|921|825|842|1017|842|984|910|860|858|821|717|783|1055|690|863|729|798|965|863|703|708|664|905|833|896|691|1135|572|745|951|765|1009|642|1100|795|947|846|807|840|1068|679|1180|890|816|879|918|679|806|834|769|929|900|625|898|783|660|652|815|736|756|706|700|986|818|854|878|683|832|789|774|940|1002
425|446|425|446|425|425|425|425|425|477|425|425|425|425|446|425|447|470|425|470|425|425|425|425|458|425|446|425|462|430|459|441|441|425|425|425|468|425|425|425|462|425|441|425|425|425|425|470|425|425|425|446|425|474|425|457|447|425|425|449|471|462|425|425|425|425|446|425|425|425|425|425|425|425|425|441|425|425|425|425|425|453|459|425|425|425|441|425|459|425|425|425|463|491|441|474|425|425|425|425|425|468|425|425|494|462|470|425|449|425|425|470|428|449|425|425|467|425|425|441|425|425|425|425|425|425|447|453|425|446|425|425|425|425|425|425|425|425|472|425|425|459|425|425|425|470|425|425|425|425|467|425|425|425|425|444|425|425|425|425|425|450|425|460|425|425|425|468|478|425|425|450|425|425|425|425|425|425|425|425|468|425|425|468|425|425|425|425|425|425|425|425|471|425|467|425|451|441|425|425|425|425|425|481|425|464|425|471|425|425|466|425|464|447|425|425|441|431|490|425|425|473|459|459|446|425|425|425|425|425|425|425|425|467|425|467|468|425|470|425|446|425|447|425|425|460|425|425|425|462
Iteração que foi encontrado o Melhor Global: 65
Quantas vezes o Melhor Global foi alterado (Lembrando que a verificação na inicialização acumula nesse contador): 10
Particula Inicial do melhor global:
0,976252|1,114709|1,884804|0,882493|0,985683|1,193753|1,915402|1,322887|1,502027|0,444036|1,824926|0,478667|0,032008|1,015877|0,610107|0,115998|1,227866|1,021538|0,708820|1,756708|1,204869|0,431061|1,827508|0,830784|1,063934|
Particula Final do melhor global:
0,298456|0,263629|1,326939|0,859764|1,115969|0,255093|1,170698|0,584250|0,004293|1,111489|0,324661|1,516516|0,082084|0,226770|1,602094|1,471281|0,633209|1,584502|1,270452|0,492234|1,433062|0,999366|0,104577|1,451844|0,731150|
A melhor solução desse PSO é:
8 12 22 13 5 1 0 10 19 7 16 24 3 21 
9 4 6 18 2 20 23 15 11 17 14 
Quantidade de trocas de:5,000000
Makespan: 425,000000
