439|598|665|450|629|701|438|1005|582|585|519|652|612|626|591|639|869|588|784|810|605|513|500|649|665|490|479|645|726|585|469|635|864|688|390|449|472|633|512|444|572|545|588|468|438|494|544|642|540|612|493|512|446|518|513|455|565|718|554|544|525|607|496|530|471|744|476|578|489|497|432|465|684|655|412|676|803|507|787|475|677|563|456|621|433|668|732|465|575|594|388|514|793|618|488|692|516|565|636|659|648|600|662|510|462|504|611|900|766|523|615|487|484|554|639|565|685|561|447|539|665|578|601|423|455|583|613|624|646|567|419|1120|579|499|791|526|641|621|728|446|811|632|475|550|839|525|526|428|691|482|667|603|655|505|527|475|675|738|568|690|557|561|499|603|633|496|515|588|596|744|371|491|550|790|669|562|388|598|456|634|680|471|450|620|496|643|578|480|419|718|589|444|541|391|515|485|517|479|579|484|569|548|868|769|447|606|826|675|634|690|477|561|727|694|441|565|519|660|793|532|577|681|588|450|465|630|471|539|566|600|559|612|507|862|523|434|680|515|501|557|768|641|495|616|616|713|775|604|460|545
308|282|322|282|282|341|314|282|282|288|327|314|282|313|360|282|296|301|288|306|361|305|282|342|298|345|359|356|311|314|282|314|341|323|282|309|282|282|282|345|332|354|310|282|282|306|321|282|282|344|282|300|282|282|282|282|318|343|313|344|375|333|313|320|307|282|288|338|350|282|301|309|329|340|297|282|286|298|333|301|306|323|321|312|291|297|348|282|291|304|341|298|282|282|282|282|282|314|332|282|306|282|346|305|282|282|322|298|358|282|282|282|354|282|289|332|292|342|282|282|282|316|282|284|288|326|282|336|298|325|303|297|331|282|282|282|313|360|282|324|348|314|284|336|334|328|328|343|324|282|320|294|284|314|282|346|330|282|326|282|293|350|368|318|334|332|288|332|292|367|337|282|316|282|310|307|312|284|282|315|282|282|332|328|371|282|300|291|375|328|354|371|313|282|282|282|282|328|286|284|325|282|326|282|282|323|282|282|282|309|282|282|282|291|282|355|317|282|330|282|291|337|345|352|305|334|298|282|282|282|291|282|359|309|327|322|294|347|314|282|282|297|282|282|291|370|282|331|301|343
Iteração que foi encontrado o Melhor Global: 157
Quantas vezes o Melhor Global foi alterado (Lembrando que a verificação na inicialização acumula nesse contador): 9
Particula Inicial do melhor global:
2,066115|2,958569|2,114784|1,202090|1,262867|2,719853|2,825740|1,917094|0,633712|0,798640|1,144757|0,472788|0,519512|0,624723|1,713211|1,229670|0,720983|1,490617|1,006309|2,378141|0,758395|0,406435|1,354796|2,188696|2,707817|
Particula Final do melhor global:
1,633380|2,144360|2,495632|2,698698|2,160104|0,702152|1,503501|2,509331|1,701715|1,709498|0,025096|0,530482|0,308235|1,401000|1,296098|1,496298|1,124604|0,755901|2,782345|0,737167|0,852506|2,330834|0,438626|2,068604|1,768264|
A melhor solução desse PSO é:
10 12 22 11 5 19 17 20 
16 14 13 15 6 0 8 9 24 
23 1 4 21 2 7 3 18 
Quantidade de trocas de:6,000000
Makespan: 282,000000
