462|661|462|514|621|520|863|377|398|681|515|759|835|598|462|657|642|429|441|653|681|507|737|466|632|952|540|419|810|656|673|694|538|566|701|504|567|672|550|771|489|507|418|672|629|578|856|891|561|610|748|582|452|419|465|589|618|828|559|535|361|473|537|632|483|467|592|557|631|401|673|757|558|452|775|518|427|697|505|572|663|540|555|874|796|510|530|624|447|500|460|369|424|1154|388|650|630|517|638|425|529|438|580|468|411|601|392|509|623|709|653|387|610|632|462|674|725|500|659|576|753|468|746|381|488|468|701|524|590|522|548|606|502|684|708|662|476|424|592|456|592|624|578|584|615|557|466|563|448|683|514|433|552|586|683|546|605|562|628|627|602|578|551|500|597|512|664|511|386|759|735|672|1276|525|408|547|441|581|596|578|466|602|690|424|515|612|658|488|568|589|460|350|693|544|481|718|665|577|698|612|556|437|970|701|561|472|438|621|657|439|555|500|499|804|731|623|448|602|527|443|497|745|897|646|470|588|559|403|842|715|552|608|442|529|548|681|702|809|613|571|520|635|329|941|707|612|674|652|439|379
301|271|196|262|196|196|196|261|196|198|286|196|279|274|323|196|247|196|275|242|245|301|275|266|246|196|292|238|196|300|274|279|254|208|249|196|238|268|296|318|276|246|196|242|256|196|223|278|238|285|196|322|274|196|242|300|242|256|248|275|210|196|285|210|196|299|196|196|196|196|255|253|333|196|196|310|312|307|196|266|238|262|196|266|196|231|242|300|309|268|274|298|196|196|297|248|252|196|275|254|281|196|243|207|290|197|297|238|268|238|247|204|196|252|242|196|238|237|196|212|196|287|238|244|196|290|276|242|196|263|279|197|288|317|196|290|254|242|287|334|196|196|260|196|223|295|252|196|286|298|322|249|270|196|298|246|196|196|196|231|257|198|243|288|196|238|212|310|299|196|254|274|196|301|267|268|265|294|196|196|238|196|198|302|310|196|196|238|196|294|290|298|196|196|238|196|289|314|299|219|196|294|275|198|261|310|242|276|238|279|196|293|260|268|198|290|196|249|262|254|303|196|268|265|314|196|318|253|196|196|261|323|301|270|265|253|252|248|352|238|268|274|300|196|260|238|301|263|196|196
Iteração que foi encontrado o Melhor Global: 249
Quantas vezes o Melhor Global foi alterado (Lembrando que a verificação na inicialização acumula nesse contador): 10
Particula Inicial do melhor global:
3,528687|2,382611|3,529166|2,180372|2,910419|3,509377|2,949452|3,662134|2,446642|0,896072|3,575150|2,152803|2,593675|1,504465|0,313877|1,014798|2,117123|0,659732|2,404725|0,290585|3,096564|3,657405|0,771573|1,300152|1,101240|
Particula Final do melhor global:
1,130789|3,710720|2,150143|2,926870|0,905911|2,944080|1,394487|3,365671|3,859591|1,833112|2,375944|0,495527|3,302599|3,129762|2,630967|3,460579|0,927442|2,056036|2,402334|1,602602|0,139688|0,898734|0,810310|0,421900|3,775398|
A melhor solução desse PSO é:
20 23 11 22 21 4 16 
0 6 19 9 
17 2 10 18 14 3 5 
13 12 7 15 1 24 8 
Quantidade de trocas de:2,000000
Makespan: 196,000000
