550|365|420|348|244|295|277|309|268|311|412|345|338|242|293|304|458|360|282|314|302|340|266|393|322|299|499|326|297|254|419|339|282|264|484|231|305|287|320|396|277|371|255|350|297|265|256|339|345|376|345|315|448|317|338|323|230|462|340|378|316|331|406|281|446|414|277|367|431|311|338|370|455|308|418|266|428|394|393|314|327|349|309|369|334|472|359|337|456|276|373|321|388|279|502|280|284|327|351|299|380|307|270|400|359|364|411|253|262|311|372|282|281|275|410|276|303|553|326|349|249|340|315|302|333|269|258|329|360|525|320|290|292|342|600|262|425|312|269|330|523|338|363|314|335|315|281|319|317|401|237|452|482|499|374|318|322|232|443|270|291|319|281|467|278|269|305|333|381|364|504|329|345|418|270|316|254|340|400|435|331|310|270|300|359|436|313|408|311|260|305|308|295|346|351|299|514|324|432|314|318|304|301|394|293|299|309|236|346|290|404|407|384|289|332|293|315|279|390|245|284|449|358|311|375|405|369|267|470|494|260|248|329|256|425|334|372|319|349|359|295|341|456|334|264|306|263|407|281|304
198|203|199|206|208|206|211|204|197|212|208|202|194|211|211|209|210|212|198|209|204|193|212|213|213|208|206|207|202|208|211|199|208|212|210|201|202|207|185|190|207|195|217|196|204|189|214|197|211|208|208|216|191|199|208|208|199|206|201|200|204|210|201|199|185|190|211|213|206|204|193|211|200|206|204|206|212|209|201|215|187|198|205|208|208|206|199|204|208|213|204|207|202|204|206|216|200|211|194|203|202|201|205|195|219|199|209|211|206|201|201|202|201|190|217|207|217|199|191|213|190|207|214|190|184|191|208|211|206|202|208|201|207|209|189|209|201|210|202|208|207|205|214|207|194|204|196|206|207|205|204|201|208|201|197|207|203|210|204|209|211|208|205|190|213|196|204|196|196|205|198|201|214|190|189|193|210|214|188|200|207|206|210|184|208|200|189|195|185|198|202|211|212|195|201|207|200|218|198|204|208|199|197|212|216|219|204|195|204|189|214|191|201|211|211|192|192|210|205|204|203|206|204|187|216|215|208|212|200|216|202|201|199|208|189|197|196|196|206|212|208|200|218|206|204|204|220|206|209|210
Iteração que foi encontrado o Melhor Global: 910
Quantas vezes o Melhor Global foi alterado (Lembrando que a verificação na inicialização acumula nesse contador): 10
Particula Inicial do melhor global:
1,877759|2,557082|2,073616|1,613224|2,793095|1,680068|3,132403|3,572049|0,788239|3,396054|0,923717|0,411206|0,325577|1,898011|0,976523|0,811847|0,101655|1,411653|0,302900|2,932359|2,003706|1,002578|0,190152|2,978956|2,254483|
Particula Final do melhor global:
1,030384|0,565748|2,436839|3,346045|2,575372|2,695126|1,753399|0,834035|3,677067|2,744853|2,679056|1,458415|3,508594|1,852819|1,714746|0,277889|2,827687|0,879474|0,687629|3,562236|3,088927|3,240060|1,414206|1,664547|1,560636|
A melhor solução desse PSO é:
15 1 18 7 17 
0 22 11 24 23 14 6 13 
2 4 10 5 9 16 
20 21 3 12 19 8 
Quantidade de trocas de:5,000000
Makespan: 184,000000
