805|707|621|767|389|773|656|671|694|634|535|690|491|588|534|821|650|719|613|704|828|476|625|561|598|872|668|656|513|523|735|909|524|575|470|898|545|679|1046|514|658|676|594|581|556|791|598|613|532|721|516|582|605|650|882|497|550|578|510|656|450|570|563|509|462|713|545|649|610|818|627|658|724|566|621|643|590|565|537|626|679|765|928|770|497|775|533|671|771|510|473|618|650|780|473|449|562|577|1098|653|519|642|493|490|584|370|698|901|690|604|510|901|602|649|685|649|522|692|657|641|550|521|507|814|657|771|804|672|745|496|575|761|594|571|674|629|426|479|653|437|537|469|510|678|701|452|541|633|519|595|485|683|509|826|681|952|805|691|852|556|560|567|472|577|1159|699|407|646|361|505|622|786|519|1049|547|694|631|714|453|466|643|556|577|494|359|680|494|492|641|759|911|482|559|975|605|512|547|476|640|877|674|546|673|625|683|694|592|743|928|361|584|801|519|1045|597|570|650|593|754|742|672|727|497|659|1024|582|657|708|429|675|692|611|465|501|601|739|977|681|558|637|814|737|523|601|471|540|819|474|596|403
324|241|292|311|279|328|355|271|279|310|280|265|238|343|349|320|362|293|315|256|259|335|289|238|310|307|322|293|293|273|296|228|310|315|238|331|292|334|357|307|265|299|335|249|304|361|289|313|347|238|298|303|282|307|340|307|312|301|308|303|325|320|238|277|309|311|328|287|329|305|311|244|289|298|297|310|311|238|296|323|294|282|275|335|301|325|332|286|317|265|259|284|266|305|304|279|333|318|261|320|318|246|311|299|310|322|282|292|350|299|303|335|334|309|326|287|275|334|276|282|282|341|258|279|237|314|228|292|283|303|278|331|311|309|262|308|305|236|291|290|293|279|234|296|265|318|326|319|401|312|308|307|299|323|321|293|302|352|302|309|232|235|341|327|320|228|279|338|301|258|296|343|280|323|324|321|237|341|349|307|324|346|237|314|309|354|287|324|328|336|348|260|235|238|238|297|289|290|282|304|316|323|333|343|292|328|338|300|298|324|336|238|269|343|315|277|357|353|260|311|316|235|310|345|228|274|271|360|280|271|309|281|328|285|228|325|343|304|285|321|281|279|363|279|262|329|287|273|296|300
Iteração que foi encontrado o Melhor Global: 841
Quantas vezes o Melhor Global foi alterado (Lembrando que a verificação na inicialização acumula nesse contador): 21
Particula Inicial do melhor global:
1,844308|3,375945|1,254321|1,992728|1,083660|3,145546|3,201404|3,528954|1,774347|3,020396|2,484221|3,713990|3,212885|0,256803|0,534353|2,826641|3,498096|2,530551|3,631585|3,384327|0,471748|3,088573|0,347787|3,599044|1,018817|
Particula Final do melhor global:
3,035711|3,635375|1,983449|3,595225|3,172248|1,585870|3,946079|2,426565|1,372694|1,930275|2,707534|0,257870|2,243172|1,827396|0,750407|0,700039|3,090330|0,866129|1,339879|3,527835|0,308573|2,385203|2,240389|1,455278|2,233257|
A melhor solução desse PSO é:
11 20 15 14 17 
18 8 23 5 13 9 2 
24 22 12 21 7 10 
0 16 4 19 3 1 6 
Quantidade de trocas de:1,000000
Makespan: 228,000000
