338|356|420|402|350|493|456|367|385|357|363|349|362|337|362|414|335|365|405|447|477|422|321|332|418|417|430|458|340|535|300|341|412|445|344|367|405|537|430|475|424|379|473|418|461|526|417|406|366|630|341|304|333|344|278|388|388|424|325|483|358|483|364|354|478|407|404|408|446|401|410|425|342|491|349|335|665|446|377|386|365|362|388|366|399|371|376|419|403|467|381|360|350|400|367|320|421|409|407|433|353|352|399|410|436|488|439|328|421|409|336|481|276|384|373|374|470|542|540|526|428|368|472|433|293|348|336|474|592|414|313|296|479|417|407|398|338|356|346|395|298|512|488|616|495|523|560|389|589|465|335|410|388|345|479|405|400|430|292|391|364|520|420|336|355|383|523|283|556|428|345|392|350|361|402|315|313|327|383|384|459|309|355|385|385|476|319|349|428|404|386|387|331|396|365|431|417|433|354|438|458|349|327|336|343|486|371|374|364|484|305|407|443|482|413|395|394|358|344|360|426|396|536|415|353|361|402|346|282|518|311|295|433|395|339|435|353|389|430|384|386|507|453|305|244|368|337|447|439|304
257|242|243|244|253|235|251|241|258|255|251|245|266|243|237|244|245|234|253|247|235|255|238|247|253|253|252|235|248|235|246|255|242|230|251|236|251|252|235|258|235|243|246|242|235|257|252|231|253|250|232|243|244|245|263|242|254|256|246|268|252|244|238|248|235|235|235|244|253|251|228|251|240|244|247|259|265|234|254|244|254|254|239|235|230|252|247|244|244|245|245|241|251|248|246|238|247|252|245|253|260|269|253|235|255|236|248|245|244|237|251|241|252|236|248|252|237|248|253|257|244|246|255|258|247|246|254|240|255|247|250|249|259|238|244|235|259|263|234|246|262|257|231|232|251|254|247|252|236|235|248|249|256|260|246|235|247|258|244|235|234|234|234|256|245|232|246|256|249|256|258|250|259|234|254|264|243|236|246|263|228|242|243|246|243|241|247|242|245|235|243|234|248|262|262|235|256|234|249|242|249|242|255|253|234|262|255|260|234|235|255|258|257|249|250|241|251|254|254|241|249|271|235|252|246|260|252|237|234|245|261|234|255|251|239|253|249|238|258|253|239|235|240|248|241|234|261|239|238|258
Iteração que foi encontrado o Melhor Global: 503
Quantas vezes o Melhor Global foi alterado (Lembrando que a verificação na inicialização acumula nesse contador): 6
Particula Inicial do melhor global:
2,610022|0,216512|0,048647|3,868064|2,512812|1,991574|2,681215|1,380222|1,568465|2,943267|2,405004|0,858976|1,062579|3,994548|3,916549|3,267499|1,758934|1,601851|1,268187|2,828977|0,708156|2,922882|1,841961|2,820961|2,612044|
Particula Final do melhor global:
1,742271|3,821337|0,328589|1,244019|2,737864|2,974004|2,161947|1,891981|0,921119|3,276357|1,366117|2,135665|3,351854|2,523205|0,319892|0,777693|0,394108|3,618351|0,750209|1,949212|0,598862|3,776480|1,066006|2,981186|3,526286|
A melhor solução desse PSO é:
14 2 16 20 18 15 8 
22 3 10 0 7 19 
11 6 13 4 5 23 
9 12 24 17 21 1 
Quantidade de trocas de:2,000000
Makespan: 228,000000
