719|547|585|609|574|465|396|460|648|543|578|452|540|809|571|594|546|445|550|569|487|587|697|431|555|622|579|535|625|609|498|674|557|480|402|501|516|602|423|849|543|420|588|678|556|527|710|675|501|719|583|495|641|471|645|876|655|562|568|690|606|413|583|831|505|416|604|632|878|637|618|759|474|429|534|760|596|582|652|516|1034|499|582|582|982|640|774|579|486|542|453|525|532|562|750|615|859|623|706|621|541|873|484|460|670|669|813|545|649|624|782|739|621|545|464|497|582|571|557|496|737|543|721|693|491|690|457|542|541|526|744|615|577|523|546|569|488|525|728|404|594|435|457|554|422|445|584|481|474|542|587|449|387|504|488|910|528|496|510|499|463|513|663|766|489|555|669|644|462|611|569|584|584|731|677|653|512|450|431|567|569|474|604|505|519|860|718|526|598|925|536|549|479|449|506|551|740|497|901|602|499|467|512|439|697|466|522|496|627|509|541|526|649|642|645|470|731|640|572|567|502|487|541|529|411|562|594|488|605|457|527|504|621|571|1109|664|509|488|503|514|463|418|525|608|588|486|980|562|538|462
310|331|332|343|339|337|350|288|362|317|333|350|287|323|318|358|336|347|329|336|311|316|321|315|335|347|317|305|304|287|324|305|311|297|334|336|333|325|329|322|329|325|313|296|305|306|345|363|337|348|333|345|352|352|360|288|317|321|348|287|347|352|347|342|311|311|363|299|324|297|287|337|332|318|331|305|288|325|343|327|324|354|345|287|316|334|330|288|287|310|349|344|361|287|347|287|288|323|331|325|354|300|335|311|353|337|337|318|353|287|287|337|346|305|288|367|297|297|360|321|322|372|329|328|321|305|343|352|306|330|287|346|335|365|306|288|343|323|302|329|310|336|309|361|321|317|302|354|287|362|357|324|351|319|329|331|345|304|331|315|329|297|344|319|340|315|311|320|327|305|326|287|332|347|340|331|311|322|305|320|349|354|287|339|326|350|327|332|287|306|305|336|335|360|349|288|315|316|287|287|332|313|332|315|325|329|337|377|327|319|346|302|353|287|338|325|287|330|352|302|322|287|287|321|347|369|306|348|302|335|359|351|287|353|333|338|336|287|287|327|305|321|287|323|333|353|323|326|335|353
Iteração que foi encontrado o Melhor Global: 339
Quantas vezes o Melhor Global foi alterado (Lembrando que a verificação na inicialização acumula nesse contador): 13
Particula Inicial do melhor global:
2,781829|0,865624|2,433006|2,839877|1,239925|2,566658|0,887670|1,969888|0,653441|2,145585|0,050460|0,685776|1,747653|1,689258|0,174454|0,350336|0,797801|2,011824|2,730993|1,881901|0,051593|2,459582|0,481203|2,383018|2,035027|
Particula Final do melhor global:
1,214227|0,828882|0,672518|0,206982|0,289773|2,617604|2,473063|0,563550|2,198051|1,024708|1,976963|1,464115|1,032495|1,041560|1,409780|2,567814|0,492036|2,148908|0,335050|2,461514|1,183908|2,087933|1,699452|2,748424|0,864492|
A melhor solução desse PSO é:
3 4 18 16 7 2 1 24 
9 12 13 20 0 14 11 22 10 
21 17 8 19 6 15 5 23 
Quantidade de trocas de:7,000000
Makespan: 287,000000
