275|257|305|297|512|295|313|295|279|291|397|417|599|321|310|285|244|317|307|374|370|278|379|405|294|302|398|327|383|333|383|336|313|349|347|347|374|357|260|307|442|339|270|341|310|265|414|436|385|286|408|451|354|345|376|309|385|417|359|396|260|370|274|265|253|354|307|290|286|423|491|489|349|348|396|302|350|267|263|450|332|406|417|393|311|412|378|368|357|326|356|395|324|410|378|448|350|401|323|352|306|270|348|291|280|302|435|347|453|327|342|289|324|404|271|380|331|392|374|473|407|361|282|285|496|298|329|272|243|418|275|452|356|363|338|389|398|316|267|335|401|277|329|400|344|297|410|269|305|269|362|330|409|334|338|351|595|493|442|427|315|415|313|248|312|610|352|439|381|461|279|419|377|291|366|406|375|345|283|315|297|374|516|254|289|382|350|253|300|453|233|419|420|316|436|321|313|547|449|376|304|274|315|355|335|286|339|275|242|350|373|343|287|278|289|389|344|245|409|429|355|413|335|335|454|505|462|334|347|507|348|319|331|405|263|400|500|433|426|312|278|342|397|363|305|319|352|235|421|386
201|213|197|207|189|222|195|207|205|205|216|204|205|189|205|201|190|221|215|195|195|205|214|180|203|218|200|205|225|211|218|213|205|204|201|186|202|179|202|217|211|195|188|202|216|214|187|209|215|209|215|192|193|206|179|179|197|183|216|208|199|212|213|212|192|218|211|203|187|187|212|192|209|204|203|210|212|206|208|214|204|200|210|212|199|204|204|202|179|201|190|204|203|213|202|210|204|218|211|213|206|200|215|222|201|207|211|214|209|211|202|218|201|204|206|203|203|202|207|207|201|207|199|192|213|196|208|222|204|195|203|217|223|204|214|195|217|208|204|197|198|206|204|195|206|200|207|210|194|203|179|227|200|204|206|195|211|204|208|193|219|200|198|201|221|210|191|188|215|228|217|197|208|218|199|212|199|221|200|232|184|197|204|195|208|207|215|214|208|203|216|205|200|192|217|201|199|198|206|202|213|201|210|207|200|211|188|205|210|211|193|205|211|183|203|198|200|215|187|193|217|194|199|210|212|201|210|210|197|218|205|194|209|205|217|205|190|218|207|221|188|204|210|191|183|200|194|205|213|210
Iteração que foi encontrado o Melhor Global: 456
Quantas vezes o Melhor Global foi alterado (Lembrando que a verificação na inicialização acumula nesse contador): 8
Particula Inicial do melhor global:
0,739480|1,658301|2,558483|1,647169|3,706340|2,675159|3,655496|0,588384|1,651849|1,358628|1,541385|0,033377|1,416507|3,274635|1,001302|2,726804|1,771191|2,983551|0,200160|0,964487|2,472946|0,870498|1,080179|3,723448|3,406224|
Particula Final do melhor global:
3,442998|2,397652|0,866891|1,126009|1,230243|0,365226|1,165256|0,059723|0,177659|0,958309|0,065806|1,596309|2,639719|2,515729|1,147677|0,290222|1,736969|2,835171|3,107628|0,317344|3,421670|2,387256|3,528451|2,007852|3,530738|
A melhor solução desse PSO é:
7 10 8 15 19 5 2 9 
3 14 6 4 11 16 
23 21 1 13 12 17 
18 20 0 22 24 
Quantidade de trocas de:1,000000
Makespan: 179,000000
