349|301|270|321|294|297|324|359|296|389|266|458|304|304|373|264|499|327|460|238|304|373|243|454|229|335|240|267|499|349|254|395|317|314|323|334|275|356|480|259|248|301|263|307|329|334|350|352|264|338|517|271|369|434|353|329|388|294|344|361|457|349|391|320|394|248|280|269|469|375|279|375|265|327|346|363|245|279|490|391|349|313|330|322|346|390|278|427|340|268|283|290|295|367|323|234|291|338|365|301|363|386|351|421|476|538|358|443|390|349|307|338|373|493|327|329|366|386|345|458|335|411|365|337|369|282|318|299|295|346|342|420|325|305|426|329|268|305|403|384|417|391|261|370|377|330|290|345|389|271|541|345|396|290|334|338|346|345|321|300|392|290|367|359|485|300|264|257|255|440|307|348|333|335|375|490|285|396|308|282|289|302|304|295|357|289|250|307|271|442|349|294|307|494|367|252|303|450|243|298|466|283|321|287|282|392|280|402|269|331|295|215|454|264|299|277|387|327|269|391|350|382|429|384|465|439|378|279|324|480|389|272|340|297|312|278|339|295|483|404|279|429|359|279|327|285|265|353|349|328
197|213|212|189|205|214|181|213|189|189|205|217|201|203|207|200|196|187|207|208|204|199|209|210|209|214|204|209|200|207|202|196|199|200|200|206|212|204|204|207|210|206|198|198|206|200|202|197|206|211|195|207|198|214|207|191|207|197|210|206|207|207|190|205|194|186|206|196|200|201|192|196|204|213|205|202|193|218|197|199|189|199|196|197|187|214|218|205|210|186|186|196|196|205|186|212|198|211|218|209|211|196|196|208|203|198|190|194|199|201|214|191|194|220|197|202|214|195|215|188|205|212|199|188|204|215|209|188|202|204|198|203|203|201|197|192|199|208|206|186|180|207|193|209|202|201|207|196|203|217|205|191|216|187|211|203|205|205|208|208|216|196|196|181|201|199|183|194|207|215|188|197|212|203|205|194|208|212|196|188|201|205|202|191|199|218|207|209|206|205|201|200|216|205|209|214|181|206|198|209|196|191|207|221|201|201|195|180|218|203|213|208|196|207|195|196|205|191|193|191|191|196|189|200|200|197|205|203|197|191|191|219|205|208|203|202|198|197|189|198|195|206|207|186|207|222|211|196|198|197
Iteração que foi encontrado o Melhor Global: 940
Quantas vezes o Melhor Global foi alterado (Lembrando que a verificação na inicialização acumula nesse contador): 11
Particula Inicial do melhor global:
1,973532|0,367491|2,183073|3,652550|3,910029|2,341197|3,155596|1,135903|2,725489|3,730977|0,188921|1,012048|2,496897|1,887995|1,521679|1,289352|3,923252|1,398367|0,459725|3,766114|2,085080|1,564033|2,030243|1,190058|1,886347|
Particula Final do melhor global:
2,452043|3,088472|1,270987|2,633233|0,959401|3,240549|3,152780|1,883411|1,184786|0,197853|1,959128|0,224990|2,587846|0,383336|3,607723|0,796752|3,645329|3,284456|3,313605|2,067332|2,800103|2,955270|1,617910|3,287683|0,975366|
A melhor solução desse PSO é:
9 11 13 15 4 24 
8 2 22 7 10 
19 0 12 3 20 21 
1 6 5 17 23 18 14 16 
Quantidade de trocas de:6,000000
Makespan: 180,000000
