860|930|704|1059|829|958|1416|1056|926|826|856|1208|1270|982|780|1517|787|950|1219|1077|825|1086|807|774|574|753|584|770|897|702|623|1096|963|982|648|594|1212|1052|673|871|998|635|582|758|910|983|667|1029|785|841|954|1006|831|986|1092|903|1052|1207|821|911|874|570|993|1166|712|1128|684|1039|1092|657|892|1260|712|1118|1033|1222|1119|941|977|744|752|625|588|912|902|841|1047|1055|887|602|892|801|1031|835|692|805|786|1172|603|625|675|852|699|621|1174|851|903|672|650|1202|889|1194|1055|728|1188|638|672|920|891|1017|911|683|601|944|762|906|683|796|965|856|754|751|699|1045|785|918|718|681|529|709|1141|948|727|907|838|947|983|726|798|782|1148|1076|1642|730|951|820|779|760|727|590|872|749|653|1332|784|705|618|692|965|1071|644|1000|860|694|1050|646|785|778|1432|1047|746|759|976|694|574|993|646|791|1854|929|782|1078|1366|793|893|766|1360|679|864|881|618|966|797|934|1051|910|878|772|891|812|623|1187|670|757|750|764|849|737|1110|845|857|814|1254|689|899|1241|563|1053|667|1045|650|867|1094|977|734|1600|1180|796|604|832|1484|681|719|748|738|786|615|841|766|664
403|447|446|429|422|424|418|404|415|494|409|420|426|413|334|403|433|447|440|352|431|440|454|334|352|408|393|422|361|401|386|439|391|420|442|391|401|395|454|419|378|449|414|334|441|384|467|403|413|417|417|420|331|420|435|442|352|456|402|388|434|376|469|435|379|401|391|423|388|375|448|397|422|440|362|334|404|421|371|471|421|415|455|416|495|401|366|406|460|426|436|425|390|433|445|352|460|391|393|334|435|397|331|412|454|424|447|376|380|479|334|452|411|455|472|417|371|352|390|334|440|391|488|442|469|334|334|352|419|446|443|486|371|410|334|389|388|399|443|393|489|427|416|352|377|381|394|439|470|393|439|427|435|455|375|431|374|414|430|433|352|331|395|407|461|423|456|453|385|431|461|480|442|409|391|428|439|462|331|423|404|397|415|451|447|426|381|397|424|467|408|477|446|460|433|493|398|412|352|352|425|419|334|334|421|432|449|449|424|412|430|451|426|380|456|386|422|404|437|442|420|416|419|379|440|393|334|468|352|406|404|415|397|416|426|371|470|395|435|459|421|380|392|405|385|442|403|433|416|419
Iteração que foi encontrado o Melhor Global: 588
Quantas vezes o Melhor Global foi alterado (Lembrando que a verificação na inicialização acumula nesse contador): 10
Particula Inicial do melhor global:
2,865898|0,699278|2,541082|3,907034|0,638180|3,453122|1,565443|2,242038|0,759090|3,133452|0,140689|3,578440|3,287398|1,520784|3,655629|1,582374|3,021409|1,719419|0,504613|3,551507|3,695168|3,762950|3,194104|1,140051|3,500169|
Particula Final do melhor global:
2,058635|0,597478|0,479812|3,287434|2,764909|3,161827|3,341895|2,646168|3,415089|3,897177|2,993811|1,318057|1,312098|1,432438|2,577054|0,386992|2,980753|1,960056|2,607459|0,029920|1,699641|3,491129|3,743955|1,735875|1,446572|
A melhor solução desse PSO é:
19 15 2 1 
12 11 13 24 20 23 17 
0 14 18 7 4 16 10 
5 3 6 8 21 22 9 
Quantidade de trocas de:8,000000
Makespan: 331,000000
