1343|1315|1090|1009|1230|1254|932|1095|1031|1156|1314|1072|1270|903|767|1194|1230|1227|1447|1318|1165|991|979|1071|1399|1665|904|1047|1145|1192|1016|1664|1049|1011|1043|1462|1643|1230|970|964|1165|1097|1331|1047|1101|1045|1336|1097|1176|1136|1108|1231|1386|1109|1115|1209|1278|1058|1025|1302|1189|974|1023|962|935|1120|877|1095|1262|1214|1342|1045|982|1190|1305|1571|1080|1305|1115|1250|1385|926|1185|1108|834|931|1577|1393|1317|965|1199|1233|1059|1156|1131|1076|834|1051|862|1078|1326|967|1152|1122|967|942|1125|1065|1109|1021|1119|1157|893|1366|1415|809|1076|1075|1099|1164|1078|1645|1048|1227|1088|984|985|1092|1081|957|969|1013|1025|880|1015|916|1285|933|1159|1035|904|1169|1055|1004|1011|1049|1164|1115|1122|1455|1043|1137|867|1033|1171|1002|1287|914|1229|1249|860|1266|1199|1224|1001|1188|1098|1255|959|1028|1062|1402|1197|1351|1311|1032|1224|1247|1230|1061|1173|1185|1108|1056|965|1001|927|1200|1488|1381|1354|1461|927|1002|1107|1245|1299|1049|1236|1314|1281|876|1516|998|931|1481|957|961|1053|1178|1139|1431|1122|836|960|1120|930|1034|962|926|1357|1010|970|1016|1096|1279|1064|1208|1180|1065|899|1219|1013|1054|986|924|974|1391|1052|952|984|1501|1197|1065|1253|878|1027|1386|1247|1116
581|581|582|581|581|619|582|581|581|581|597|581|581|581|581|594|581|663|585|594|581|617|648|597|597|581|581|581|582|625|582|677|627|704|581|597|597|658|597|581|581|581|628|616|614|587|583|581|581|630|581|601|597|616|597|594|620|626|581|582|616|581|582|581|581|614|581|581|581|581|618|581|631|583|581|621|581|581|582|582|601|581|596|581|581|581|581|582|581|596|601|581|619|581|630|630|582|582|649|581|581|597|631|653|581|620|583|630|581|581|626|583|599|652|582|581|674|594|599|581|581|581|718|581|597|581|591|625|581|597|597|581|597|597|653|581|581|594|581|581|666|581|582|581|651|661|581|668|612|581|581|581|633|594|581|601|581|582|581|601|625|684|581|583|581|581|633|581|639|651|626|582|601|594|615|661|614|596|618|597|581|594|601|601|581|581|582|581|581|581|581|645|599|581|581|583|653|581|660|581|581|582|692|582|599|581|581|627|581|583|650|581|663|599|616|594|612|597|581|619|581|582|597|581|650|614|581|601|582|581|599|614|582|627|582|614|581|581|581|583|619|581|618|581|650|637|581|597|614|633
Iteração que foi encontrado o Melhor Global: 223
Quantas vezes o Melhor Global foi alterado (Lembrando que a verificação na inicialização acumula nesse contador): 14
Particula Inicial do melhor global:
0,590599|0,680213|1,798353|0,812553|0,021197|0,027909|1,573255|0,036790|1,791433|0,556276|0,916118|0,578179|0,403691|0,672845|1,503186|0,516203|0,270782|1,084630|1,529740|0,314605|0,925485|0,235735|0,254760|1,526821|0,394209|
Particula Final do melhor global:
0,460096|0,267071|1,482775|1,612998|1,699791|1,472587|0,765800|0,830375|1,076696|1,459675|1,272229|0,051328|0,991203|1,270242|1,145895|0,351556|0,640176|1,580249|0,199087|1,033078|0,557327|0,656664|0,546764|1,839619|0,303191|
A melhor solução desse PSO é:
11 18 1 24 15 0 22 20 16 21 6 7 12 
19 8 14 13 10 9 5 2 17 3 4 23 
Quantidade de trocas de:4,000000
Makespan: 581,000000
