701|1016|827|800|613|627|766|951|823|1037|600|548|1034|593|749|756|682|1087|916|545|629|1142|829|943|689|1685|817|875|959|645|861|878|874|987|707|1426|787|611|811|1055|633|511|828|996|901|833|806|685|653|864|816|1170|575|600|765|908|1045|779|608|932|704|815|717|698|776|967|996|815|659|1058|807|1475|854|833|1502|1123|919|646|654|680|893|772|1022|731|908|576|670|921|652|649|607|972|886|761|554|904|803|866|795|821|812|617|701|951|646|662|622|749|1132|1272|648|536|940|962|826|646|594|707|789|918|944|833|582|841|889|848|656|596|543|532|656|720|1125|497|829|1112|665|729|777|1061|791|878|637|763|611|672|806|777|618|778|630|602|1336|915|832|864|1064|751|883|640|664|605|786|871|734|914|628|1034|1115|704|777|744|953|533|582|819|932|688|702|817|970|985|746|1163|694|1316|1027|722|1021|1077|806|688|808|671|927|615|816|802|1038|1028|747|687|1038|995|822|813|1345|675|957|913|617|1031|520|927|873|813|605|624|1317|737|519|879|1074|831|742|631|685|1113|681|498|762|1066|500|834|562|662|1170|716|723|1242|744|635|1085|1013|957|806|982|916|681|1220
418|363|318|361|386|429|342|430|364|346|388|296|346|401|310|413|308|322|335|304|402|405|329|340|423|357|309|304|409|398|288|363|310|432|386|416|309|356|367|387|288|341|350|381|362|427|421|369|386|395|390|360|373|419|317|397|392|374|373|415|345|354|391|429|431|313|428|313|393|288|381|388|419|330|288|417|418|313|341|322|393|377|408|313|361|378|347|432|296|379|387|344|361|359|449|288|419|440|405|377|346|445|313|424|413|390|446|309|434|409|381|379|353|388|364|313|406|372|365|380|372|411|416|412|352|394|313|375|421|328|419|359|352|423|313|400|296|370|334|336|347|288|426|378|422|397|366|358|288|398|372|343|339|331|436|326|348|360|288|310|394|381|373|405|311|355|380|322|384|323|373|366|356|427|301|406|354|328|437|409|377|410|377|376|366|376|335|352|376|304|331|337|370|396|380|316|393|401|412|395|386|309|288|403|418|423|363|327|411|309|416|415|346|381|392|394|358|384|296|339|420|385|348|308|371|418|332|351|361|411|398|354|288|318|413|412|347|320|402|331|345|423|428|322|343|392|306|401|310|329
Iteração que foi encontrado o Melhor Global: 682
Quantas vezes o Melhor Global foi alterado (Lembrando que a verificação na inicialização acumula nesse contador): 14
Particula Inicial do melhor global:
2,264042|1,322953|0,018590|1,459548|2,325040|2,082964|1,670765|0,389154|1,003668|1,287721|0,921427|0,812849|0,129806|1,473902|2,332435|2,209808|3,211705|1,244038|3,964445|0,737476|2,798217|0,974989|3,838125|1,295311|1,136682|
Particula Final do melhor global:
0,809111|0,667474|1,185933|3,307737|2,903601|0,114285|3,371778|3,327537|3,384436|1,575827|2,092092|1,966375|0,624671|3,832105|0,439267|2,386225|1,872188|3,741311|3,348729|0,409828|2,772159|1,519568|2,323677|0,216581|2,504156|
A melhor solução desse PSO é:
5 23 19 14 12 1 0 
2 21 9 16 11 
10 22 15 24 20 4 
3 7 18 6 8 17 13 
Quantidade de trocas de:5,000000
Makespan: 288,000000
