566|667|448|571|411|607|415|606|440|571|690|806|457|496|549|581|444|508|563|460|507|641|469|494|474|585|475|444|462|420|581|641|505|644|557|474|506|643|499|501|741|450|587|513|426|508|517|657|618|427|419|596|521|532|503|512|760|530|605|571|502|678|520|698|595|541|476|525|437|495|508|422|473|673|421|501|632|516|502|551|516|519|597|458|551|423|542|464|484|481|408|583|509|899|445|475|742|504|484|394|423|563|853|422|528|733|482|526|431|413|492|466|518|497|477|380|407|463|467|546|519|425|559|571|499|524|453|481|460|553|450|643|534|700|416|602|423|526|478|473|672|533|455|483|590|626|637|520|656|495|584|673|462|408|492|436|475|487|482|524|738|575|591|633|515|417|511|525|699|475|472|599|680|461|523|423|720|558|418|595|573|571|533|466|650|695|453|580|421|435|458|568|453|570|602|525|473|606|542|396|513|455|497|615|396|462|633|436|461|499|468|536|514|536|492|572|628|700|700|489|556|566|591|606|490|623|471|624|568|533|658|637|562|578|513|505|479|530|649|751|493|630|633|544|659|510|468|350|606|462
348|350|324|311|319|325|314|337|358|331|341|334|336|339|347|313|348|311|321|329|334|313|353|352|350|339|325|314|327|327|314|329|332|327|317|348|311|339|318|313|348|352|323|314|323|342|323|313|326|325|313|326|311|313|331|360|344|352|313|334|335|327|313|342|313|343|336|313|328|316|326|311|311|327|345|313|313|335|340|335|330|348|314|344|313|334|333|336|313|314|320|313|325|318|332|340|348|327|334|349|319|328|327|331|313|338|335|326|315|363|340|330|313|313|327|370|340|341|313|323|349|332|324|329|349|343|314|345|313|313|341|314|315|349|337|326|332|340|314|313|328|313|345|330|348|326|342|349|342|326|317|323|339|341|345|322|311|339|338|333|311|330|308|314|331|313|343|346|321|313|313|313|332|328|326|338|321|329|339|342|328|311|328|348|314|314|334|343|338|320|315|342|333|340|328|352|321|323|337|313|318|313|336|339|328|340|353|359|314|335|348|332|316|337|352|330|313|322|344|333|342|342|323|344|313|313|341|347|325|322|313|360|311|325|325|331|345|326|332|322|342|313|331|301|313|318|313|333|314|342
Iteração que foi encontrado o Melhor Global: 770
Quantas vezes o Melhor Global foi alterado (Lembrando que a verificação na inicialização acumula nesse contador): 10
Particula Inicial do melhor global:
1,263048|2,258631|1,034478|1,306427|1,508582|2,258536|2,431684|0,099216|0,464885|0,675754|0,773491|1,713563|0,778856|2,509613|1,088749|1,723645|2,840986|0,795082|1,906581|2,282259|2,917058|2,579294|1,174335|2,159312|2,247834|
Particula Final do melhor global:
0,490090|2,378567|1,591040|1,942886|0,326234|2,300046|1,623921|2,070326|1,159094|0,611351|0,296469|0,936121|1,272861|1,862568|2,790527|1,167945|0,649981|0,084899|1,553518|2,754626|0,438954|2,702154|1,026402|0,688093|1,908488|
A melhor solução desse PSO é:
17 10 4 20 0 9 16 23 11 
22 8 15 12 18 2 6 13 24 3 
7 5 1 21 19 14 
Quantidade de trocas de:11,000000
Makespan: 301,000000
