598|513|541|381|410|620|564|472|372|570|972|748|697|566|850|636|541|725|615|479|607|633|735|586|564|534|720|429|592|505|426|584|493|644|670|502|839|498|600|580|699|631|884|873|442|696|520|391|594|730|405|607|482|598|560|909|765|425|655|891|876|1032|528|593|1140|410|590|551|492|463|655|678|682|446|535|649|564|453|721|647|549|539|685|560|514|515|879|529|411|823|777|1064|450|546|451|465|1129|501|900|558|507|469|421|456|576|903|591|495|635|605|875|560|530|358|802|851|562|649|655|932|402|689|681|444|496|949|640|460|487|539|586|655|562|606|526|751|631|519|475|495|769|441|681|383|707|711|796|478|506|734|585|517|485|529|572|888|584|392|624|481|537|529|697|507|766|540|728|674|541|652|476|849|475|499|585|632|613|575|644|989|705|620|679|679|954|677|535|458|759|557|999|598|738|956|581|1069|583|761|491|528|555|809|575|877|567|673|676|491|450|798|607|577|676|849|511|579|618|532|821|787|749|681|660|465|627|570|627|895|659|453|526|794|593|694|496|738|513|449|565|753|699|611|786|681|975|393|859|460|820|677
296|309|285|293|297|302|303|283|280|298|295|260|287|298|229|278|241|251|278|306|186|269|305|325|320|274|293|297|260|186|248|285|310|253|248|325|261|268|262|304|264|296|296|275|200|200|301|283|322|311|285|250|257|286|189|232|300|330|270|296|264|295|186|299|299|309|291|276|279|293|235|298|283|265|220|200|254|250|263|227|303|259|281|282|324|315|307|246|270|326|279|244|315|269|234|302|291|261|275|206|272|335|199|199|305|186|298|280|285|254|266|305|273|276|200|327|234|300|186|192|186|297|264|306|279|230|186|298|283|189|285|200|268|234|189|261|322|291|326|314|224|310|220|301|256|260|316|270|312|300|285|257|320|189|300|263|312|290|277|289|294|192|317|286|285|306|241|250|317|261|199|299|299|295|259|247|325|260|300|281|249|279|275|189|284|264|272|275|292|267|224|280|286|288|279|252|276|299|275|227|265|186|273|288|272|263|231|312|319|286|303|319|310|287|269|297|270|269|308|275|285|300|305|263|268|275|247|291|284|251|311|271|285|263|269|248|296|248|259|298|313|296|233|271|270|273|279|245|293|281
Iteração que foi encontrado o Melhor Global: 933
Quantas vezes o Melhor Global foi alterado (Lembrando que a verificação na inicialização acumula nesse contador): 15
Particula Inicial do melhor global:
0,965441|3,013087|3,124692|0,503715|2,587007|1,984264|1,892864|1,993168|1,745597|1,506306|2,611559|2,514285|1,313897|1,103950|3,300561|0,172535|2,469480|0,105919|1,661161|1,561593|1,707857|0,156531|1,278274|0,831059|0,101917|
Particula Final do melhor global:
0,507033|0,617245|3,097263|0,843837|3,639542|0,732158|3,496106|1,847166|1,050822|3,500935|2,910163|2,238783|1,429760|0,726455|0,476344|3,074206|0,657578|3,574488|3,861263|2,136146|1,817365|1,147403|0,665143|2,075929|2,796299|
A melhor solução desse PSO é:
14 0 1 16 22 13 5 3 
8 21 12 20 7 
23 19 11 24 10 
15 2 6 9 17 4 18 
Quantidade de trocas de:0,000000
Makespan: 186,000000
