641|1032|780|806|1355|917|710|909|1085|531|982|685|721|750|801|1086|833|1068|1083|804|804|781|722|1144|1154|779|616|1029|731|1117|923|1121|1011|816|926|800|1134|611|504|876|1112|606|967|1136|883|695|763|679|858|1063|692|858|881|675|1167|1331|911|766|887|924|835|682|850|1089|1360|1095|1270|944|697|646|738|899|1048|964|756|808|735|1188|921|824|793|690|887|535|1137|645|1028|1028|826|856|738|864|963|882|772|1098|1144|719|1037|933|776|1664|778|675|734|1482|1093|1040|1228|949|784|998|669|1093|650|1112|826|1084|813|746|1041|777|928|687|1386|919|1234|1198|750|784|709|939|930|806|854|959|1035|1105|756|637|768|1063|705|903|1020|852|918|1316|758|853|556|943|915|628|1145|979|882|925|783|575|1020|898|813|789|819|628|702|1414|1094|755|1575|908|887|567|923|727|1283|828|922|623|729|805|903|810|1146|698|1530|961|851|730|879|624|553|954|733|785|969|841|1098|879|874|862|650|873|621|1319|837|651|816|1107|675|1211|955|967|735|652|748|684|1140|1134|1074|829|669|1124|787|911|691|940|909|1063|859|935|1243|750|682|1263|617|778|1197|952|1659|582|577|665|848|875|1002|779|862|828
436|427|351|422|449|405|442|351|351|351|424|379|444|426|405|477|435|455|397|455|456|426|410|365|457|448|471|451|351|438|398|376|420|480|351|479|469|387|504|426|448|441|351|424|348|405|466|436|474|442|420|428|351|426|463|413|486|428|437|425|406|458|435|459|463|463|459|352|420|414|401|471|406|395|461|472|411|441|436|438|448|359|351|462|387|398|420|443|351|377|459|460|397|427|466|386|462|385|352|381|477|430|473|421|456|460|453|418|488|394|391|464|426|425|351|419|419|413|373|475|353|407|419|396|447|391|436|370|429|420|472|447|371|438|450|395|500|441|406|486|362|352|434|414|436|499|466|351|351|482|351|438|436|428|351|444|445|474|425|452|432|368|474|439|429|448|493|453|368|444|391|480|463|470|371|407|470|460|475|444|445|456|422|444|434|502|447|531|476|419|426|469|480|459|440|493|415|434|439|430|408|454|399|459|456|467|412|385|441|432|471|391|460|450|460|388|398|425|423|433|446|467|477|388|457|430|396|405|423|499|406|351|425|433|436|428|480|425|393|446|468|433|433|419|447|423|351|463|354|462
Iteração que foi encontrado o Melhor Global: 621
Quantas vezes o Melhor Global foi alterado (Lembrando que a verificação na inicialização acumula nesse contador): 15
Particula Inicial do melhor global:
3,809924|1,325927|1,341851|3,584776|3,000470|3,641614|2,756104|3,466439|0,477989|0,563465|0,860144|3,272504|1,235581|3,255754|2,939764|2,816675|2,163331|0,450951|1,560719|2,913291|2,979609|3,312519|3,422279|1,110572|3,188409|
Particula Final do melhor global:
1,564514|2,537344|0,237016|0,742230|3,811730|0,952633|1,458504|1,139816|0,973486|1,464878|3,426551|2,092063|3,509376|3,984082|2,457921|1,497475|2,112024|3,893895|1,511616|2,019142|1,628813|2,172194|0,563302|3,237342|3,953495|
A melhor solução desse PSO é:
2 22 3 5 8 
7 6 9 15 18 0 20 
19 11 16 21 14 1 
23 10 12 4 17 24 13 
Quantidade de trocas de:8,000000
Makespan: 348,000000
