615|641|480|478|555|400|845|719|922|629|804|825|445|774|772|708|642|955|844|806|595|726|505|1222|467|777|678|734|568|566|1060|631|464|534|651|632|800|950|896|526|434|688|578|529|747|578|648|563|809|551|464|594|503|641|727|593|593|461|674|665|974|648|576|568|1012|759|672|671|519|567|692|596|751|578|748|592|605|412|642|649|517|612|780|556|562|592|440|594|602|464|843|756|490|434|414|630|557|610|534|611|617|522|484|955|593|672|622|930|526|650|771|423|462|903|720|631|751|610|589|676|857|584|427|549|1031|688|424|467|856|587|448|921|598|774|552|753|738|591|516|785|419|585|580|720|678|683|826|882|650|1051|624|741|522|741|500|756|702|565|723|646|487|604|729|600|769|896|534|544|749|735|643|583|537|634|453|574|549|613|500|860|729|678|500|572|677|803|533|582|812|690|685|573|775|649|580|461|825|1363|718|945|869|723|580|635|540|543|771|582|961|980|559|557|1024|574|682|339|386|520|488|566|583|629|493|639|1182|953|408|534|608|681|863|744|744|792|627|1195|906|1096|560|627|975|838|453|702|428|637|754|462|1351|641
301|224|310|321|322|276|265|280|233|230|265|256|331|300|265|256|214|262|286|282|302|295|315|220|268|284|296|299|304|276|287|249|291|284|233|317|246|269|248|284|359|226|220|273|323|278|278|267|323|225|294|244|331|223|236|265|233|325|214|247|252|265|267|289|230|242|289|268|306|328|293|283|292|221|256|241|282|233|268|295|249|259|292|308|334|254|254|253|263|301|228|261|233|219|265|313|307|269|300|212|323|235|316|251|249|249|220|270|249|241|267|307|268|274|260|326|293|233|233|270|274|324|250|284|269|235|258|255|285|302|270|280|338|264|264|281|275|220|227|236|279|323|236|278|263|249|254|268|280|318|266|271|260|274|245|274|255|280|312|254|273|306|273|306|272|275|314|224|292|330|345|310|284|228|256|274|292|311|325|236|277|254|280|252|265|340|271|251|280|220|220|331|273|259|275|322|249|310|270|249|278|257|294|276|288|220|298|212|260|297|269|288|252|238|266|246|232|295|284|268|250|306|247|281|318|308|288|304|233|249|248|308|293|293|233|297|316|316|266|249|259|212|287|248|287|247|245|290|214|338
Iteração que foi encontrado o Melhor Global: 610
Quantas vezes o Melhor Global foi alterado (Lembrando que a verificação na inicialização acumula nesse contador): 12
Particula Inicial do melhor global:
0,279994|3,132598|0,475425|3,743064|2,397645|3,487014|0,520619|3,369183|1,557489|3,634015|3,882432|0,951036|1,199308|1,027029|1,758167|2,037046|3,290806|1,262042|2,312317|1,195892|2,653177|3,009118|3,990383|3,151315|2,474339|
Particula Final do melhor global:
0,865524|1,649216|3,198727|1,994240|0,210114|0,680611|0,809208|0,953175|0,527916|0,158713|2,461204|0,446852|3,642636|1,035207|1,788619|2,722197|3,528967|2,520076|1,555150|3,218021|3,072672|2,485590|2,555295|2,744345|3,917438|
A melhor solução desse PSO é:
9 4 11 8 5 6 0 7 
13 18 1 14 3 
10 21 17 22 15 23 
20 2 19 16 12 24 
Quantidade de trocas de:0,000000
Makespan: 212,000000
