333|428|392|360|357|484|314|416|366|355|384|439|463|471|400|343|355|336|468|335|344|420|562|449|380|299|444|509|428|332|402|401|475|403|563|471|290|355|421|277|433|465|469|299|378|387|391|400|447|329|491|494|364|378|354|445|375|320|494|388|390|398|398|422|408|294|393|441|316|380|308|383|436|331|403|378|386|350|382|391|281|355|497|507|399|421|372|363|393|504|392|402|349|444|470|326|336|460|337|326|400|434|440|367|300|342|449|345|320|393|323|411|400|390|314|364|396|435|326|361|374|360|391|339|457|355|408|361|360|525|416|306|406|403|407|321|476|403|394|555|365|302|421|421|329|339|345|336|424|387|351|393|347|484|450|361|369|476|327|368|357|504|390|323|509|400|378|395|392|298|392|394|308|270|502|488|316|354|338|426|422|437|316|391|402|354|345|350|372|402|385|358|379|377|346|407|366|469|473|345|465|432|378|364|444|376|455|348|348|530|369|371|436|353|381|538|362|423|378|375|437|325|381|382|373|564|436|375|391|323|397|464|484|353|343|375|367|363|330|349|452|364|455|354|354|391|485|347|451|380
268|237|255|251|254|257|256|225|240|225|239|259|251|257|256|261|251|225|250|257|240|255|244|264|257|256|249|225|236|236|248|235|251|243|248|244|242|243|248|255|257|247|233|255|249|248|247|243|242|251|250|225|247|249|248|235|267|247|248|225|264|245|255|252|255|263|261|239|251|225|241|256|232|230|230|238|249|264|245|239|256|235|238|254|238|254|256|235|239|248|248|249|232|246|255|257|256|246|249|251|244|247|245|260|245|251|235|244|244|240|249|239|240|246|248|247|225|225|240|242|238|256|257|244|249|249|247|267|245|239|258|238|258|225|254|239|243|235|253|246|249|253|257|238|254|247|244|258|250|240|235|263|248|236|262|248|265|246|247|248|246|251|244|253|268|244|245|258|244|250|257|241|269|259|244|258|245|258|247|258|243|253|247|225|244|246|243|247|233|248|238|241|235|237|243|243|247|262|256|246|249|240|252|247|243|250|256|257|241|256|264|256|241|245|249|245|252|249|247|258|249|265|256|225|252|243|255|241|225|243|235|235|246|250|260|245|239|258|263|252|256|235|235|239|236|247|243|270|242|253
Iteração que foi encontrado o Melhor Global: 382
Quantas vezes o Melhor Global foi alterado (Lembrando que a verificação na inicialização acumula nesse contador): 10
Particula Inicial do melhor global:
0,583176|1,100179|2,897581|0,898826|1,546933|2,520721|1,390566|1,512024|0,697633|2,987518|2,582554|1,217081|2,084473|2,614729|2,853554|0,333724|1,754568|0,462293|1,490750|1,550102|1,822583|2,901210|1,361869|2,184296|0,370792|
Particula Final do melhor global:
0,132835|1,490598|2,504580|2,021798|1,586910|1,798918|0,453558|1,631150|2,526024|2,980585|1,412855|0,370673|1,773850|2,794015|2,818693|0,338640|0,814448|2,062678|2,167712|0,968143|1,155701|1,834088|0,855481|1,875933|0,500494|
A melhor solução desse PSO é:
0 15 11 6 24 16 22 19 
20 10 1 4 7 12 5 21 23 
3 17 18 2 8 13 14 9 
Quantidade de trocas de:3,000000
Makespan: 225,000000
