440|501|466|540|437|462|334|324|470|407|419|378|420|498|357|334|387|377|468|510|315|375|482|322|440|588|528|502|632|512|578|575|383|346|435|311|376|444|528|546|330|466|581|454|521|411|431|466|412|527|530|453|491|391|710|379|424|306|634|506|467|278|398|405|447|424|411|457|392|381|341|407|727|344|397|482|435|475|447|427|424|395|493|422|506|510|473|337|429|418|366|439|365|568|415|457|416|280|418|461|501|542|453|370|385|470|423|434|325|485|472|474|376|542|526|524|451|459|361|468|334|506|433|393|348|527|404|349|380|488|462|462|373|530|628|350|410|468|446|528|440|355|524|413|435|436|408|405|436|402|386|403|380|472|507|445|351|660|438|522|411|335|402|405|364|335|393|515|521|333|386|454|338|425|533|552|356|363|678|550|578|360|309|431|538|462|417|602|596|494|424|335|502|323|292|525|434|332|560|578|452|455|387|426|451|549|638|631|470|593|432|312|403|391|443|385|524|338|460|342|446|498|364|495|510|529|365|363|440|489|455|387|423|462|413|433|510|522|466|462|381|395|391|439|328|511|604|371|391|587
258|263|262|262|271|261|277|268|227|243|269|256|280|234|260|241|255|265|251|269|265|245|258|259|252|243|232|243|251|263|272|250|256|262|246|261|256|248|246|240|254|282|270|262|237|255|266|275|254|270|262|267|263|251|266|262|253|265|265|242|259|254|267|256|271|264|257|248|246|255|272|280|228|268|249|253|261|228|260|281|239|262|277|265|239|278|261|246|261|265|265|261|259|259|259|261|258|266|278|240|263|268|254|235|241|258|248|247|256|252|242|264|268|258|256|246|262|242|245|257|267|263|251|264|264|244|226|239|260|239|275|260|265|274|247|280|248|263|254|234|238|260|272|268|263|240|249|270|240|254|236|248|262|263|268|258|229|255|259|265|272|252|240|258|252|270|237|241|259|293|251|231|273|239|267|261|269|268|246|220|260|241|255|253|286|243|251|266|249|250|267|263|262|268|268|279|242|241|253|245|259|246|240|267|256|247|255|269|232|271|244|274|263|251|245|263|253|259|251|267|242|256|249|270|258|247|251|269|256|257|273|266|257|229|242|254|267|248|261|252|268|268|247|249|231|266|277|267|236|270
Iteração que foi encontrado o Melhor Global: 721
Quantas vezes o Melhor Global foi alterado (Lembrando que a verificação na inicialização acumula nesse contador): 13
Particula Inicial do melhor global:
1,696492|0,412517|0,442701|1,643651|3,083262|1,929808|1,977273|1,349322|2,151066|2,464517|0,346267|0,492713|1,353005|1,924962|1,021317|2,599087|2,683628|1,340512|3,137333|2,389615|3,553823|1,234802|3,958151|2,104756|3,766280|
Particula Final do melhor global:
0,899344|3,841500|1,795929|2,551589|0,555484|2,491312|0,076870|2,917367|2,192459|1,794649|0,580360|3,980037|1,165438|1,631816|2,788146|0,436475|0,309486|3,756511|1,869595|3,456745|0,228617|1,958145|3,415524|1,438603|0,782637|
A melhor solução desse PSO é:
6 20 16 15 4 10 24 0 
12 23 13 9 2 18 21 
8 5 3 14 7 
22 19 17 1 11 
Quantidade de trocas de:1,000000
Makespan: 220,000000
