415|424|415|346|467|343|345|557|341|515|364|414|447|416|395|302|454|346|281|511|412|280|380|304|364|472|441|358|405|581|420|399|366|480|414|342|360|380|527|306|478|432|455|408|431|420|319|495|366|309|421|449|543|300|336|396|301|329|380|423|347|306|338|507|566|373|439|367|398|433|378|326|360|449|348|439|377|345|503|423|482|612|440|470|335|356|363|383|397|305|415|402|369|400|373|445|404|397|452|366|365|322|281|570|424|483|362|415|357|371|386|302|392|350|356|437|384|329|323|401|414|308|264|520|392|382|364|301|461|378|320|386|324|417|436|451|353|354|449|365|426|474|378|422|339|381|525|365|415|313|464|368|554|402|420|581|377|442|330|307|506|313|384|421|492|388|308|482|352|368|370|402|367|424|532|352|314|304|338|340|363|324|321|335|352|448|343|372|331|364|517|346|449|508|399|396|412|326|384|388|439|344|432|441|336|337|431|535|331|460|417|396|433|482|305|470|379|467|430|370|426|324|376|395|336|400|346|407|355|438|431|480|422|338|406|328|492|337|317|338|512|460|419|432|388|314|419|445|306|420
235|235|235|252|235|248|236|266|234|248|250|242|254|235|239|260|237|255|244|250|261|264|249|235|256|235|252|257|235|244|244|244|235|235|254|246|235|252|257|239|258|246|228|244|242|262|239|236|256|254|246|256|235|249|248|235|244|243|227|238|253|250|256|249|243|235|234|235|246|235|247|244|246|227|247|235|235|235|235|238|245|260|232|235|235|264|235|250|237|265|264|248|235|248|236|245|266|259|243|248|261|259|259|238|235|245|235|232|236|242|256|247|235|235|235|249|238|253|245|235|236|235|264|239|235|246|250|266|260|255|251|235|264|223|243|243|257|239|235|255|250|235|249|245|261|238|242|257|235|244|251|261|241|242|246|235|235|235|235|237|246|235|249|235|250|255|235|244|252|261|227|252|246|235|239|266|236|235|256|252|239|235|242|227|240|244|260|250|254|257|261|239|243|248|250|252|253|254|245|235|238|235|262|250|235|227|256|235|256|239|235|235|235|248|235|252|262|244|250|247|245|243|247|235|242|246|239|243|250|235|235|262|235|235|255|254|265|252|249|246|246|235|235|263|250|254|257|245|251|252
Iteração que foi encontrado o Melhor Global: 962
Quantas vezes o Melhor Global foi alterado (Lembrando que a verificação na inicialização acumula nesse contador): 12
Particula Inicial do melhor global:
1,956493|0,855795|0,265140|0,460310|0,243630|0,448425|2,767330|2,925527|1,643437|2,632458|1,270279|2,529047|2,056318|0,441483|1,702837|0,199634|2,960270|1,478314|1,218640|2,406315|1,418940|2,069808|2,213513|1,409050|2,447474|
Particula Final do melhor global:
0,907905|1,001820|2,993484|1,220148|1,808293|2,825633|0,254274|2,311542|2,802082|2,537285|1,174731|1,978516|0,181023|2,208577|2,338780|0,526160|0,667433|1,843972|2,060678|0,538383|2,938580|1,215052|0,954679|1,129658|0,205024|
A melhor solução desse PSO é:
12 24 6 15 19 16 0 22 
1 23 10 21 3 4 17 11 
18 13 7 14 9 8 5 20 2 
Quantidade de trocas de:2,000000
Makespan: 223,000000
