752|328|403|606|408|461|583|597|567|561|755|413|714|587|564|797|409|435|611|542|419|704|652|799|921|556|837|597|584|508|394|779|504|944|406|608|470|521|396|672|893|731|488|642|422|633|444|772|522|555|406|569|648|617|547|497|578|795|594|596|708|685|627|618|375|361|527|694|481|465|446|628|752|399|489|559|649|430|421|509|366|388|471|728|432|639|540|481|523|569|468|649|693|451|527|522|488|382|693|513|454|463|389|565|655|527|753|526|568|555|736|363|467|420|466|557|515|287|454|540|499|613|758|744|381|774|486|400|727|490|822|563|699|606|448|336|506|616|466|781|592|607|557|487|652|448|609|525|537|513|524|725|558|486|390|698|582|394|816|560|1043|523|472|428|739|533|336|732|677|495|529|608|442|596|893|782|609|524|524|928|578|428|522|611|363|441|677|436|545|468|461|523|775|346|676|483|656|561|448|534|561|424|555|374|739|469|477|665|613|497|587|548|600|860|465|518|608|465|499|447|662|422|490|543|600|492|649|795|478|840|711|836|684|494|878|564|446|451|487|611|653|531|604|488|465|787|582|423|667|574
242|245|188|234|240|232|178|234|241|218|248|252|190|239|231|233|234|248|178|228|244|196|257|266|254|220|214|276|263|273|250|230|190|248|178|251|255|244|269|209|184|259|235|261|225|179|274|230|257|215|216|190|178|228|257|263|214|242|247|224|258|253|250|223|228|228|239|189|244|233|178|204|253|231|255|251|185|273|234|178|190|183|222|252|234|213|254|250|247|272|234|247|286|259|223|276|259|190|217|250|213|228|282|200|194|243|279|257|227|189|267|238|221|246|178|234|285|278|255|263|190|206|230|259|263|233|227|274|261|253|192|201|190|225|222|243|244|262|264|190|208|182|248|249|256|251|190|215|274|215|262|178|190|178|271|235|238|253|208|231|249|190|270|190|246|178|203|254|228|210|254|222|226|190|246|248|250|264|178|286|190|294|178|243|234|178|190|258|235|239|178|244|219|246|245|249|227|190|236|276|239|247|234|179|253|257|178|190|241|266|206|265|235|221|219|190|214|251|286|215|219|232|207|256|190|254|190|190|276|215|227|190|182|220|244|248|260|241|224|222|271|262|264|220|228|248|213|237|236|264
Iteração que foi encontrado o Melhor Global: 623
Quantas vezes o Melhor Global foi alterado (Lembrando que a verificação na inicialização acumula nesse contador): 11
Particula Inicial do melhor global:
0,956310|1,188807|0,012106|0,078809|3,943755|1,375630|1,605800|3,351644|2,770308|3,347386|0,823001|1,926856|0,784845|0,690574|0,564069|1,084313|0,759892|1,025790|0,116841|0,539283|1,142019|3,794485|0,547913|3,066385|2,955257|
Particula Final do melhor global:
1,811019|1,583485|0,454641|1,390739|1,126724|1,889123|3,931031|2,601241|2,265868|3,819250|1,491996|0,519393|3,043290|2,842580|1,976925|3,290048|0,645300|0,450867|1,478603|3,498768|2,733263|2,410664|1,595515|2,973000|0,128502|
A melhor solução desse PSO é:
24 17 2 11 16 
4 3 18 10 1 22 0 5 14 
8 21 7 20 13 23 
12 15 19 9 6 
Quantidade de trocas de:0,000000
Makespan: 178,000000
