443|446|826|1060|576|841|590|699|714|483|751|563|526|636|713|373|427|418|724|443|624|453|955|772|911|580|725|798|802|705|629|771|582|721|538|581|701|588|562|527|643|988|529|660|597|465|542|629|639|727|678|723|654|686|542|590|495|818|642|634|899|901|512|450|567|558|624|425|755|696|592|567|536|503|664|419|564|568|748|760|649|848|492|711|772|871|704|690|523|660|555|717|621|572|547|914|761|678|636|567|521|554|685|571|577|591|473|517|578|538|837|737|658|653|795|486|551|455|680|562|519|670|717|805|487|630|579|519|470|701|446|568|656|672|980|619|516|524|585|424|624|436|528|730|575|554|533|606|386|463|780|679|734|603|663|965|949|516|553|548|631|791|736|635|620|1115|594|792|607|779|816|525|653|549|811|921|598|464|542|535|619|501|540|632|779|535|603|728|589|753|536|547|889|658|438|785|438|457|618|759|731|452|555|831|452|514|939|785|716|506|704|789|805|1065|457|756|849|521|666|539|721|834|510|561|727|823|879|334|513|621|524|506|564|815|363|1073|642|458|419|547|688|882|669|702|442|548|904|699|1090|681
336|297|266|245|238|247|236|294|297|253|329|298|276|242|300|286|259|312|285|291|242|303|301|318|292|254|238|289|271|245|304|236|323|236|316|247|219|247|236|333|236|330|304|289|247|236|238|236|236|287|312|263|236|329|305|288|236|245|236|236|238|277|269|315|319|265|304|327|251|245|324|331|275|341|334|305|236|247|247|242|238|224|288|236|264|299|319|295|260|341|343|274|258|277|238|238|278|270|236|282|250|303|236|255|251|236|238|238|242|240|236|322|236|238|332|244|295|305|327|293|323|317|329|242|291|264|259|286|312|294|236|247|256|247|293|236|342|240|313|334|245|247|236|288|236|304|302|275|224|236|299|248|219|238|236|243|236|236|313|288|263|238|236|236|275|309|329|285|312|268|286|275|236|238|329|273|295|236|284|294|297|279|304|240|314|336|242|319|247|242|236|317|247|258|236|301|328|279|294|236|247|278|242|280|305|342|297|296|281|285|325|238|236|247|292|250|270|260|284|236|238|238|347|236|236|296|236|317|314|242|240|248|303|306|335|291|247|320|243|239|296|308|274|236|348|291|247|317|345|236
Iteração que foi encontrado o Melhor Global: 899
Quantas vezes o Melhor Global foi alterado (Lembrando que a verificação na inicialização acumula nesse contador): 10
Particula Inicial do melhor global:
2,590332|2,860834|0,559479|3,758504|2,429874|0,745863|3,555083|0,201798|1,499571|2,571703|2,194098|0,236124|1,919083|2,633033|0,336909|2,784747|1,531164|2,835402|1,136042|0,131371|1,877281|3,084529|3,944536|1,162719|3,898726|
Particula Final do melhor global:
0,910262|0,753572|3,463733|0,625782|0,518455|1,529593|3,369053|2,323954|3,708226|2,066264|0,709430|3,624785|2,088798|3,634776|1,153642|0,842119|0,628561|1,363108|2,896072|3,650869|1,799105|1,669243|2,073287|3,702839|2,776592|
A melhor solução desse PSO é:
4 3 16 10 1 15 0 
14 17 5 21 20 
9 22 12 7 24 18 
6 2 11 13 19 23 8 
Quantidade de trocas de:0,000000
Makespan: 219,000000
