862|601|703|784|1008|645|740|1173|567|772|813|657|1010|1217|526|736|794|765|767|676|947|759|544|552|610|665|598|917|741|471|507|966|582|723|799|639|606|783|514|602|775|864|814|992|623|681|892|1064|978|518|648|880|594|773|623|499|907|845|632|993|792|944|489|644|724|476|709|994|589|660|845|625|560|1156|627|817|628|666|833|722|726|835|778|873|497|495|495|885|600|843|626|670|695|869|788|905|783|498|1034|639|574|763|564|667|680|555|684|770|775|542|621|700|511|548|617|859|552|587|826|697|567|673|443|757|709|566|506|943|667|567|637|775|595|711|456|740|511|788|861|551|735|841|812|689|590|770|555|701|709|575|597|605|710|536|592|532|898|784|685|645|1034|528|757|733|584|983|465|630|709|734|820|573|550|910|513|819|526|777|1208|651|594|739|558|515|857|911|786|690|878|946|806|705|813|517|745|707|519|686|803|818|661|706|592|622|541|862|739|527|881|754|579|852|628|614|693|738|549|636|757|652|583|668|640|581|551|914|803|502|882|722|349|605|1316|983|670|1177|669|482|697|975|612|642|655|837|730|574|579|1028|556|479
193|193|297|193|193|278|196|193|270|193|316|325|193|282|378|193|338|193|193|234|229|193|225|193|193|193|234|313|193|193|193|231|193|201|193|196|308|193|193|231|193|250|195|193|193|193|193|193|303|258|196|193|193|193|193|193|268|193|193|193|195|274|193|193|193|237|235|193|193|193|193|193|194|230|193|193|193|300|234|250|225|193|195|193|193|193|193|254|234|308|193|193|309|193|193|252|193|380|271|193|230|193|235|219|365|193|317|193|193|193|193|193|256|199|193|193|286|193|193|193|193|341|193|193|193|193|195|193|196|193|193|193|193|193|193|193|193|193|193|193|260|193|193|193|193|232|193|193|193|193|193|193|193|193|193|194|222|308|193|195|193|193|193|234|193|193|193|350|308|193|341|193|193|193|195|305|193|312|193|280|193|312|195|193|196|193|198|193|193|193|202|193|394|193|225|193|235|193|193|193|193|193|193|193|245|193|193|193|193|193|193|255|193|265|193|193|193|310|308|230|193|193|259|195|193|193|193|197|303|193|193|193|193|277|194|308|193|193|193|235|283|193|280|223|263|274|193|193|193|193
Iteração que foi encontrado o Melhor Global: 114
Quantas vezes o Melhor Global foi alterado (Lembrando que a verificação na inicialização acumula nesse contador): 14
Particula Inicial do melhor global:
2,397613|0,142700|0,508865|2,153262|1,009079|2,670050|2,641698|1,612378|0,508547|1,377672|0,207221|2,772565|1,632719|1,760142|1,992708|2,415094|2,217127|2,121866|1,524009|2,748157|2,927463|2,412342|2,085273|2,091741|2,467212|
Particula Final do melhor global:
2,156233|0,219115|1,209663|0,224282|2,778779|0,512817|1,877157|2,550483|2,544419|2,351962|1,270341|0,819868|2,284890|0,549212|0,864256|1,161517|2,498491|2,135272|1,577958|1,728016|0,356045|1,032263|1,855494|0,162948|2,095853|
A melhor solução desse PSO é:
23 1 3 20 5 13 11 14 
21 15 2 10 18 19 22 6 
24 17 0 12 9 16 8 7 4 
Quantidade de trocas de:0,000000
Makespan: 193,000000
