570|481|636|498|585|640|647|448|496|549|651|687|794|830|537|633|463|408|525|837|554|673|484|601|1004|974|603|813|487|928|709|500|493|661|790|541|652|637|498|500|801|867|750|375|552|456|480|673|532|703|650|668|622|584|579|591|553|613|532|576|666|518|829|632|608|467|766|731|641|578|397|582|410|637|612|615|538|399|536|736|765|496|556|811|613|537|448|673|869|691|491|647|511|584|529|576|400|543|882|494|635|445|576|448|792|476|569|1018|860|482|588|619|968|389|610|563|575|486|436|469|493|739|539|408|550|582|547|792|770|825|415|689|613|526|659|491|764|584|460|498|685|640|503|511|589|603|682|578|714|530|700|670|617|532|751|760|626|852|643|560|635|494|716|588|851|468|363|523|566|515|557|544|445|447|646|400|518|626|448|607|707|513|440|447|535|855|707|763|712|695|434|473|613|609|699|737|539|796|889|556|831|834|759|602|456|515|638|571|754|770|518|524|742|468|687|635|672|475|653|598|553|468|854|409|681|721|439|585|684|441|784|710|558|532|841|749|365|745|581|659|711|464|686|530|635|844|476|549|705|672
276|287|259|273|343|290|310|296|330|245|294|217|270|267|296|309|277|271|212|278|219|299|236|271|252|269|207|267|299|295|249|250|258|308|297|269|300|303|241|291|268|291|212|246|269|242|233|285|258|255|228|317|303|271|263|270|285|247|308|252|287|256|331|269|289|269|297|269|224|248|257|287|272|317|273|265|289|252|245|298|246|276|332|280|276|283|272|291|266|274|239|285|249|270|314|272|227|274|304|257|252|278|255|302|272|212|207|250|306|277|291|276|246|325|263|207|244|294|212|228|281|263|298|191|261|217|292|296|251|311|292|279|287|269|229|305|202|269|276|212|240|212|289|295|287|265|269|322|320|267|232|291|268|251|291|243|291|245|277|191|278|239|304|245|267|207|266|248|277|191|280|258|240|212|240|264|288|280|238|251|277|191|278|269|277|262|265|261|277|261|250|207|207|274|245|253|207|234|310|275|259|264|298|269|267|207|275|269|287|296|234|301|256|237|224|292|235|265|251|269|268|266|293|282|215|288|278|256|336|301|245|246|267|269|280|249|191|246|207|279|278|252|303|228|271|207|260|245|251|292
Iteração que foi encontrado o Melhor Global: 636
Quantas vezes o Melhor Global foi alterado (Lembrando que a verificação na inicialização acumula nesse contador): 12
Particula Inicial do melhor global:
2,434163|0,260374|1,034496|1,352519|0,735722|3,120335|0,795254|3,067296|0,748496|1,552539|2,184121|1,351384|1,433904|0,413937|2,645617|1,756278|2,373785|1,999439|1,429742|2,161415|0,693654|1,330998|3,801452|3,674465|2,127732|
Particula Final do melhor global:
1,845936|0,846113|0,964794|3,664969|2,178930|1,133809|1,180848|1,642537|2,191841|0,775383|3,259144|0,402148|3,747625|1,145592|2,146149|2,650237|2,891831|0,077736|0,842476|3,144331|2,923711|1,359400|1,521531|3,329379|1,029588|
A melhor solução desse PSO é:
17 11 9 18 1 2 
24 5 13 6 21 22 7 0 
14 4 8 15 16 20 
19 10 23 3 12 
Quantidade de trocas de:0,000000
Makespan: 191,000000
