465|492|638|547|575|539|527|498|521|466|589|621|492|516|623|604|748|443|553|785|431|460|729|541|477|519|721|630|440|825|709|656|589|637|439|555|471|656|580|695|615|395|608|399|496|622|581|842|968|789|714|750|415|638|652|728|436|610|590|627|532|467|416|490|738|655|394|636|555|567|584|462|485|582|472|616|488|665|484|555|885|727|813|506|796|727|504|607|419|468|705|770|368|582|617|456|633|525|869|557|563|531|670|891|730|562|842|586|740|731|726|559|675|471|466|671|478|876|787|685|516|542|777|518|620|463|595|594|529|436|512|633|596|518|644|510|473|551|501|794|493|495|684|703|500|554|638|646|515|502|581|621|531|637|662|704|595|610|510|648|441|560|538|696|699|450|645|803|542|495|400|539|680|581|548|531|810|582|706|852|666|423|530|470|710|475|548|687|446|707|492|504|603|525|864|808|579|492|736|607|695|730|540|395|481|547|800|507|661|512|638|546|504|405|523|708|561|553|649|712|504|488|740|460|723|461|665|777|740|605|691|598|554|550|493|371|498|479|723|918|618|550|766|614|570|906|593|693|478|707
321|267|295|353|295|328|374|350|335|264|349|315|348|264|304|328|264|305|264|340|264|377|341|329|348|365|322|264|264|298|338|264|264|350|294|303|264|264|320|361|348|349|264|264|329|347|343|353|264|311|338|327|344|295|378|348|327|301|338|264|264|354|264|339|264|315|264|328|264|264|332|368|354|346|335|264|322|326|350|264|298|295|337|301|327|301|335|357|317|369|264|297|368|343|264|264|332|323|264|353|346|362|264|264|352|367|264|302|264|354|357|264|345|264|328|313|332|368|264|302|323|362|361|306|373|363|264|347|353|264|357|340|332|327|372|264|311|360|357|360|288|338|340|289|264|306|359|264|338|321|343|318|359|264|366|355|328|344|338|350|310|310|294|264|355|352|264|337|287|342|264|326|296|264|345|311|264|353|360|335|341|341|347|357|364|349|317|346|264|311|335|345|345|334|264|348|295|327|333|334|303|333|353|331|357|328|303|322|296|364|351|341|264|364|348|264|342|264|264|277|343|326|330|301|311|264|351|361|364|353|264|294|367|264|298|358|309|357|341|301|350|329|264|362|352|366|339|335|320|353
Iteração que foi encontrado o Melhor Global: 394
Quantas vezes o Melhor Global foi alterado (Lembrando que a verificação na inicialização acumula nesse contador): 9
Particula Inicial do melhor global:
2,163030|1,414363|0,417305|1,861031|2,436249|0,810855|2,325793|1,393837|0,146234|2,075397|2,930442|2,698662|0,191552|1,629490|1,592927|0,922685|0,736495|2,288427|2,874403|2,819303|2,037840|0,481289|1,246603|0,220978|0,718119|
Particula Final do melhor global:
2,654296|2,154379|1,804434|1,488619|0,728390|1,428315|2,276007|2,403741|2,145875|2,469874|1,855017|0,320352|2,410883|2,797750|1,359542|1,091449|0,907909|1,321624|1,379912|0,377146|0,961601|0,625681|0,653956|0,773075|1,210071|
A melhor solução desse PSO é:
11 19 21 22 4 23 16 20 
15 24 17 14 18 5 3 2 10 
8 1 6 7 12 9 0 13 
Quantidade de trocas de:5,000000
Makespan: 264,000000
