1435|912|1271|1153|1785|1173|995|1086|1132|1269|968|951|1295|870|1697|1264|1029|788|1387|1525|1493|939|926|1116|1765|1352|1162|1059|856|756|1051|1214|1255|1542|855|810|1260|1237|935|813|1016|1076|1007|1462|831|937|1101|840|805|842|1604|1405|1129|790|1178|947|990|1008|818|1472|1353|956|1288|1155|1125|1118|927|1093|821|1063|968|1129|1316|1105|1146|1111|841|889|1395|1264|934|1332|928|906|1010|1124|844|797|1206|1012|1280|1380|914|944|1131|1092|1674|1016|861|1258|828|1551|1028|941|1227|871|1196|1622|927|1565|988|925|1065|1406|1280|1080|1276|781|1065|747|884|1263|1493|764|1047|815|1046|1008|1180|832|1200|933|1639|1338|984|1014|1254|1082|918|1044|1338|904|1426|1050|742|992|1726|840|1420|1159|1320|943|1656|727|788|1099|1093|1167|908|1203|1137|1027|1050|1053|1387|1075|998|1060|1176|868|1265|954|1052|1076|1353|1118|901|1168|1090|860|1062|1002|981|1234|891|901|1171|1177|1037|1085|1165|1301|1002|1065|1160|1141|857|1261|1236|951|1693|1054|1475|1047|995|781|983|1195|1023|1335|1137|1035|1042|843|1037|1132|1532|1281|1144|798|1411|846|1501|1364|1059|1446|1015|900|877|1416|1196|1169|1045|1372|909|1078|1335|722|1734|1242|835|828|1195|779|1210|1188|834|1059|1058|902
632|593|569|439|515|511|518|490|576|490|466|545|577|490|527|487|469|538|501|505|506|490|547|490|439|522|561|616|490|490|545|439|487|552|487|490|621|487|487|510|439|490|601|494|496|490|512|498|490|554|534|510|490|542|490|469|501|518|490|483|520|491|506|439|490|490|494|501|512|514|489|573|439|490|492|466|490|512|654|490|574|506|439|507|491|502|490|469|528|439|555|490|512|490|518|495|490|530|544|487|553|575|490|439|490|490|490|569|490|439|501|608|500|439|541|555|490|495|487|487|562|490|490|656|502|490|490|490|487|513|524|490|531|490|490|469|507|487|439|569|490|490|521|497|656|439|487|490|487|490|493|490|439|555|503|532|494|487|538|552|560|568|439|487|501|562|530|491|511|567|520|555|571|502|507|487|439|500|490|464|490|542|586|490|490|490|575|494|518|494|478|490|439|492|531|512|489|507|490|490|504|506|491|439|509|490|490|501|555|487|490|511|490|439|501|487|517|568|502|509|500|490|439|501|497|490|495|551|515|487|490|490|490|487|490|504|469|487|490|490|490|487|490|623|490|612|490|439|595|439
Iteração que foi encontrado o Melhor Global: 787
Quantas vezes o Melhor Global foi alterado (Lembrando que a verificação na inicialização acumula nesse contador): 15
Particula Inicial do melhor global:
1,743098|1,010597|2,284809|0,011828|0,463563|0,505297|2,766582|0,927433|1,828760|0,865952|0,963893|2,711838|2,061484|0,928644|2,611753|2,897948|1,971443|0,643058|1,067178|0,576768|0,534849|0,032803|1,544550|1,146906|1,676069|
Particula Final do melhor global:
2,467102|2,240584|0,646260|1,921306|0,272738|2,353946|1,093988|1,417637|1,236687|0,885824|0,740264|2,138562|1,803478|1,482928|2,618512|0,403078|0,980719|1,225048|0,622735|1,641726|2,178546|0,689831|0,664872|2,380533|2,169024|
A melhor solução desse PSO é:
4 15 18 2 22 21 10 9 16 
6 17 8 7 13 19 12 3 
11 24 20 1 5 23 0 14 
Quantidade de trocas de:7,000000
Makespan: 439,000000
