362|608|445|532|461|527|396|513|550|406|402|615|389|405|353|520|343|353|405|533|381|417|693|329|443|370|481|344|384|375|402|506|356|376|355|330|373|413|358|386|422|755|367|379|490|422|464|406|504|392|426|421|531|483|619|433|378|502|353|399|311|293|510|555|544|399|492|428|459|502|343|349|447|628|413|379|395|462|369|404|513|522|475|304|393|335|401|327|485|544|362|487|389|557|402|417|352|475|519|309|480|405|581|339|489|487|361|405|486|549|537|599|483|368|332|365|453|648|494|406|359|416|617|325|420|385|418|518|456|480|352|391|321|372|433|435|393|438|371|380|436|385|354|559|471|430|354|379|451|433|423|409|325|353|339|414|369|316|500|372|400|448|385|628|459|374|405|319|499|369|363|497|497|528|394|474|354|505|655|348|395|447|351|376|504|430|326|479|459|451|438|355|540|607|488|376|470|346|425|433|527|424|318|344|423|345|372|496|533|465|413|441|411|385|426|393|376|351|298|549|612|326|663|377|398|548|307|488|334|369|383|457|455|361|371|439|349|455|629|435|395|338|367|484|424|564|398|418|448|327
258|255|248|246|254|263|271|269|220|265|246|246|259|262|249|225|226|226|267|256|225|244|267|246|255|236|266|248|229|253|260|261|258|226|272|270|267|246|264|256|243|249|254|225|269|259|226|264|220|246|259|242|269|236|256|239|251|226|244|226|243|273|237|241|263|225|280|268|225|274|220|260|255|257|220|263|228|248|242|226|260|259|257|260|235|249|263|242|263|245|236|248|247|266|226|225|252|260|260|249|244|253|266|243|230|261|220|226|259|263|240|266|249|248|243|255|263|261|234|262|231|258|259|258|276|263|269|253|267|235|230|241|259|226|264|220|254|254|255|226|226|273|257|263|251|258|258|250|254|252|243|263|260|226|262|286|241|245|256|264|242|237|267|275|268|228|260|265|259|254|274|251|244|247|279|248|234|230|246|263|245|263|246|252|226|243|279|226|245|254|245|252|261|238|260|262|229|247|226|262|264|264|266|267|240|250|242|277|263|226|243|255|251|247|244|253|242|265|266|239|248|261|247|258|220|283|252|226|277|241|266|242|264|226|266|286|257|268|256|270|256|234|264|261|257|258|249|245|259|243
Iteração que foi encontrado o Melhor Global: 311
Quantas vezes o Melhor Global foi alterado (Lembrando que a verificação na inicialização acumula nesse contador): 11
Particula Inicial do melhor global:
3,142243|1,256127|2,597219|3,570860|2,827287|0,479694|2,457576|3,874938|0,743121|0,269925|1,159149|2,898607|0,280393|1,320032|0,576781|3,092329|2,670173|2,943078|0,646468|0,837528|2,694916|3,645497|1,537724|1,846621|0,956513|
Particula Final do melhor global:
3,488276|0,989292|0,266947|2,867531|0,547629|2,308972|0,690037|2,498428|0,481745|1,002221|2,958022|3,221357|3,312887|1,954888|2,564428|3,658597|0,162159|1,841145|1,854700|0,507949|2,146420|2,565416|1,867854|3,407141|0,477120|
A melhor solução desse PSO é:
16 2 24 8 19 4 6 1 
9 17 18 22 13 
20 5 7 14 21 3 10 
11 12 23 0 15 
Quantidade de trocas de:2,000000
Makespan: 220,000000
