949|543|932|664|600|1207|921|826|678|1023|1148|796|647|1163|845|697|977|972|816|931|843|754|751|819|779|833|1086|756|954|948|837|838|897|703|886|751|631|1091|768|685|599|627|731|830|866|1192|581|712|730|837|578|717|886|592|760|716|713|691|1414|671|658|844|815|819|648|681|1008|800|841|979|785|823|783|511|862|989|684|554|976|889|834|862|806|1057|872|962|933|1402|1014|751|543|828|867|1062|552|810|872|637|774|1146|783|716|576|519|652|771|872|978|1009|847|883|896|687|1026|793|1080|788|850|838|746|552|981|1073|911|646|718|825|630|775|657|688|631|774|717|992|702|745|606|791|678|772|821|728|912|1235|995|710|811|795|808|936|1532|1010|611|882|831|796|950|898|881|768|919|872|1321|770|581|1011|658|860|785|1015|1083|1090|808|572|838|887|848|725|1447|683|713|677|1292|696|590|1315|693|1135|1019|855|759|855|455|747|704|791|962|863|678|724|825|593|1270|705|681|702|780|770|1248|1157|610|814|789|754|722|1040|1256|721|908|644|1171|1088|552|785|757|727|865|1126|898|705|830|595|737|795|561|868|814|634|992|1050|920|559|1031|614|902|509|656|712|664
309|309|349|360|422|373|348|353|392|305|309|358|373|312|309|433|309|309|339|305|313|309|338|352|334|313|393|346|349|360|320|313|292|338|389|379|328|404|309|306|345|292|365|309|309|313|309|292|340|309|305|292|328|312|333|370|305|309|360|333|375|313|389|397|348|309|313|360|359|313|349|415|446|403|376|316|362|362|381|309|328|425|382|309|313|372|311|312|313|328|338|312|352|305|292|328|334|324|305|292|292|382|352|303|340|341|292|410|306|432|331|312|371|328|352|365|313|380|352|394|321|341|309|330|380|349|364|305|352|292|309|297|309|364|316|332|362|312|340|388|309|352|328|309|309|309|309|313|425|313|338|336|313|346|309|309|382|321|334|329|330|292|309|358|366|292|328|292|316|387|366|328|326|358|334|360|332|345|417|326|330|406|360|292|343|309|399|362|339|364|313|292|394|367|365|313|309|392|377|307|309|333|328|317|332|305|350|383|309|353|330|407|358|328|352|309|330|389|366|311|309|309|365|320|382|323|313|313|328|309|398|329|313|353|313|313|448|354|405|392|292|292|339|363|318|352|382|330|408|337
Iteração que foi encontrado o Melhor Global: 320
Quantas vezes o Melhor Global foi alterado (Lembrando que a verificação na inicialização acumula nesse contador): 9
Particula Inicial do melhor global:
0,953755|2,738551|3,788740|3,308795|2,533373|2,738185|1,979483|3,928354|0,209106|2,162304|3,644122|2,322990|3,688366|2,603648|1,241907|2,317955|2,012108|1,405842|1,425293|1,303509|1,055699|1,716378|2,865600|0,941561|3,174141|
Particula Final do melhor global:
1,054147|0,752562|3,412540|1,663384|2,687151|2,113943|1,454129|2,181474|1,340383|1,173818|2,846661|3,205502|1,522994|1,188804|0,868184|2,895877|3,775196|0,359270|0,923967|2,808769|3,970588|0,935351|2,635723|0,609812|3,244637|
A melhor solução desse PSO é:
17 23 1 14 18 21 
0 9 13 8 6 12 3 
5 7 22 4 19 10 15 
11 24 2 16 20 
Quantidade de trocas de:5,000000
Makespan: 292,000000
