726|921|949|877|837|1264|714|785|919|1072|1105|953|922|818|619|843|746|905|875|974|911|1030|841|787|749|847|730|1089|892|955|758|804|784|1304|1079|1030|701|1012|1034|705|691|1110|882|695|885|557|944|868|653|887|724|833|1062|822|764|909|778|914|830|732|943|635|837|1047|825|839|912|1239|798|693|799|791|715|961|1079|973|868|1172|913|949|667|1418|723|833|777|852|1094|1079|862|643|889|774|852|804|997|1239|1384|881|790|722|773|1127|994|855|1225|908|743|979|781|798|1006|1047|999|702|1101|1492|688|869|923|836|1013|759|1049|770|1053|947|950|763|879|714|931|1071|798|900|799|800|995|1094|808|637|1030|776|997|814|693|796|905|828|718|917|737|1155|1147|919|688|791|641|697|729|847|1516|809|835|1258|680|676|652|808|784|693|1176|774|1077|691|890|1042|1095|822|698|698|920|764|1209|1021|978|772|968|1057|835|686|1065|817|863|889|807|943|936|738|725|1166|1170|893|1019|815|751|1014|1034|920|700|888|707|983|908|848|912|663|1200|1504|710|765|899|700|757|815|919|624|655|665|1030|1196|791|951|790|898|661|950|860|655|849|814|1005|783|1031|741|647|857|978|611|1220|697
482|465|501|376|399|376|438|492|376|483|539|466|510|451|376|399|537|406|468|458|376|376|376|433|419|440|376|402|462|376|477|523|489|429|443|376|424|376|376|376|447|410|443|428|468|469|446|418|461|446|376|422|433|508|393|376|428|376|487|431|431|376|376|376|418|422|402|465|466|441|425|376|490|414|376|376|459|471|376|488|409|517|376|406|420|516|376|376|496|433|376|376|453|450|470|376|424|465|424|470|388|446|487|376|399|474|392|424|402|410|486|376|410|431|376|418|419|447|408|376|463|408|435|456|487|418|399|466|376|487|376|450|399|411|427|462|376|443|433|376|475|479|422|376|398|435|376|441|376|376|376|418|376|376|392|376|376|376|437|376|435|465|418|476|376|456|376|422|376|485|459|459|376|399|464|376|462|464|418|393|376|376|408|461|399|462|417|376|437|469|376|487|376|507|376|419|376|399|438|376|376|376|408|461|422|496|433|414|525|414|376|404|399|510|434|466|381|399|472|446|399|376|376|479|485|496|491|428|376|459|461|462|439|448|433|470|433|444|445|500|376|376|446|429|478|434|376|456|408|435
Iteração que foi encontrado o Melhor Global: 223
Quantas vezes o Melhor Global foi alterado (Lembrando que a verificação na inicialização acumula nesse contador): 16
Particula Inicial do melhor global:
2,275646|1,114010|1,083496|0,560297|2,122640|1,279818|2,901255|1,009261|0,760087|2,490754|2,379691|0,857050|1,401875|0,449383|0,372974|1,666783|0,123580|2,122624|2,464978|1,801990|0,946417|2,510940|0,205471|0,912953|1,880896|
Particula Final do melhor global:
1,396354|1,214641|2,236105|0,442210|1,131579|1,091776|1,585700|0,051078|0,548943|2,093905|0,597017|1,223936|0,567465|0,203904|1,927408|2,781395|0,064859|2,630233|2,181459|0,502813|2,499468|1,183084|0,855726|2,501928|1,831934|
A melhor solução desse PSO é:
7 16 13 3 19 8 12 10 22 
5 4 21 1 11 0 6 24 14 
9 18 2 20 23 17 15 
Quantidade de trocas de:2,000000
Makespan: 376,000000
