412|366|445|303|362|340|326|518|431|433|446|395|459|394|301|461|495|367|419|470|374|386|325|470|392|388|393|349|458|338|351|485|463|359|304|276|384|315|333|397|290|379|316|453|451|483|353|344|530|505|378|516|369|499|317|355|525|451|385|454|461|326|439|350|361|454|444|470|332|400|357|385|391|401|572|323|366|385|411|390|506|404|471|383|349|362|359|364|497|562|422|353|407|622|351|348|494|335|281|524|408|321|473|448|317|472|326|421|428|435|398|368|425|543|422|475|325|460|385|324|436|471|365|386|320|395|352|365|381|302|477|357|376|433|434|335|491|499|454|502|358|286|409|475|461|428|377|352|424|347|343|339|455|359|481|482|475|316|424|474|456|379|392|357|557|446|394|434|365|453|477|466|339|577|365|403|342|529|377|443|354|406|570|612|485|387|547|332|380|378|502|295|463|554|284|373|337|407|521|301|466|380|413|478|328|536|351|385|422|461|643|326|385|423|389|292|353|295|454|325|435|473|315|523|412|406|478|290|437|401|353|461|331|285|459|383|400|433|361|373|418|390|346|525|369|396|384|494|431|413
244|247|241|244|216|226|206|234|253|236|214|229|206|206|235|206|256|243|246|206|221|235|236|230|253|235|233|206|227|206|220|237|230|239|206|235|246|209|237|234|219|214|240|206|230|206|246|245|206|248|224|209|248|244|239|233|234|240|231|206|248|231|238|235|220|209|224|241|209|252|206|242|236|223|220|231|245|228|230|263|245|224|219|221|233|246|232|236|218|223|220|206|226|206|221|235|245|235|216|225|232|236|206|250|244|233|236|230|242|229|232|244|209|233|234|231|242|245|256|247|206|245|242|243|233|243|251|232|221|237|253|245|226|226|242|223|209|219|232|234|234|238|226|247|231|236|225|237|242|238|254|255|243|235|242|230|206|236|242|228|226|206|216|255|234|226|206|247|250|206|222|214|250|206|227|206|219|244|233|209|241|231|229|221|242|224|250|208|264|222|206|228|238|233|250|216|247|211|260|223|227|226|230|231|249|234|228|249|206|244|233|251|221|206|246|235|252|232|206|238|209|231|245|251|240|233|233|231|206|209|236|223|222|233|231|253|234|206|246|227|242|218|227|242|222|239|231|249|235|228
Iteração que foi encontrado o Melhor Global: 285
Quantas vezes o Melhor Global foi alterado (Lembrando que a verificação na inicialização acumula nesse contador): 8
Particula Inicial do melhor global:
3,381773|3,483010|3,997374|3,515566|3,523622|1,930220|1,077178|2,503344|0,614131|2,272472|2,182930|3,867885|3,857119|0,425269|0,935623|3,144177|3,022503|0,907320|2,313709|2,405900|1,147340|1,545735|1,933380|0,117870|3,391396|
Particula Final do melhor global:
1,984965|1,411235|2,535640|1,348727|1,449349|1,533756|2,935784|1,045678|3,276553|2,388684|0,910485|3,498974|3,075615|3,466033|0,361289|2,802729|0,749766|0,572272|2,349663|3,689837|2,262083|0,647385|0,661718|3,560500|1,778389|
A melhor solução desse PSO é:
14 17 21 22 16 10 
7 3 1 4 5 24 0 
20 18 9 2 15 6 
12 8 13 11 23 19 
Quantidade de trocas de:0,000000
Makespan: 206,000000
