1013|781|653|777|547|735|540|1023|651|1161|765|753|714|742|1050|1139|1225|775|735|700|713|721|699|590|692|873|840|804|980|752|860|804|746|824|1231|821|927|743|705|686|708|889|694|1029|804|993|674|601|1234|1125|621|892|747|876|957|693|861|760|946|924|773|960|1160|825|644|764|1058|797|806|676|846|1192|985|1159|682|1024|750|871|539|611|873|625|1238|603|990|630|999|762|762|819|1085|886|738|910|663|816|652|894|673|1172|615|1097|702|1293|1261|1101|848|792|833|956|691|1311|1008|980|660|1005|641|720|1001|695|530|851|1033|806|776|766|1020|1083|1114|1074|887|824|1266|712|999|672|749|1032|1250|646|657|742|917|584|775|588|899|691|766|747|748|819|781|922|1333|688|1059|653|910|793|637|811|803|1175|843|738|1154|1382|1030|709|635|660|923|1094|791|745|587|828|1159|634|828|921|718|681|1162|600|555|1008|889|1025|1189|1283|874|957|599|913|1134|1327|1308|1244|559|498|840|969|1115|868|715|616|958|877|1174|949|1172|712|722|915|843|754|1027|947|923|885|709|644|972|834|929|864|1140|796|1009|726|833|1491|959|942|1028|844|755|691|685|929|834|559|982|628|692|1247|748|911
398|427|509|426|403|421|377|449|378|425|334|366|374|417|412|345|325|291|473|377|417|474|456|396|461|434|291|398|500|421|429|373|456|414|291|454|373|437|386|424|445|414|291|393|468|364|419|376|413|396|415|334|368|411|423|334|416|486|427|443|340|405|474|391|359|458|435|439|420|367|373|469|334|460|416|354|491|466|317|451|340|424|340|431|442|448|393|377|328|392|473|441|395|450|341|369|441|372|419|315|377|449|392|432|401|415|401|418|398|334|445|384|393|334|401|477|382|460|334|326|406|497|349|463|384|406|334|407|424|407|416|436|435|364|465|456|420|291|466|419|466|429|423|446|425|388|409|464|408|431|334|447|468|477|340|450|361|430|382|393|466|427|397|396|347|461|429|477|468|340|334|439|417|436|430|421|427|456|468|382|366|448|372|334|401|410|449|442|478|366|372|426|459|382|373|414|486|433|381|349|320|489|379|410|440|420|383|438|421|445|445|358|429|341|457|453|382|417|355|473|462|440|448|440|375|366|466|450|433|478|371|386|406|334|382|444|423|423|412|383|382|415|334|419|461|382|398|445|434|375
Iteração que foi encontrado o Melhor Global: 818
Quantas vezes o Melhor Global foi alterado (Lembrando que a verificação na inicialização acumula nesse contador): 18
Particula Inicial do melhor global:
2,222141|0,958645|0,920837|1,545643|0,966874|3,666777|2,770948|2,088590|1,752620|2,588333|0,376448|0,254514|2,957021|2,390127|3,302363|0,572784|0,284648|0,718522|0,569474|3,723486|0,496546|1,080133|3,183899|1,527750|3,169691|
Particula Final do melhor global:
1,673310|1,468493|0,449556|1,739297|2,715692|0,763288|1,178025|1,570660|3,824319|2,378794|0,856668|3,238333|3,904559|3,745560|1,352653|1,370092|0,878293|2,704565|2,297791|1,112976|2,918861|3,646045|1,943009|2,120691|3,953290|
A melhor solução desse PSO é:
2 5 10 16 
19 6 14 15 1 7 0 3 22 
23 18 9 17 4 20 
11 21 13 8 12 24 
Quantidade de trocas de:4,000000
Makespan: 291,000000
