583|1141|485|566|668|511|552|672|561|648|705|768|728|624|521|616|524|534|663|559|550|582|608|618|707|604|443|416|739|758|728|796|562|721|422|847|452|418|625|664|566|640|598|721|712|727|547|580|731|767|508|457|519|1012|617|646|525|674|845|799|550|416|690|639|506|569|881|792|509|687|826|723|923|516|402|554|803|403|616|556|629|817|670|735|832|634|608|554|837|846|567|703|543|732|454|856|674|755|580|656|787|591|632|467|512|606|527|550|500|630|846|737|595|541|541|628|408|560|469|737|896|573|623|577|553|840|572|684|426|527|823|822|568|415|520|429|766|562|453|508|469|614|493|554|492|413|908|838|533|647|543|612|478|507|1024|826|753|789|1027|671|602|475|705|570|563|602|478|449|575|513|403|458|877|942|531|547|614|483|499|600|550|517|821|579|767|707|777|712|768|739|1175|611|575|676|522|516|559|784|445|548|507|630|615|537|567|566|507|665|540|659|445|737|627|501|844|569|768|434|608|589|482|561|626|544|563|589|477|795|578|420|466|587|558|578|560|472|527|427|534|682|437|631|461|702|759|439|696|940|537|542
287|250|222|249|226|269|186|276|233|262|288|287|186|219|259|222|251|186|228|266|273|269|235|241|243|211|268|292|201|282|237|194|252|242|230|268|223|233|241|253|256|220|222|245|282|219|233|271|222|244|289|228|277|300|230|262|199|224|283|276|271|226|246|228|213|274|186|296|229|237|254|289|226|226|263|254|233|291|282|205|190|228|281|237|186|255|217|186|325|233|186|226|219|268|275|293|258|306|256|303|201|259|195|282|209|279|273|186|215|186|254|295|203|257|194|218|192|234|265|234|252|272|276|240|292|268|255|235|276|268|251|256|269|235|254|227|213|225|260|237|252|240|226|239|280|233|235|216|320|189|276|260|252|201|227|306|300|239|186|217|234|306|216|219|254|254|201|295|326|233|252|233|222|271|186|222|201|295|263|186|283|217|275|235|240|231|260|256|307|226|248|265|222|246|276|258|287|301|217|226|186|225|289|261|234|259|249|186|285|243|278|257|186|219|228|312|274|245|233|186|233|231|260|236|226|252|226|222|241|244|228|242|264|247|265|222|300|264|277|272|305|229|275|226|275|301|254|244|257|282
Iteração que foi encontrado o Melhor Global: 291
Quantas vezes o Melhor Global foi alterado (Lembrando que a verificação na inicialização acumula nesse contador): 18
Particula Inicial do melhor global:
1,399790|1,032172|0,479470|0,437574|0,333144|0,845935|0,639462|1,489863|3,592191|0,406212|2,459535|2,044216|3,041763|1,955903|3,773532|1,318451|3,661130|1,750150|3,943875|2,442062|2,437205|1,196384|2,102327|1,200943|2,504136|
Particula Final do melhor global:
1,856397|1,302818|1,118780|1,973467|0,914398|1,986114|3,130567|2,134459|0,861136|2,535349|3,414791|3,490970|2,537686|0,291026|3,902787|2,701492|0,621386|2,941895|0,091873|2,647427|0,158644|1,248551|1,449077|2,606970|3,523577|
A melhor solução desse PSO é:
18 20 13 16 8 4 
2 21 1 22 0 3 5 
7 9 12 23 19 15 17 
6 10 11 24 14 
Quantidade de trocas de:0,000000
Makespan: 186,000000
