435|484|428|650|746|704|505|524|435|517|634|466|525|515|508|776|720|617|418|687|511|542|491|616|361|453|571|458|742|438|687|415|498|437|482|324|791|424|470|633|746|461|463|568|608|587|647|503|472|599|526|589|559|626|358|504|359|518|482|461|500|460|408|626|743|620|563|510|737|434|534|565|596|577|430|562|535|606|442|461|507|394|446|350|651|571|503|682|763|484|622|578|490|516|500|563|491|756|526|453|577|450|469|665|460|679|484|515|403|730|873|560|445|551|535|591|462|424|368|561|540|507|515|742|343|550|524|394|414|444|414|676|551|622|440|546|504|497|515|424|835|500|712|648|623|401|532|525|928|438|937|520|511|468|593|442|687|456|512|603|558|462|503|753|601|804|369|496|624|465|505|454|894|331|611|684|521|458|819|471|441|560|511|398|536|724|588|458|588|384|451|445|645|449|552|571|600|489|498|634|551|762|632|591|518|359|530|589|633|505|550|517|493|732|419|557|454|592|519|680|791|585|719|663|493|642|717|396|372|388|440|614|533|468|483|535|482|559|606|528|867|697|597|600|471|413|408|555|431|509
179|255|288|209|229|179|179|187|217|179|246|273|252|206|200|230|243|219|179|179|232|246|179|185|246|216|179|248|204|274|217|215|178|240|179|193|221|279|199|228|233|179|254|204|217|241|199|179|277|228|259|199|214|232|256|179|178|226|231|183|179|221|217|294|179|178|237|230|254|179|240|230|201|199|178|220|247|204|218|246|179|189|260|188|205|242|220|205|197|232|178|234|237|272|178|189|209|179|179|199|179|178|179|231|268|246|228|202|224|272|179|199|235|241|203|223|244|179|187|179|213|241|179|198|223|204|194|208|200|199|228|234|224|194|245|287|229|188|216|203|232|247|248|210|223|216|184|194|234|186|179|191|220|274|206|179|196|197|179|179|251|216|190|178|273|210|248|197|192|198|225|180|179|225|274|217|218|187|205|210|223|204|234|245|216|196|257|217|212|210|180|178|222|193|223|179|187|272|237|258|209|181|179|205|190|233|204|199|233|178|179|274|282|277|267|244|216|211|199|192|187|243|197|279|216|220|261|178|205|284|220|179|179|179|183|210|187|271|209|224|243|188|198|204|183|283|204|246|195|240
Iteração que foi encontrado o Melhor Global: 439
Quantas vezes o Melhor Global foi alterado (Lembrando que a verificação na inicialização acumula nesse contador): 15
Particula Inicial do melhor global:
1,117789|0,927515|1,058849|2,047792|0,555263|2,193454|1,756104|1,265599|3,484195|3,916198|0,661549|0,202630|0,468145|0,746860|2,597419|3,909449|0,861319|3,734337|2,005394|2,107530|3,966944|1,801594|3,833930|2,203183|3,958076|
Particula Final do melhor global:
1,340416|1,954108|0,293608|1,885621|1,105504|1,084916|1,081980|1,843624|3,691592|2,396442|3,204813|1,819522|2,478630|3,685359|2,169338|0,757692|0,112223|0,311567|3,461954|2,226727|0,816502|3,603882|3,379530|1,606622|1,760840|
A melhor solução desse PSO é:
16 2 17 15 20 
6 5 4 0 23 24 11 7 3 1 
14 19 9 12 
10 22 18 21 13 8 
Quantidade de trocas de:0,000000
Makespan: 178,000000
