982|1079|775|677|674|743|783|842|893|933|946|1056|1065|696|1016|780|723|835|952|1057|767|876|937|654|850|948|727|764|721|786|823|874|1100|867|764|825|965|773|870|581|661|856|883|808|808|806|964|1112|857|781|936|953|839|642|900|769|577|746|760|984|647|737|676|724|931|736|917|837|653|872|853|634|887|1008|724|674|688|839|809|987|919|751|666|871|792|801|932|1060|652|802|721|743|822|872|675|1014|819|919|828|842|1027|743|987|771|861|905|730|844|712|1025|1042|696|852|835|1195|991|688|707|906|915|637|732|1086|906|880|1077|973|755|1249|725|651|1023|812|848|888|868|854|905|786|783|759|869|700|539|746|794|756|934|692|984|805|707|940|860|1058|880|906|790|721|829|898|796|900|827|723|871|993|805|880|706|668|781|1045|1047|803|875|1037|890|825|1087|808|961|681|1221|811|747|649|756|804|754|738|1000|882|795|672|819|1242|784|852|1043|1029|960|718|748|760|985|864|1003|646|839|852|864|736|930|1005|764|986|1062|709|824|823|815|690|875|678|719|971|622|771|987|791|1203|780|708|752|747|936|854|1116|1073|821|896|948|827|955|814|817|762|709|1059
446|444|492|446|521|523|446|446|481|462|455|446|446|472|444|446|514|536|491|480|485|514|456|479|446|533|444|446|446|492|446|494|446|446|446|444|491|444|487|454|538|478|512|446|469|489|489|446|513|491|446|472|493|489|487|446|446|444|446|446|444|446|446|446|543|518|521|446|489|495|467|487|462|525|446|446|484|444|491|456|456|486|474|475|446|481|506|446|446|487|462|444|498|546|509|444|498|489|444|489|506|446|474|499|489|444|517|444|515|444|492|494|446|478|494|471|446|446|531|513|483|515|444|446|462|457|446|493|489|475|444|444|489|547|456|446|446|456|444|444|493|544|446|515|534|444|456|446|456|446|473|481|446|491|504|489|455|444|493|444|446|517|446|536|487|444|446|444|446|444|463|489|500|455|499|446|526|444|513|446|478|491|541|444|446|499|446|444|491|518|446|483|500|504|499|524|446|472|446|446|444|491|487|456|446|456|444|506|468|514|478|444|471|507|446|491|444|537|499|446|471|473|496|499|498|497|514|516|446|444|462|456|489|446|500|498|505|502|529|471|522|478|489|514|472|446|446|522|446|446
Iteração que foi encontrado o Melhor Global: 384
Quantas vezes o Melhor Global foi alterado (Lembrando que a verificação na inicialização acumula nesse contador): 8
Particula Inicial do melhor global:
0,315664|0,493701|1,545095|0,765891|1,323922|0,497201|0,883636|1,898333|0,047100|0,943413|0,333112|0,592281|0,255538|0,414680|1,353205|1,074842|0,273043|1,408718|0,095563|0,342251|0,583255|1,673583|1,053287|0,262694|1,065820|
Particula Final do melhor global:
1,749250|0,845798|0,455297|1,481811|1,613276|0,798549|1,460283|1,861452|0,561406|1,565492|1,443421|0,505680|0,618543|1,283025|0,948453|0,247979|0,648055|1,690960|0,223741|1,141768|0,014493|1,198124|1,234478|0,855402|1,886616|
A melhor solução desse PSO é:
20 18 15 2 11 8 12 16 5 1 23 14 
19 21 22 13 10 6 3 9 4 17 0 7 24 
Quantidade de trocas de:6,000000
Makespan: 444,000000
