1315|978|1034|1201|1466|1031|1439|960|1124|1356|1089|1071|923|1134|806|1085|761|925|960|1171|1357|927|1601|1449|1008|1035|1092|1123|1361|902|1565|758|1079|1102|1436|976|887|924|1283|759|1031|1004|832|1430|1484|1271|1093|1102|1043|824|863|1110|1079|1312|1267|1248|1108|948|1189|1142|1162|953|1111|1015|1185|943|1253|1371|1199|1016|1014|1144|1076|1175|1039|869|1066|1001|1355|1222|1151|886|1219|860|1315|868|977|1175|1432|1180|1610|1066|817|1170|920|1210|1048|1259|1400|974|1077|1415|1193|948|984|1195|1383|927|1059|1233|1287|1167|1183|1240|961|1281|827|1056|1206|1076|1095|1099|1144|1096|1275|1102|993|1065|1272|856|1159|1398|1209|976|1450|1071|1156|1142|1342|1629|873|1059|1224|1051|1103|984|1425|893|1436|1220|1107|1190|976|1057|1030|930|1527|1058|1110|1104|1222|1148|734|1359|1092|975|1043|964|1133|857|995|967|1126|1291|1177|983|1228|824|1203|975|1041|1070|1111|1124|1051|981|1003|881|933|990|1008|1012|1228|1400|1208|1405|934|1531|1271|1055|1054|1168|1237|1292|1507|1108|1093|1428|926|1238|971|1285|1052|1239|1215|1264|1282|992|1021|1340|1071|963|903|906|1083|1519|884|1210|1230|1154|920|938|1152|957|1080|1166|1048|1091|1031|1234|894|1249|1193|1134|1229|1565|958|891|1052|856
582|581|582|581|581|581|581|581|581|581|581|581|581|581|581|581|596|581|582|581|629|581|653|581|617|581|582|581|581|581|581|581|581|581|581|581|581|581|646|583|581|581|581|581|594|581|581|581|581|581|581|585|581|581|581|619|599|597|652|581|634|581|618|581|619|581|581|596|581|581|581|581|581|581|581|581|581|581|581|618|581|581|581|581|581|581|581|581|581|581|581|581|581|581|581|581|581|581|581|581|581|581|581|581|597|581|581|581|581|581|581|581|581|617|581|581|615|581|581|581|581|581|581|581|581|581|581|581|581|581|581|582|581|581|581|581|581|581|582|630|581|581|581|581|583|581|581|581|581|601|581|581|581|581|585|581|581|583|654|597|581|581|581|581|582|585|615|581|581|656|581|581|581|612|614|581|581|581|581|581|581|581|620|581|581|581|581|581|581|581|581|581|581|582|624|581|581|581|581|581|581|581|581|581|581|581|581|596|581|581|594|581|581|581|581|581|581|581|581|581|581|581|581|581|581|581|581|581|581|581|581|582|581|581|581|581|581|581|581|581|581|581|581|581|581|581|581|581|581|582
Iteração que foi encontrado o Melhor Global: 45
Quantas vezes o Melhor Global foi alterado (Lembrando que a verificação na inicialização acumula nesse contador): 7
Particula Inicial do melhor global:
0,337907|0,842061|1,486957|1,583708|0,213448|0,110559|0,172312|0,371808|1,684918|0,097795|1,356612|1,864614|1,305042|1,900835|1,582301|1,032050|0,430002|0,433119|1,341292|0,844488|0,506466|1,332376|1,967384|1,507286|1,902982|
Particula Final do melhor global:
1,232901|1,330991|0,743780|0,499947|0,858200|0,422916|1,259153|1,353297|0,526300|0,599819|0,786770|1,004441|1,054540|0,498371|0,987711|1,233133|1,231051|0,655006|1,666448|0,370306|1,799680|1,417213|1,050404|0,697302|1,697485|
A melhor solução desse PSO é:
19 5 13 3 8 9 17 23 2 10 4 14 
11 22 12 16 0 15 6 1 7 21 18 24 20 
Quantidade de trocas de:4,000000
Makespan: 581,000000
