496|581|618|460|657|624|423|508|532|510|599|609|611|553|430|450|391|497|664|640|501|641|479|620|481|661|489|853|739|656|879|545|466|639|502|555|557|554|359|632|521|500|527|525|692|652|436|452|812|442|505|677|440|418|570|463|456|595|550|647|378|433|448|516|619|397|600|527|471|522|491|864|765|476|647|516|450|518|485|586|565|380|576|482|422|544|605|801|588|384|585|877|584|371|498|507|345|464|498|696|448|728|516|754|454|658|778|469|594|425|521|580|350|714|675|694|692|710|379|566|882|660|429|452|783|623|526|479|429|600|605|649|466|504|395|519|618|513|438|405|529|749|598|469|691|442|620|444|566|412|741|511|552|493|367|502|536|855|800|567|497|653|467|579|701|662|339|428|411|873|618|316|647|501|497|518|978|662|393|565|606|815|603|586|593|527|404|754|406|396|495|458|417|484|501|579|403|550|460|586|582|532|401|543|548|554|519|521|519|470|477|615|523|595|885|489|528|285|643|633|546|820|369|428|550|413|526|1053|670|503|485|506|687|396|774|430|450|627|478|549|712|817|509|638|531|600|412|435|527|502
202|199|281|213|199|197|232|261|256|264|275|204|256|195|257|251|197|239|261|230|266|220|268|220|241|277|272|198|259|277|197|195|271|229|270|283|242|220|195|197|195|202|258|215|213|197|199|208|260|207|231|200|206|241|255|226|196|289|246|232|197|239|244|222|212|247|195|259|227|252|213|267|238|214|257|268|241|259|212|272|212|249|262|197|217|215|197|256|213|233|187|198|223|195|236|195|195|207|266|246|212|223|250|258|271|246|212|234|203|213|208|255|207|250|195|270|270|242|213|219|239|226|226|243|234|200|197|233|256|256|195|242|229|197|227|252|197|218|219|248|212|230|204|197|259|210|220|255|197|230|266|224|222|193|232|261|248|216|273|274|254|272|197|268|213|231|211|232|202|197|197|282|259|260|269|251|212|226|197|276|195|277|257|244|232|197|268|206|229|195|240|249|197|213|267|211|254|271|207|272|213|257|271|212|225|267|228|212|282|235|276|232|265|256|219|239|199|267|195|255|242|274|222|197|195|218|198|220|223|223|241|238|219|262|239|195|270|222|254|272|198|265|224|212|269|253|277|197|222|207
Iteração que foi encontrado o Melhor Global: 984
Quantas vezes o Melhor Global foi alterado (Lembrando que a verificação na inicialização acumula nesse contador): 13
Particula Inicial do melhor global:
3,753000|0,991580|3,540501|3,227687|3,288619|0,257654|2,291070|0,426855|2,613763|2,100438|0,328751|1,211088|2,548319|0,680591|1,590967|3,013651|1,853021|0,737491|1,143695|3,369070|0,800040|3,287414|0,023150|3,515068|0,374153|
Particula Final do melhor global:
1,102145|1,392843|2,542988|2,365367|1,143854|2,537841|2,633099|2,571574|2,514928|2,302390|3,089367|0,672530|1,078448|0,700987|1,414140|3,919625|0,991013|3,389379|3,328626|1,497809|3,673670|0,344749|0,968064|2,642956|0,340135|
A melhor solução desse PSO é:
24 21 11 13 22 16 
12 0 4 1 14 19 
9 3 8 5 2 7 6 23 
10 18 17 20 15 
Quantidade de trocas de:0,000000
Makespan: 187,000000
