444|491|625|620|767|812|518|565|463|679|435|482|650|728|682|508|735|765|689|543|954|516|483|563|670|526|526|592|716|770|832|680|650|738|567|493|741|565|805|487|680|751|662|658|683|636|962|451|526|474|519|580|374|513|796|565|449|590|497|625|586|502|558|569|773|1149|713|664|509|799|599|607|503|911|509|850|596|795|548|866|457|495|418|523|503|550|489|450|795|456|811|506|494|477|559|648|430|526|1005|526|552|692|441|733|572|787|399|759|584|763|1041|501|555|428|476|586|634|574|801|456|621|355|588|614|460|959|512|950|860|584|713|715|393|463|863|728|464|702|688|695|526|533|542|629|628|540|842|637|550|619|511|783|618|955|571|579|814|533|1190|946|468|671|807|593|595|559|520|817|441|739|453|516|464|398|498|456|819|686|605|521|652|549|994|628|666|508|663|897|926|418|403|792|508|427|575|491|506|820|562|812|518|518|562|604|847|524|816|573|470|420|482|484|534|565|615|711|334|424|444|734|645|489|586|508|919|387|719|506|586|650|606|548|652|620|714|830|673|616|851|537|595|546|823|450|508|450|554|783|539|772
283|176|270|223|204|280|239|246|250|286|212|226|239|292|324|269|220|288|220|201|245|205|204|259|252|223|240|228|313|276|245|241|235|275|228|256|230|207|236|225|261|223|230|284|176|240|244|239|223|253|282|283|263|271|227|213|222|241|266|215|274|257|232|180|238|286|261|263|246|249|278|223|291|290|191|253|232|233|319|243|262|215|212|248|236|230|275|264|228|272|279|301|223|309|221|223|223|243|252|233|282|208|191|288|265|240|204|223|230|278|223|204|176|260|260|220|253|261|191|229|191|234|295|267|293|176|191|250|223|283|205|226|270|223|228|231|233|246|219|277|282|299|220|223|220|292|256|248|244|236|328|223|235|259|223|249|228|276|219|222|265|280|244|243|242|305|234|259|289|223|276|234|244|187|263|284|271|293|278|211|176|250|220|250|272|235|233|233|253|231|271|223|256|303|223|271|208|259|221|278|271|289|191|211|249|251|202|190|282|271|249|242|191|254|266|223|291|250|269|192|220|226|259|250|212|237|261|220|243|265|223|311|268|216|194|273|251|279|223|248|238|176|219|238|234|279|192|262|230|236
Iteração que foi encontrado o Melhor Global: 882
Quantas vezes o Melhor Global foi alterado (Lembrando que a verificação na inicialização acumula nesse contador): 12
Particula Inicial do melhor global:
2,975993|2,335793|3,493368|0,096210|3,406005|1,067813|2,785393|3,246258|2,345546|1,073794|1,762158|3,664964|3,492590|0,202929|3,288545|0,574458|3,181814|0,633821|2,299359|2,880776|3,312124|1,468972|2,839663|2,825730|0,482473|
Particula Final do melhor global:
0,459601|3,200767|0,525734|3,668108|2,899770|3,425430|1,948988|1,940039|0,928099|2,667118|2,579618|3,796259|3,587049|3,598722|3,149681|2,306935|2,103138|2,242831|0,789852|1,454933|0,418449|1,695482|1,241572|3,341170|3,637834|
A melhor solução desse PSO é:
20 0 2 18 8 
22 19 21 7 6 
16 17 15 10 9 4 
14 1 23 5 12 13 24 3 11 
Quantidade de trocas de:0,000000
Makespan: 176,000000
