845|1060|1394|900|684|880|1088|1116|1008|909|897|863|721|770|732|1021|707|852|841|1002|1116|769|1116|850|817|969|890|1056|1520|785|765|875|1068|1022|881|1131|821|738|976|784|976|848|1521|868|920|1218|1019|1063|1344|969|815|675|1038|1039|785|809|1392|1083|1024|910|859|1143|1503|922|1010|828|932|1073|980|985|1029|962|883|808|1307|902|729|1513|1052|858|710|775|628|1097|892|635|1314|1098|799|655|804|1247|943|992|693|813|871|812|736|1338|1160|975|666|1174|850|932|587|873|1001|839|829|1016|844|756|785|1228|1090|745|817|545|883|1034|1326|848|754|1119|878|1148|936|840|1192|993|1031|1021|1003|985|727|971|797|630|1114|774|1239|748|1037|906|915|1046|1000|892|779|928|870|1075|945|1479|1063|1196|800|847|900|973|1438|874|790|886|1215|1103|968|1386|773|1152|735|876|862|837|804|759|1050|1137|890|1419|954|978|1120|1013|1098|915|908|1163|892|751|940|1198|1249|1275|1258|847|942|1001|1363|1149|836|992|1282|837|991|853|1267|900|860|873|738|877|817|859|1408|790|695|1062|848|1367|1783|709|1196|1227|1156|778|846|951|779|847|1051|1364|898|989|1070|1051|1100|733|1207|682|1020|823|1003|862|1339|964|824|738
384|384|437|505|384|415|384|477|413|454|479|523|425|519|384|452|384|384|497|421|384|525|527|562|407|384|381|384|384|384|444|510|431|513|466|421|451|528|489|407|548|445|432|461|495|444|405|381|384|384|384|384|433|384|493|384|381|445|384|384|439|431|463|433|384|392|427|460|411|384|547|440|384|448|384|384|384|384|526|384|384|495|580|384|384|497|384|381|381|384|485|410|499|384|384|384|456|384|493|403|490|505|384|499|384|384|531|384|384|384|425|461|384|384|384|384|384|384|384|543|458|384|384|384|384|384|384|384|384|396|466|438|384|384|384|458|384|384|403|403|403|384|384|503|384|381|481|381|381|381|475|437|420|384|470|439|532|494|436|384|384|459|384|384|469|381|384|491|437|384|384|403|473|384|443|384|497|433|547|475|384|465|384|384|481|470|485|384|457|442|403|384|384|525|384|384|527|381|485|425|431|539|436|381|384|384|424|426|384|384|481|381|384|425|433|384|425|518|381|384|384|452|384|384|437|528|384|478|384|488|485|384|530|381|384|403|503|384|384|384|544|384|384|384|384|472|384|381|384|465
Iteração que foi encontrado o Melhor Global: 733
Quantas vezes o Melhor Global foi alterado (Lembrando que a verificação na inicialização acumula nesse contador): 11
Particula Inicial do melhor global:
0,984417|0,502332|0,625846|2,675441|0,215962|2,091109|2,946975|1,434240|2,139376|0,724408|2,094836|1,140664|0,451004|2,503839|1,870644|2,739440|0,381498|2,427605|2,205431|2,338580|1,110224|1,035583|1,709897|1,089121|2,887717|
Particula Final do melhor global:
2,469871|2,801851|2,267093|0,265415|1,000353|0,784647|1,960085|0,606633|2,440698|2,421676|0,557288|2,075263|0,801754|2,166224|1,354299|1,656623|2,161438|1,203846|0,428735|1,397186|1,459963|0,704743|2,213809|0,744786|1,216701|
A melhor solução desse PSO é:
3 18 10 7 21 23 5 12 
4 17 24 14 19 20 15 6 
11 16 13 22 2 9 8 0 1 
Quantidade de trocas de:6,000000
Makespan: 381,000000
