647|1197|569|712|481|847|1019|572|749|632|626|759|476|939|801|624|734|554|511|686|731|745|809|608|670|707|1260|648|623|658|735|683|699|583|742|656|609|595|887|462|767|790|653|910|922|804|557|791|693|1162|695|608|681|553|691|542|507|614|648|708|885|523|472|626|508|664|707|763|682|740|596|535|641|907|578|649|779|757|813|716|821|675|624|709|549|839|627|928|596|859|618|566|465|572|766|873|899|815|733|629|607|1095|517|788|722|651|486|455|750|805|638|525|519|581|612|1183|536|710|727|676|771|583|658|600|895|928|692|996|597|889|713|552|744|595|748|478|552|760|1156|744|735|851|1137|799|832|939|840|574|669|841|615|597|912|640|1314|725|791|465|773|626|982|670|724|780|689|550|496|824|413|931|936|781|618|844|753|757|744|534|843|627|676|879|668|608|606|1249|619|456|547|549|864|601|467|722|625|569|677|542|697|955|803|802|591|589|870|397|807|645|535|515|571|854|915|500|715|425|852|701|770|540|617|606|833|674|696|700|989|835|636|584|707|576|672|731|554|618|566|776|529|428|879|1257|536|641|936|703|618|865|764|535
313|193|193|268|257|236|193|313|340|287|193|219|193|249|288|296|219|318|219|219|239|279|219|246|240|219|336|356|291|236|257|220|315|219|354|219|305|273|276|249|239|219|313|256|219|261|236|248|314|219|238|380|343|276|193|219|263|229|264|331|240|253|269|219|296|219|337|219|221|251|280|236|242|279|313|330|219|224|258|325|271|313|219|219|314|279|313|236|300|219|193|244|261|265|294|316|257|286|354|219|317|314|351|264|219|193|236|373|193|340|260|304|219|219|313|276|244|219|346|219|219|313|313|193|278|314|236|219|236|332|300|219|219|319|300|219|313|377|313|348|244|247|378|244|248|219|244|236|193|219|219|313|219|236|309|301|258|236|257|376|219|346|236|390|244|236|250|219|378|263|230|322|257|284|219|219|241|311|219|219|302|290|236|299|234|263|193|354|249|309|264|221|308|255|321|236|251|375|219|224|359|260|193|219|219|300|219|283|236|244|236|250|347|378|301|367|361|244|313|321|297|257|193|233|321|300|236|320|219|232|340|262|219|219|219|244|263|368|236|222|224|219|236|313|339|313|279|230|348|220
Iteração que foi encontrado o Melhor Global: 851
Quantas vezes o Melhor Global foi alterado (Lembrando que a verificação na inicialização acumula nesse contador): 20
Particula Inicial do melhor global:
2,694385|1,954803|2,781083|1,651396|0,354201|2,157480|2,901810|0,651782|2,209817|2,051075|2,076123|0,450265|1,672240|1,114530|2,753091|1,740538|0,926714|0,215524|0,028128|1,277016|1,960490|2,943617|1,319173|2,141032|0,454022|
Particula Final do melhor global:
1,088796|0,768757|1,787986|0,472090|1,289252|0,552915|2,108196|1,634047|1,489908|2,559151|2,332567|0,267509|2,896828|0,852526|0,428522|2,635697|1,441662|1,626454|2,282206|2,554908|0,411614|1,144097|2,492817|0,733547|1,005089|
A melhor solução desse PSO é:
11 20 14 3 5 23 1 13 
24 0 21 4 16 8 17 7 2 
6 18 10 22 19 9 15 12 
Quantidade de trocas de:0,000000
Makespan: 193,000000
