1127|786|877|698|752|1106|762|1128|1084|899|646|624|695|1151|908|653|647|1009|1108|674|634|667|1030|527|905|939|884|1003|649|567|895|765|943|1359|674|727|573|642|957|664|666|597|680|745|941|612|973|937|614|492|1372|741|920|954|558|621|997|729|831|563|810|549|573|763|1036|1238|1028|653|963|1147|1029|802|649|716|774|731|946|709|993|699|882|1117|797|866|696|950|633|671|703|1254|1414|1075|1218|853|777|835|1042|594|772|1464|653|779|668|1074|766|935|1199|1105|697|827|1577|718|919|693|770|742|748|1547|589|616|793|875|1348|733|858|879|795|851|587|1089|571|726|827|755|805|728|874|774|823|1159|644|764|714|809|566|671|521|870|639|1025|787|954|1215|1033|932|1160|770|927|611|685|1199|597|762|869|656|736|839|813|697|774|781|994|566|671|842|629|702|854|862|665|938|832|651|703|853|620|627|767|898|729|870|894|650|793|1089|726|1018|1253|995|785|1143|1039|1063|1082|1009|1384|749|700|809|747|848|746|1041|682|999|1039|728|595|739|1174|861|503|1201|1002|443|844|1119|639|1073|696|758|832|1259|602|897|974|883|915|984|818|661|994|1213|796|845|832|1133|675|989|706
393|422|346|302|356|385|431|359|357|348|311|399|379|308|369|283|349|319|311|450|358|415|418|348|439|275|342|321|442|419|400|381|418|442|366|294|404|425|376|311|302|328|275|369|392|363|391|263|403|350|412|397|353|419|373|352|397|353|427|383|371|372|382|335|350|344|272|275|396|376|286|368|378|263|369|368|283|272|442|340|402|330|275|409|351|379|371|302|332|405|350|368|300|363|362|356|399|283|311|311|392|311|275|418|312|350|317|367|423|367|311|357|403|385|396|275|336|283|384|359|349|431|316|422|283|352|318|412|369|315|360|415|369|383|401|402|342|350|349|398|347|364|400|355|283|391|336|272|330|450|330|302|395|386|337|318|339|449|263|372|402|302|330|275|368|382|425|391|428|420|329|341|353|361|407|395|263|302|395|392|340|402|292|346|398|348|340|359|393|325|350|340|365|317|283|275|428|366|275|283|370|357|370|341|283|349|328|372|381|386|382|388|311|391|382|354|408|334|400|354|354|399|421|376|402|283|366|317|390|350|354|379|300|389|318|415|272|298|342|283|302|404|360|362|380|311|344|311|272|296
Iteração que foi encontrado o Melhor Global: 683
Quantas vezes o Melhor Global foi alterado (Lembrando que a verificação na inicialização acumula nesse contador): 15
Particula Inicial do melhor global:
3,723783|0,881753|0,081526|1,265317|1,569592|0,186980|1,303498|0,884734|0,592457|0,168272|3,736441|0,311359|1,152553|2,518672|0,196402|2,613390|0,719690|3,602019|1,286731|1,422934|1,352582|2,409342|1,715765|2,777136|1,465113|
Particula Final do melhor global:
3,645890|1,767016|0,094862|3,389800|2,651040|1,463233|0,757099|0,539440|3,245446|2,913134|1,896521|0,537863|3,624968|3,717139|1,362034|2,549574|0,252380|1,083159|1,431179|3,160777|2,627194|3,707433|1,631162|1,123306|2,204277|
A melhor solução desse PSO é:
2 16 11 7 6 
17 23 14 18 5 22 1 10 
24 15 20 4 9 
19 8 3 12 0 21 13 
Quantidade de trocas de:4,000000
Makespan: 263,000000
