188|209|264|238|172|160|180|213|153|184|168|161|207|221|186|196|216|232|206|197|178|143|173|179|213|234|154|135|161|169|239|180|251|167|184|160|218|186|179|191|265|194|217|273|210|168|222|170|187|136|150|174|238|162|168|180|233|172|151|236|220|219|224|216|189|195|188|176|201|165|167|197|160|197|154|161|144|188|205|168|209|140|191|220|192|171|226|155|160|280|209|199|210|156|187|241|179|219|194|171|224|199|173|168|234|191|259|166|218|237|249|200|201|289|197|151|199|188|173|200|173|179|192|274|246|233|212|186|201|219|190|211|181|214|159|236|154|198|206|192|200|198|157|228|182|212|222|215|164|173|226|189|215|199|190|200|175|166|168|179|187|174|206|323|206|176|169|171|223|188|233|172|217|269|190|167|210|208|183|220|183|150|232|171|197|214|221|221|210|187|172|171|198|162|180|218|250|239|175|227|260|239|158|146|213|159|152|210|199|230|206|222|245|257|273|201|237|199|222|204|151|168|220|198|169|183|184|184|150|259|207|173|194|272|167|245|189|259|257|185|233|212|261|179|166|199|239|158|173|187
136|129|131|129|130|132|132|134|131|133|132|133|134|134|131|135|133|135|134|129|132|133|137|129|132|131|134|135|134|132|132|132|129|133|131|134|133|130|137|132|134|133|136|135|132|132|132|133|135|136|129|132|133|133|131|133|132|135|136|136|137|130|132|134|133|133|132|130|134|131|131|134|131|132|130|131|133|131|134|131|133|132|132|132|131|136|132|134|129|135|131|131|133|131|131|130|133|129|135|133|133|132|131|132|132|129|134|134|134|132|131|131|132|133|132|131|131|133|132|131|133|129|129|131|129|131|132|130|130|132|130|129|135|132|137|133|132|134|130|132|129|131|132|130|131|136|129|131|132|134|133|133|133|129|128|130|128|132|131|133|134|131|135|133|132|129|134|133|131|136|131|137|132|133|134|131|132|132|131|132|132|131|131|134|130|135|130|133|134|133|134|135|134|136|136|136|132|133|139|129|134|130|135|131|132|134|131|130|129|129|132|133|135|132|134|131|137|131|131|128|131|129|131|129|131|134|132|132|132|131|129|133|131|129|135|134|134|132|128|129|131|132|133|128|132|133|132|135|134|128
Iteração que foi encontrado o Melhor Global: 545
Quantas vezes o Melhor Global foi alterado (Lembrando que a verificação na inicialização acumula nesse contador): 6
Particula Inicial do melhor global:
2,474326|3,056089|3,655245|3,613753|0,018701|0,246910|0,225026|3,878240|0,145552|2,022898|0,575797|0,024993|3,270933|2,576441|2,467525|3,830691|1,931989|0,900597|2,595403|2,351673|3,420150|2,374429|3,745172|3,524924|1,415982|
Particula Final do melhor global:
3,125403|2,343060|0,482957|2,682610|1,360532|2,315413|3,744202|0,117099|3,717227|0,717773|2,191372|3,430980|2,314697|2,837750|0,580007|2,141060|1,684073|1,050668|0,017415|0,781491|1,435894|2,246171|1,205261|3,387195|2,542650|
A melhor solução desse PSO é:
18 7 2 14 9 19 
17 22 4 20 16 
15 10 21 12 5 1 24 3 13 
0 23 11 8 6 
Quantidade de trocas de:7,000000
Makespan: 128,000000
