356|444|374|390|466|572|444|279|286|378|414|340|386|370|323|306|299|380|379|395|557|452|551|343|457|357|436|309|548|350|393|580|361|393|531|388|519|409|277|333|275|416|270|426|376|419|307|360|382|365|378|362|395|429|376|496|458|313|416|419|354|373|417|364|387|300|266|302|446|292|395|376|348|369|590|476|339|555|524|432|429|477|403|408|425|387|370|430|375|414|337|327|432|334|583|367|391|344|314|342|368|393|372|320|362|319|438|344|361|418|382|399|387|332|443|428|413|313|417|362|467|388|413|317|548|393|472|391|396|402|401|353|401|443|428|332|487|350|345|387|428|410|375|371|308|381|412|439|593|349|435|441|327|348|333|393|390|291|471|386|329|384|418|461|344|396|320|354|610|345|404|359|399|332|268|575|381|470|354|336|326|381|442|531|412|399|315|321|364|529|388|395|391|322|385|501|362|483|414|500|472|506|306|355|591|379|381|373|443|495|454|462|432|362|443|345|344|391|379|350|459|349|528|472|377|382|514|536|381|326|368|391|290|343|340|437|465|416|509|404|407|427|517|420|458|450|386|312|289|617
249|241|254|257|255|243|243|251|260|254|254|248|246|254|241|254|248|256|254|251|243|256|241|250|225|256|247|239|229|251|264|258|248|237|256|241|253|249|250|263|256|256|255|254|245|242|258|257|253|256|250|240|256|244|243|253|257|248|234|258|259|243|264|256|256|243|262|254|237|252|251|240|251|257|253|252|250|248|258|263|257|249|249|248|233|245|247|234|251|246|256|246|251|254|252|240|253|260|258|247|245|235|255|249|236|243|248|248|246|253|257|253|265|246|260|246|253|257|256|258|236|261|247|256|248|254|259|254|245|245|246|259|251|250|254|253|248|259|249|253|252|233|250|260|242|259|244|249|251|257|246|254|255|254|260|251|255|259|254|242|256|247|257|253|249|246|246|249|239|252|256|235|262|248|255|251|258|242|249|241|266|250|260|252|245|254|255|257|245|251|253|245|258|253|256|255|261|248|250|249|256|249|258|259|255|259|252|266|253|256|255|252|255|251|248|258|235|244|257|264|249|252|258|254|234|233|252|252|241|250|253|258|258|255|262|240|259|261|261|253|241|251|262|252|259|258|244|255|245|249
Iteração que foi encontrado o Melhor Global: 287
Quantas vezes o Melhor Global foi alterado (Lembrando que a verificação na inicialização acumula nesse contador): 10
Particula Inicial do melhor global:
1,965593|0,088511|1,805309|3,585013|2,246355|2,690069|2,117913|1,604176|2,673375|0,494012|3,424842|2,753101|2,449103|0,011252|0,478516|2,066890|2,983838|1,543948|2,363725|2,438908|3,213067|1,748258|1,016515|0,266302|2,120551|
Particula Final do melhor global:
0,904844|0,952415|3,124281|0,898861|3,527410|2,701487|0,262049|0,114443|3,708214|2,953502|0,974777|3,097294|1,795678|3,684055|1,258400|1,773044|3,087009|2,350415|1,960343|2,648439|2,979958|2,101324|3,940094|1,119674|1,949170|
A melhor solução desse PSO é:
7 6 3 0 1 10 
23 14 15 12 24 18 
21 17 19 5 9 20 
16 11 2 4 13 8 22 
Quantidade de trocas de:1,000000
Makespan: 225,000000
