907|1229|967|1219|964|1028|1151|1660|1063|968|1015|955|1292|1336|1222|1356|973|1227|1029|1153|1124|1230|1392|1015|1298|979|1020|1062|1031|1104|1276|1038|1190|1549|878|928|1161|1229|1062|963|1005|1373|1346|1244|1400|1157|997|1433|1112|1176|939|1702|1260|982|1368|1175|1131|994|1070|1169|1173|1047|1191|1156|1297|1422|1154|906|969|1010|955|969|1172|1279|967|1447|976|998|935|890|1291|1106|1352|1423|985|1049|1305|1178|990|1215|1173|1105|954|912|1254|907|1282|1358|1083|1612|1061|864|1141|1219|1186|1536|934|1259|1593|969|1420|1595|993|992|1379|1407|974|1119|1149|1306|895|1016|1055|1615|924|900|1267|1002|1011|1067|736|1290|1317|1098|964|854|1037|1090|1376|869|1118|1101|1345|1662|1201|1115|1256|915|921|1092|923|1038|1460|1332|1240|1017|933|852|1233|1001|1125|862|1218|1429|1361|1206|897|1237|1027|1124|1263|1396|1514|1138|1635|1209|998|1258|948|1128|1216|1179|1001|1202|992|1467|1041|990|934|1085|1121|1299|1485|943|1359|1251|1445|959|998|1500|827|917|1462|1169|948|942|1046|1101|1142|1218|1069|1202|1439|1444|859|1428|983|1143|1021|1357|1115|1051|1058|981|968|1089|977|1444|1294|1042|1108|1150|801|1286|1776|1726|1172|1117|1025|1321|1174|889|1002|1150|1401|1187|889|1111|1015|1208
572|566|571|575|544|605|567|595|646|546|544|546|544|546|603|544|566|572|544|572|546|544|570|546|571|544|546|546|591|595|544|571|571|573|546|544|544|571|571|546|546|587|544|577|544|570|570|571|546|591|546|546|588|603|605|546|546|544|602|591|585|546|548|546|544|571|580|544|546|566|546|579|577|571|548|571|577|570|610|571|546|600|581|570|546|581|571|584|546|570|544|546|546|546|593|544|544|570|546|544|571|546|544|548|544|570|546|574|665|544|570|592|574|544|546|546|648|544|544|544|571|544|572|570|544|570|581|636|544|546|544|544|582|570|546|581|630|577|584|570|544|546|571|617|574|546|570|544|615|571|570|572|544|607|628|544|720|544|572|546|573|569|570|567|546|604|544|572|548|570|544|576|573|546|572|544|581|661|574|546|570|572|548|544|608|571|546|546|639|577|570|641|601|570|571|577|572|544|546|570|581|546|544|544|577|546|572|546|573|544|570|546|546|577|546|544|576|599|546|570|546|546|570|544|572|577|592|605|594|582|544|544|544|546|570|571|570|548|570|571|546|613|571|599|583|546|605|570|546|546
Iteração que foi encontrado o Melhor Global: 584
Quantas vezes o Melhor Global foi alterado (Lembrando que a verificação na inicialização acumula nesse contador): 13
Particula Inicial do melhor global:
1,441347|1,288775|1,736116|1,417900|1,182344|0,012114|0,928966|1,732787|0,468309|1,027686|1,467384|0,432575|1,817744|1,452810|1,944562|0,483435|1,597193|0,748377|0,956347|1,767502|1,684976|0,622893|0,942339|1,318633|0,838333|
Particula Final do melhor global:
0,983281|0,892832|1,619457|0,792407|1,445851|1,494316|0,021017|0,072364|1,092300|1,761322|0,847581|0,950943|1,327825|1,832092|1,062898|0,528214|0,832993|0,896027|1,859690|0,652471|1,043622|1,571782|1,430858|0,409467|0,448498|
A melhor solução desse PSO é:
6 7 23 24 15 19 3 16 10 1 17 11 0 
20 14 8 12 22 4 5 21 2 9 13 18 
Quantidade de trocas de:5,000000
Makespan: 544,000000
