422|496|429|307|380|456|441|477|423|558|403|586|383|413|569|331|380|368|443|427|312|392|367|334|389|474|466|478|369|288|496|499|444|454|346|353|282|390|559|390|323|415|497|536|329|535|448|318|418|339|281|412|377|344|376|350|339|320|562|532|348|396|423|452|393|414|606|458|385|452|429|403|331|272|393|438|396|334|375|264|335|517|440|325|503|509|399|381|313|641|425|377|406|326|319|463|326|312|321|402|467|476|393|444|397|477|512|430|362|564|380|335|581|518|535|365|241|401|377|365|517|361|457|354|515|267|385|501|299|368|329|473|409|441|427|310|439|361|309|412|431|641|451|510|518|333|496|398|413|241|483|480|398|468|354|450|422|365|433|364|340|581|390|452|358|501|365|467|474|453|506|494|447|319|396|537|425|313|369|570|295|488|370|354|361|384|391|285|519|417|376|386|418|442|377|359|408|370|397|493|420|413|531|383|422|400|434|301|404|346|294|448|603|360|474|331|428|324|354|504|381|318|382|392|290|355|385|355|324|328|499|492|309|388|314|347|333|398|465|445|442|393|305|381|294|578|398|487|450|386
233|237|234|240|235|233|249|231|242|221|243|242|217|228|220|224|249|226|227|223|226|239|214|227|232|221|222|232|231|221|219|228|244|235|246|220|222|241|241|234|226|208|208|235|228|214|238|215|234|222|251|219|208|234|234|208|255|224|224|230|239|232|221|242|228|238|239|236|215|231|232|216|232|255|224|228|221|215|231|240|208|245|234|232|237|233|244|228|232|224|231|216|246|253|230|222|226|225|221|219|230|230|229|237|225|236|233|234|232|215|223|224|225|236|228|230|241|234|240|234|208|231|229|232|257|230|225|208|233|221|228|245|221|246|217|239|217|226|221|220|238|221|221|232|247|240|243|218|221|236|208|226|249|236|220|247|221|220|228|240|227|255|223|234|244|226|232|232|235|241|251|227|231|234|241|228|244|244|221|232|239|224|215|229|234|245|239|216|229|226|230|235|233|221|219|231|230|234|247|238|221|231|226|234|246|234|213|233|244|244|234|221|236|215|229|221|231|215|226|234|232|229|237|229|250|242|238|250|218|227|225|238|254|232|237|226|233|221|208|218|225|220|224|231|233|221|228|218|220|215
Iteração que foi encontrado o Melhor Global: 328
Quantas vezes o Melhor Global foi alterado (Lembrando que a verificação na inicialização acumula nesse contador): 11
Particula Inicial do melhor global:
3,699778|2,194459|1,407307|0,241041|3,791986|0,355588|0,674235|3,463737|1,307121|2,697207|1,600728|3,226893|2,311200|1,327938|1,401082|2,901959|2,469415|3,434656|2,136466|1,079609|0,860029|1,063827|1,501232|1,682521|3,726231|
Particula Final do melhor global:
0,247652|1,179663|2,349350|2,205525|3,945385|2,886771|1,791451|2,187781|3,251326|0,607529|3,391976|3,252771|3,211430|0,778154|1,969429|1,865605|3,039181|2,277626|1,928232|2,430115|0,932503|1,492550|0,727318|3,281336|0,106538|
A melhor solução desse PSO é:
24 0 9 22 13 20 
1 21 6 15 18 14 
7 3 17 2 19 5 
16 12 8 11 23 10 4 
Quantidade de trocas de:0,000000
Makespan: 208,000000
