1094|1292|1193|1008|953|1096|1009|1013|1285|1241|1316|977|998|1270|1462|1540|1042|988|1260|1209|1078|1397|1032|1361|1075|1283|1103|1037|1058|1177|1014|1021|1082|1074|962|1136|912|1094|1018|1174|960|866|955|1147|1218|1252|874|1153|1519|978|1336|1052|1133|1246|1100|1025|953|867|1097|1030|889|898|1613|1054|1071|1486|968|1079|1213|887|1398|1179|927|994|1117|860|869|1272|1178|981|1339|1032|1434|1176|1131|1138|1174|1151|1016|874|1242|1197|1061|1590|1343|1040|1410|1084|936|1137|1112|894|1270|1082|1189|1159|955|1160|1334|1440|1033|1024|1347|965|897|1036|1082|1162|954|1081|1034|999|1102|1070|1710|1225|1006|1253|1182|1174|1207|1023|944|1198|1032|1107|981|982|1171|894|1509|1040|1215|1494|1267|993|1154|1199|1001|1111|1493|1405|1271|1104|1095|1275|1233|1172|1229|1122|1061|1283|1202|1505|823|1420|1086|1056|1195|1186|1176|1098|1128|1014|928|1048|1162|1093|1405|1037|1383|1244|1255|1030|1289|968|1111|1143|1261|1140|1427|1121|866|1050|1105|1528|1132|941|1038|1250|1145|980|1282|1153|936|1328|1171|1438|929|1067|1521|1307|1316|1177|1131|909|980|1231|1102|1028|1117|1135|1158|1233|1109|1456|1034|1499|1010|991|1218|1189|1444|918|1020|1388|1019|1126|1587|1097|1136|1127|1148|954|1099|1383|943|1285|947|1343
583|660|664|687|581|619|588|604|582|623|652|582|659|625|600|595|591|581|581|582|621|591|591|582|600|596|582|626|583|591|581|582|582|581|644|619|582|582|583|619|582|596|592|664|600|595|623|590|664|582|581|582|591|673|582|595|598|591|581|664|582|621|582|600|612|583|591|600|591|653|582|582|620|591|581|680|743|596|582|598|582|590|600|616|649|670|582|595|614|583|581|618|619|617|582|581|590|724|590|591|610|617|600|591|591|625|591|581|600|644|582|582|595|633|596|664|583|582|582|615|591|582|590|653|657|612|582|582|583|582|581|582|625|581|581|622|591|595|581|596|583|582|582|596|581|595|622|595|639|582|595|591|631|621|588|581|596|581|679|582|593|581|628|581|582|582|635|653|649|583|582|617|583|582|622|674|591|582|659|581|581|664|600|621|588|590|654|582|595|581|582|582|639|664|582|721|591|627|591|645|583|582|591|623|582|590|581|581|582|582|582|582|590|591|622|617|595|604|582|582|582|582|582|591|631|596|626|582|591|623|664|582|591|582|583|582|605|582|639|650|591|591|654|583|591|582|634|636|591|605
Iteração que foi encontrado o Melhor Global: 429
Quantas vezes o Melhor Global foi alterado (Lembrando que a verificação na inicialização acumula nesse contador): 13
Particula Inicial do melhor global:
1,103389|0,630031|1,144669|1,995822|0,959509|0,903767|0,650302|0,898992|1,769523|1,631200|0,864398|0,526598|1,424531|1,895297|1,600395|0,191666|0,819123|0,861376|0,670972|0,300953|1,795212|0,100868|1,547283|1,300945|0,205462|
Particula Final do melhor global:
0,637279|0,345855|0,307389|0,481980|1,497303|1,167081|0,887711|0,261790|1,281345|0,302155|1,656021|1,478081|0,988305|1,506563|0,829575|0,316504|0,981422|1,779884|0,807585|1,291977|1,417587|0,796586|1,316437|1,806069|0,817201|
A melhor solução desse PSO é:
7 9 2 15 1 3 0 21 18 24 14 6 16 12 
5 8 19 22 20 11 4 13 10 17 23 
Quantidade de trocas de:4,000000
Makespan: 581,000000
