618|1177|904|1038|693|606|1066|645|726|827|813|933|806|752|668|645|529|598|822|741|964|570|737|767|729|699|556|774|1180|694|699|797|822|647|747|709|698|1157|861|638|926|969|782|1220|587|636|744|696|1115|891|861|815|804|655|690|1016|676|763|702|604|1278|972|668|665|804|1094|800|706|856|670|683|674|1050|595|1102|696|607|767|667|1005|762|539|1084|705|713|845|757|748|555|886|951|656|963|846|650|787|1084|1080|792|653|1262|1130|1051|736|837|785|866|826|921|599|794|772|761|574|926|631|811|705|490|886|724|516|696|856|532|839|632|595|837|1243|614|641|611|889|738|599|965|767|660|631|843|921|946|655|913|785|806|1357|709|1086|883|655|830|613|524|664|1057|675|746|696|611|694|1041|605|773|849|619|1087|681|655|625|710|839|643|773|781|628|926|710|856|870|884|979|600|889|815|634|684|670|622|744|773|884|941|712|780|610|532|909|653|917|1116|1003|766|652|710|619|654|822|784|742|1141|743|810|859|705|806|872|846|634|1124|673|886|655|564|835|1058|1216|866|873|762|551|799|754|1098|829|827|802|826|600|920|669|711|881|951|888|605|826|808|557
377|323|449|330|365|330|330|323|443|402|330|347|394|323|323|330|346|348|418|330|409|328|346|323|323|368|323|330|323|470|330|330|323|330|330|393|353|366|387|367|344|430|330|323|343|328|345|330|323|461|330|374|330|330|323|355|415|341|358|330|330|354|348|330|328|346|364|323|348|401|364|330|330|330|379|365|407|369|330|323|415|328|323|369|392|355|323|377|330|330|411|337|330|323|328|406|412|330|344|372|330|323|402|406|330|348|377|427|330|337|381|337|436|323|323|344|330|367|328|339|405|330|401|323|323|323|389|339|356|323|330|423|420|330|330|420|337|409|323|345|393|346|364|330|330|378|348|323|377|330|386|378|346|330|391|330|330|330|364|363|373|323|323|414|337|330|377|341|323|337|371|348|330|384|323|410|468|450|437|323|425|364|330|323|330|330|330|330|410|330|330|323|360|323|330|402|328|390|330|415|330|346|341|337|377|367|330|323|425|372|353|323|374|323|323|377|393|330|326|385|384|323|323|339|371|383|330|330|448|323|348|397|344|323|379|345|330|376|471|323|420|436|389|399|402|371|330|392|426|323
Iteração que foi encontrado o Melhor Global: 398
Quantas vezes o Melhor Global foi alterado (Lembrando que a verificação na inicialização acumula nesse contador): 13
Particula Inicial do melhor global:
2,474740|1,447482|0,939983|1,294061|0,227255|2,001753|2,931690|1,563378|1,554859|1,980989|2,727943|1,402374|2,115826|1,603191|0,651433|1,219610|1,748167|0,048060|2,141717|1,990285|0,135729|0,072157|2,988154|1,987428|1,146515|
Particula Final do melhor global:
0,531129|0,852722|0,695225|2,472275|0,248557|0,587913|0,176647|0,745927|1,709178|0,794013|2,020338|2,995607|1,842297|1,135117|0,474308|1,801938|2,563760|0,566884|2,030005|0,695584|1,374282|2,064073|1,681065|1,396197|2,414109|
A melhor solução desse PSO é:
6 4 14 0 17 5 2 19 7 9 1 
13 20 23 22 8 15 12 
10 18 21 24 3 16 11 
Quantidade de trocas de:1,000000
Makespan: 323,000000
