380|374|365|345|487|313|338|454|320|405|300|353|376|300|332|422|304|263|272|319|317|349|291|256|356|310|395|379|295|565|352|273|422|253|246|336|242|373|306|450|334|359|466|343|297|279|321|309|261|395|274|447|449|466|239|343|322|273|257|313|320|465|332|330|266|384|283|334|268|364|337|344|486|425|262|404|334|364|282|623|369|435|322|316|328|507|293|407|333|505|398|323|306|408|438|349|288|391|373|341|343|377|284|414|367|336|336|351|256|396|357|305|262|301|323|515|489|245|296|537|369|388|323|367|312|329|435|319|479|349|294|491|219|344|430|532|328|472|396|279|380|270|302|295|329|299|383|545|358|351|282|302|372|528|315|319|360|318|500|401|307|350|349|357|362|265|470|344|256|294|383|432|305|419|354|312|295|299|384|316|338|420|403|329|282|272|386|254|312|432|523|286|344|451|442|410|459|328|263|390|271|351|393|496|356|390|313|405|245|404|282|381|363|295|359|311|269|295|348|312|325|253|394|330|266|408|404|307|410|556|480|406|393|443|262|375|415|384|331|336|352|352|365|348|455|246|385|350|438|327
189|202|203|206|193|210|208|209|177|180|204|177|202|206|198|214|195|196|196|226|187|195|194|200|207|192|201|194|180|204|198|208|218|212|217|194|223|211|214|195|177|203|211|182|209|215|195|195|212|201|200|212|213|193|229|177|203|210|197|220|201|180|192|206|177|180|202|189|182|214|209|212|193|218|177|201|219|201|220|211|213|190|196|223|209|192|205|221|204|189|204|217|204|202|197|209|196|201|193|200|192|195|180|226|202|207|186|196|212|204|207|207|203|219|205|209|209|214|177|215|214|212|200|199|195|205|207|198|195|203|187|199|202|209|210|205|208|196|211|182|193|204|200|214|194|180|186|177|206|210|202|205|201|177|218|207|226|214|177|199|196|214|210|177|220|177|216|197|203|200|218|196|209|206|201|220|215|200|183|198|201|216|210|192|201|202|180|213|199|214|199|208|183|184|206|196|211|205|196|200|219|196|179|183|202|201|208|193|215|194|200|207|206|198|209|202|210|216|218|180|201|205|200|199|177|211|201|195|177|197|199|195|197|204|195|199|198|214|211|213|199|206|213|177|191|204|196|177|215|193
Iteração que foi encontrado o Melhor Global: 252
Quantas vezes o Melhor Global foi alterado (Lembrando que a verificação na inicialização acumula nesse contador): 9
Particula Inicial do melhor global:
2,357130|0,602680|2,470550|0,648580|0,462831|3,341332|0,539259|3,599041|2,850456|2,159835|0,088479|2,505375|3,437622|3,129012|1,732046|1,358580|0,387824|2,788480|0,554180|0,172130|2,878963|2,328456|3,956572|3,220511|1,393311|
Particula Final do melhor global:
0,958096|3,665709|1,262929|2,070724|1,459655|1,915083|2,514116|2,396251|1,580179|1,573569|2,299645|3,198526|1,106681|3,075176|2,638995|2,524932|2,319149|0,497193|3,070544|1,181019|0,797908|1,132335|3,079200|0,064681|0,158895|
A melhor solução desse PSO é:
23 24 17 20 0 
12 21 19 2 4 9 8 5 
3 10 16 7 6 15 14 
18 13 22 11 1 
Quantidade de trocas de:1,000000
Makespan: 177,000000
