1493|1386|1190|1734|927|980|1270|1358|1108|1244|1484|1045|951|1653|1628|1418|1069|1151|1032|1151|1140|1050|891|1132|987|1319|1222|1156|1437|1028|1114|1037|1125|1049|1002|1123|1143|1140|1208|1576|1234|1351|1060|1243|1127|1122|1429|1196|1086|1013|1181|984|982|1017|1372|1440|1211|1295|1069|1301|1209|1155|1252|1359|1338|1163|1050|1377|1127|1075|1354|1058|1369|999|1081|973|1247|1121|1572|1014|1108|1184|1192|1000|1461|1367|1035|1263|1228|1057|1097|1210|1462|1061|965|1331|1528|1006|1050|1286|1382|1285|1178|1494|1167|1120|1276|1006|930|1394|1218|1740|1228|1216|1871|1141|1224|1127|1489|1225|1066|1217|1149|1245|1498|1381|1090|1481|970|1193|1282|1298|1701|1348|1010|1250|1208|1636|1753|1554|1529|1169|1340|1687|1476|1147|1343|1303|927|1153|1193|1352|886|1049|1030|2006|1621|1289|1892|1967|1130|1044|1319|1009|1261|1311|1102|1014|1142|1202|1431|1251|1207|1137|1166|1318|1060|1130|1211|1168|1122|1212|1305|1279|1701|1174|1129|1086|1406|1062|1034|1203|1275|1205|1063|1152|952|1078|1548|1094|1459|907|1582|952|1568|1085|1211|1008|951|992|1401|1311|1059|1248|1054|1386|1253|1381|1140|1086|1189|1049|1006|987|1519|1014|1257|1311|1472|1238|1000|1320|1258|1146|1755|1206|1099|1153|1117|1119|1167|1306|1704|1249|1456|1496|1073|1209|1288|958
628|606|617|606|689|606|609|617|606|672|609|677|780|606|714|606|605|632|612|609|606|606|612|609|606|637|699|649|744|616|606|606|609|609|729|613|609|645|644|646|606|609|609|606|609|609|677|609|609|609|735|646|609|612|606|606|630|606|606|677|639|712|652|609|606|643|613|609|612|606|628|606|606|609|606|606|613|675|613|606|609|677|740|609|605|709|609|609|653|614|677|672|606|609|612|620|677|606|607|608|609|609|606|624|657|738|609|606|649|617|609|612|659|609|613|606|643|606|606|607|679|639|606|606|609|606|606|606|606|613|674|682|609|606|612|609|606|649|609|616|738|635|606|616|609|606|609|606|617|609|606|654|635|605|649|609|654|672|619|616|671|605|606|637|609|682|672|676|609|608|651|606|645|606|609|612|649|606|606|799|609|682|682|646|659|606|645|649|613|643|612|609|637|708|612|612|606|606|609|617|631|606|606|609|606|609|673|606|606|617|651|609|637|606|719|609|612|609|609|606|609|609|606|606|671|635|617|606|609|613|608|612|680|605|609|606|606|606|677|609|606|606|632|609|637|644|612|652|606|609
Iteração que foi encontrado o Melhor Global: 924
Quantas vezes o Melhor Global foi alterado (Lembrando que a verificação na inicialização acumula nesse contador): 14
Particula Inicial do melhor global:
1,900207|0,051136|0,744478|0,017266|1,390186|0,214460|0,470407|0,745585|1,305072|1,633921|0,374216|0,492726|0,513739|1,856655|1,790345|1,022940|1,392163|0,319563|1,392520|1,140251|0,390127|1,124018|1,326429|0,503109|1,197078|
Particula Final do melhor global:
1,111316|0,894443|0,381164|0,422833|1,436153|1,320720|1,918787|0,683773|1,637180|0,332432|0,193700|0,507108|1,863570|0,835118|0,898002|1,781061|1,692904|1,227234|0,284998|1,710538|0,648480|1,636868|1,957823|0,845704|1,487377|
A melhor solução desse PSO é:
10 18 9 2 3 11 20 7 13 23 1 14 
0 17 5 4 24 21 8 16 19 15 12 6 22 
Quantidade de trocas de:5,000000
Makespan: 605,000000
