726|986|841|779|1166|885|983|718|865|754|764|892|1125|861|794|804|822|710|811|917|776|963|911|740|808|736|783|937|1079|985|894|882|1109|868|727|780|865|859|1061|1010|871|858|821|784|985|725|834|830|809|1218|937|739|726|1006|852|945|757|910|1133|723|786|775|1404|949|814|669|940|856|621|887|723|808|650|1249|874|811|972|1103|633|808|826|788|922|904|804|813|748|723|856|736|767|799|941|891|686|1010|704|709|775|999|666|957|917|1138|1028|820|589|700|926|1127|856|757|859|763|1046|1109|1018|783|716|823|939|1086|713|868|795|883|954|758|778|840|730|715|842|733|901|917|997|743|752|598|898|831|682|791|1002|782|807|626|819|914|694|798|796|761|1059|836|814|836|887|866|1199|765|754|785|719|1011|801|694|952|961|853|1294|944|1008|766|811|861|787|795|773|683|758|826|610|710|774|682|645|652|739|768|972|1202|840|975|777|882|1017|793|817|853|1038|755|833|784|875|954|859|862|812|654|890|933|855|796|829|1111|861|825|782|792|801|618|903|1050|794|815|864|891|893|1064|1186|976|715|762|1006|1017|680|790|1066|1024|725|883|1014|606|734|659|630|944|816
520|512|445|490|547|450|489|487|498|484|459|475|491|490|445|534|490|445|524|489|512|513|469|513|467|489|468|539|504|491|499|445|469|475|489|495|504|472|483|445|483|477|519|538|478|499|522|480|475|524|464|450|510|490|512|498|477|475|505|445|521|470|467|470|521|534|489|497|446|445|462|492|509|474|514|472|483|489|475|445|520|478|478|492|471|474|467|521|445|514|480|485|492|512|490|499|485|464|484|513|470|497|469|473|512|492|490|480|490|445|489|467|489|515|470|496|534|488|513|502|494|478|445|445|499|483|498|471|483|469|489|467|494|474|489|445|489|475|513|445|508|500|484|468|475|489|488|518|452|469|469|458|539|516|487|473|496|489|494|476|445|445|472|445|504|494|450|469|475|536|489|472|490|473|488|498|469|488|475|445|469|486|473|446|498|474|516|497|526|473|474|484|493|445|445|453|455|445|491|512|478|512|470|512|509|445|461|482|493|473|464|498|492|492|470|516|489|489|518|493|491|493|507|481|483|489|498|513|445|445|506|472|515|515|475|471|479|445|483|472|480|494|475|445|445|493|459|477|529|489
Iteração que foi encontrado o Melhor Global: 303
Quantas vezes o Melhor Global foi alterado (Lembrando que a verificação na inicialização acumula nesse contador): 13
Particula Inicial do melhor global:
0,614655|1,707307|0,290072|1,998896|1,641641|0,789684|0,633937|0,139042|1,134665|1,327726|1,503393|1,004488|1,824441|0,455612|1,921713|0,946391|1,585043|0,471253|1,832045|0,639174|1,464412|0,849724|0,200519|1,324062|0,885046|
Particula Final do melhor global:
1,312463|1,181983|0,655044|0,884784|1,120549|1,050314|0,508551|0,492466|0,835738|1,553203|0,493205|1,843541|0,709270|0,462093|1,750985|1,474296|0,386383|1,537447|0,675188|0,031956|0,906232|1,192076|1,006838|1,481693|1,512189|
A melhor solução desse PSO é:
19 16 13 7 10 6 2 18 12 8 3 20 
22 5 4 1 21 0 15 23 24 17 9 14 11 
Quantidade de trocas de:6,000000
Makespan: 445,000000
