826|384|362|367|429|347|505|416|501|653|463|692|463|384|446|446|392|427|485|357|372|407|371|409|422|340|523|479|346|432|538|329|365|328|432|433|444|392|515|392|427|374|447|528|333|453|335|515|332|448|448|430|348|509|440|390|398|323|379|439|508|586|579|474|471|374|529|434|419|446|363|432|399|401|308|461|425|366|358|609|338|345|509|446|428|398|366|390|462|382|439|365|369|435|390|359|395|397|376|341|500|423|342|595|325|388|373|386|455|338|494|460|352|401|385|435|405|513|332|368|436|412|369|407|870|355|750|507|328|456|444|431|351|340|487|494|576|494|426|393|455|441|422|708|373|336|537|494|328|297|311|404|478|377|425|350|404|405|320|513|519|517|410|564|396|422|323|368|444|556|382|442|436|434|451|359|347|314|394|494|439|446|297|392|478|408|383|508|324|398|489|488|473|441|496|456|348|403|556|365|467|361|406|431|426|437|448|451|453|632|485|434|338|456|384|400|547|496|364|377|427|417|458|398|332|379|455|560|466|626|463|451|416|505|446|568|442|526|371|379|466|426|643|432|456|381|496|362|435|407
246|244|238|262|255|237|210|269|242|238|219|242|249|259|264|238|266|268|233|242|214|215|254|258|270|264|249|213|255|244|229|256|237|273|234|269|274|265|255|210|237|216|258|260|280|273|261|283|239|265|234|223|233|271|255|231|214|246|262|220|239|229|215|234|228|239|270|237|247|230|223|243|224|230|277|257|232|265|286|261|259|233|220|263|243|247|274|241|237|228|233|255|249|270|249|250|268|224|228|255|237|245|263|265|247|229|267|280|210|260|260|271|210|227|230|276|273|223|241|258|250|270|239|233|215|282|217|275|253|237|260|257|225|238|252|236|241|221|268|214|210|284|261|214|256|262|213|233|259|278|252|256|250|235|268|259|248|256|243|225|233|215|229|273|269|259|250|232|255|274|210|245|238|210|256|278|210|270|247|248|230|248|255|272|250|239|224|270|250|246|264|266|264|253|214|210|248|246|248|262|244|244|254|214|247|242|241|253|264|270|242|253|240|262|235|246|214|262|258|210|215|246|246|251|210|262|243|250|214|258|264|210|250|254|262|257|282|266|226|252|247|264|255|251|271|250|232|235|250|256
Iteração que foi encontrado o Melhor Global: 569
Quantas vezes o Melhor Global foi alterado (Lembrando que a verificação na inicialização acumula nesse contador): 19
Particula Inicial do melhor global:
1,698101|0,348101|0,971495|2,380042|1,648092|2,610737|0,932974|1,906074|2,627162|2,500212|3,972448|1,156390|1,029654|1,246360|3,668597|1,795736|3,999475|2,921582|3,447964|2,337281|0,509088|0,168614|1,498146|3,733119|3,965878|
Particula Final do melhor global:
2,802600|3,118128|0,810879|1,751569|2,394381|0,896919|2,334112|1,768427|1,628231|0,501117|2,305466|0,055023|3,095547|0,717236|1,546577|2,329411|2,315989|1,324997|0,782839|3,298765|3,406668|1,542910|2,432544|3,525789|2,539026|
A melhor solução desse PSO é:
11 9 13 18 2 5 
17 21 14 8 3 7 
10 16 15 6 4 22 24 0 
12 1 19 20 23 
Quantidade de trocas de:0,000000
Makespan: 210,000000
