603|659|457|601|621|600|845|775|560|467|777|533|738|608|731|528|879|744|885|682|587|908|739|721|593|835|556|471|831|689|845|846|526|680|650|410|620|686|636|778|382|585|575|984|494|1142|828|758|454|435|563|924|590|468|421|654|471|512|527|498|527|417|738|589|480|527|706|555|746|665|892|669|494|526|735|699|573|764|379|979|616|513|797|816|710|674|505|601|553|655|1101|591|398|770|951|853|768|649|700|942|1030|595|663|611|575|732|678|746|447|823|533|923|631|444|656|501|627|590|531|615|645|769|702|661|786|603|555|621|833|874|1177|527|571|745|765|695|569|444|737|503|451|966|546|820|481|841|919|496|582|612|554|575|629|421|853|690|577|539|520|478|731|499|891|583|647|626|720|763|827|669|577|914|565|728|628|636|1042|751|559|516|478|398|380|686|563|590|670|644|737|516|874|639|515|853|550|678|586|487|753|594|667|629|987|532|629|524|988|526|481|711|854|550|470|568|649|579|590|572|817|1002|497|683|598|841|661|715|598|701|609|517|1245|535|585|788|536|800|574|521|373|858|604|544|512|617|540|481|782|534|1118|638
312|253|258|291|288|221|263|233|257|299|328|297|291|241|319|273|291|278|271|296|223|301|277|271|228|340|300|222|223|221|301|351|251|228|288|309|287|223|223|253|297|295|313|323|277|223|227|223|318|223|247|318|313|264|311|243|282|223|228|223|255|299|279|253|223|276|262|278|228|223|278|261|223|253|268|314|223|278|254|298|223|221|288|276|221|270|271|303|252|258|239|223|254|348|323|221|264|274|223|306|334|227|278|223|234|293|223|287|295|286|223|362|221|314|223|223|278|221|294|223|223|222|249|312|250|270|300|226|285|291|250|269|254|223|259|247|228|243|282|224|246|313|268|282|240|223|245|249|329|256|350|272|221|225|223|279|223|278|228|221|293|267|251|223|290|223|272|223|222|245|294|292|294|279|263|221|228|222|278|229|312|339|273|295|348|223|223|286|326|322|245|221|223|309|279|261|313|268|324|286|323|303|249|327|291|267|279|279|228|285|245|258|341|293|288|290|222|306|236|293|223|228|221|261|258|305|243|241|300|305|241|228|314|221|223|310|260|223|223|223|340|274|300|296|250|223|292|295|223|223
Iteração que foi encontrado o Melhor Global: 730
Quantas vezes o Melhor Global foi alterado (Lembrando que a verificação na inicialização acumula nesse contador): 10
Particula Inicial do melhor global:
3,937186|0,093863|3,815294|3,782085|1,375825|1,050865|2,481427|3,950677|0,348979|2,097443|1,247555|2,002780|3,814422|1,242415|2,638642|3,581900|0,708670|2,144110|2,376659|0,704227|3,370872|0,870084|1,124649|2,007001|3,233552|
Particula Final do melhor global:
0,463253|3,587087|1,668012|3,482542|0,534295|0,936945|2,765501|1,544698|0,444484|2,389127|2,489997|3,004621|1,898851|3,623492|0,638943|1,994757|2,566546|2,075140|3,127638|1,775320|0,424401|2,507541|1,238941|1,411963|2,521064|
A melhor solução desse PSO é:
20 8 0 4 14 5 
22 23 7 2 19 12 15 
17 9 10 21 24 16 6 
11 18 3 1 13 
Quantidade de trocas de:1,000000
Makespan: 221,000000
