398|214|255|338|347|336|400|267|351|394|256|238|323|291|304|365|380|319|327|313|375|283|419|452|250|292|478|410|331|398|312|291|353|402|391|283|424|395|343|307|247|564|450|343|458|322|245|503|346|433|259|317|265|298|334|356|342|278|274|368|244|353|441|386|284|574|264|372|331|331|354|304|448|464|317|359|468|251|355|452|280|350|311|352|318|405|299|384|301|289|336|398|296|315|342|292|393|300|420|266|383|283|325|382|464|463|552|327|293|473|288|399|361|301|496|283|340|330|394|332|365|493|311|371|353|393|320|380|445|462|351|343|401|418|276|336|377|371|352|275|379|266|275|234|505|428|332|459|292|337|325|268|400|252|466|519|421|430|469|368|356|269|241|367|250|346|289|466|316|326|531|355|309|244|429|452|358|397|249|257|261|360|344|356|336|442|328|412|331|281|346|384|313|278|306|396|322|280|336|322|436|294|300|383|498|362|319|311|514|345|424|258|364|328|440|407|337|418|434|358|353|268|575|495|341|324|304|390|519|456|358|291|365|470|356|416|341|352|316|368|373|273|339|589|286|439|340|327|423|297
201|214|213|209|207|211|218|207|209|201|203|211|212|213|204|205|200|211|222|221|215|209|210|216|218|223|208|198|190|182|208|208|207|189|204|208|201|222|217|208|200|188|210|201|212|204|214|209|212|220|213|190|202|204|206|213|207|207|197|215|221|215|208|214|210|205|212|205|217|195|205|212|198|221|189|211|212|219|213|221|198|215|214|202|203|193|212|220|215|195|225|199|217|224|199|222|210|215|217|208|208|206|193|209|192|210|215|211|205|214|207|207|190|211|209|201|206|199|220|210|195|203|207|219|212|211|210|188|211|193|198|209|182|214|220|210|226|216|191|214|203|214|200|219|212|210|199|209|222|220|221|208|222|200|213|203|212|220|199|208|220|205|213|188|210|219|209|208|201|200|203|202|216|224|211|215|211|202|204|194|213|222|214|208|196|182|205|206|208|218|210|211|218|199|207|204|203|210|216|203|212|188|192|213|197|218|194|227|212|203|203|205|222|210|209|188|214|211|206|213|210|210|196|211|221|206|198|211|222|211|211|180|200|212|209|205|208|203|200|208|218|223|217|213|213|206|208|220|205|206
Iteração que foi encontrado o Melhor Global: 858
Quantas vezes o Melhor Global foi alterado (Lembrando que a verificação na inicialização acumula nesse contador): 11
Particula Inicial do melhor global:
2,289054|2,152231|3,011441|3,351292|1,831303|2,706104|2,334121|1,207392|0,313438|0,233765|2,237687|0,136163|0,062040|1,155953|3,778192|1,607283|2,727280|3,941488|2,067182|2,722326|0,079534|3,397464|1,863587|0,624992|3,100438|
Particula Final do melhor global:
1,381603|2,729670|1,268811|0,349165|3,558072|3,133944|1,833556|1,132627|3,034618|3,479486|2,883983|0,329006|2,155509|2,458270|0,077743|1,712581|3,284562|3,211176|0,267971|1,733353|0,475214|2,345208|1,031278|2,095111|0,369739|
A melhor solução desse PSO é:
14 18 11 3 24 20 
22 7 2 0 15 19 6 
23 12 21 13 1 10 
8 5 17 16 9 4 
Quantidade de trocas de:1,000000
Makespan: 180,000000
