607|1417|607|722|853|564|715|872|888|1018|798|519|647|1212|615|962|793|690|996|737|1264|1275|781|707|693|448|789|711|947|905|912|782|658|889|802|805|963|1119|772|1029|532|808|866|844|635|728|1281|903|764|781|693|782|921|855|1471|1238|653|851|980|903|681|812|838|708|706|836|889|1050|630|513|843|625|670|797|636|770|900|916|600|769|1373|760|655|923|1021|468|700|886|1038|853|1022|936|917|778|692|1123|556|1233|1069|633|654|608|659|705|779|773|690|855|809|561|726|1071|993|773|856|822|985|1817|1309|617|1151|642|717|898|707|842|734|643|851|860|817|696|776|956|743|1196|728|902|683|983|655|950|1591|855|803|667|773|787|1078|1410|631|459|935|1012|755|1013|656|1275|598|580|956|1296|689|843|992|1334|796|724|853|763|932|834|1014|707|971|941|613|822|719|772|488|696|1012|652|586|1090|532|836|1049|999|686|691|503|833|523|712|532|1198|952|992|594|737|739|664|789|1061|1024|629|853|588|1044|1145|624|742|756|726|1071|783|1013|796|855|1044|1056|754|702|736|590|609|1007|812|626|793|868|776|910|1120|703|748|564|740|894|919|672|563|981|891|1026|909|660|1169
442|395|390|434|407|395|383|390|283|357|407|332|342|408|269|329|403|421|370|424|332|418|412|395|402|444|434|381|363|379|349|451|329|269|435|464|423|376|379|355|423|404|415|390|332|392|392|449|313|401|403|423|361|395|403|424|367|405|381|351|389|436|391|390|434|391|414|410|400|442|269|411|280|401|425|410|444|404|411|305|349|352|456|381|363|369|349|402|322|406|429|373|364|414|447|390|381|337|389|332|373|408|332|374|380|283|361|315|392|392|349|343|435|373|380|432|435|425|406|458|269|438|404|384|401|358|424|402|422|435|401|412|443|424|283|410|430|356|436|410|418|408|307|394|348|406|386|379|284|364|384|369|310|404|402|396|412|413|373|330|327|425|283|459|332|339|418|405|269|381|422|437|299|392|386|342|387|401|386|283|269|416|461|415|430|409|411|450|339|332|425|348|389|388|411|429|429|424|369|398|269|330|375|418|332|433|340|429|429|395|400|410|417|395|403|327|430|363|299|424|412|432|424|442|409|349|292|404|358|371|412|424|332|426|413|384|308|410|422|394|354|390|337|408|395|367|332|401|298|418
Iteração que foi encontrado o Melhor Global: 786
Quantas vezes o Melhor Global foi alterado (Lembrando que a verificação na inicialização acumula nesse contador): 16
Particula Inicial do melhor global:
0,881449|1,020335|2,578692|0,212433|1,999258|0,386086|0,337719|2,380800|3,584648|3,101362|2,048614|1,406814|3,739697|2,123505|0,150653|3,007561|1,844998|1,589263|1,362872|0,723019|0,629702|3,903255|0,880826|2,511302|1,423957|
Particula Final do melhor global:
0,777354|1,124866|2,359962|3,032434|2,869651|2,423852|0,490333|0,472417|0,932685|2,277063|2,771796|3,103146|0,161908|1,791959|3,855403|1,168792|2,701174|0,502962|1,975385|1,434357|3,155905|1,836949|2,403612|3,466106|3,603880|
A melhor solução desse PSO é:
12 7 6 17 0 8 
1 15 19 13 21 18 
9 2 22 5 16 10 4 
3 11 20 23 24 14 
Quantidade de trocas de:4,000000
Makespan: 269,000000
