442|479|423|344|344|377|333|339|366|311|387|438|398|491|326|334|336|631|317|355|495|478|334|355|620|395|379|415|338|464|464|286|378|408|388|377|404|289|385|446|340|481|356|401|419|481|335|490|446|479|411|383|471|390|296|463|320|508|414|333|330|354|312|382|355|408|515|388|561|431|361|323|356|347|327|350|660|404|331|316|461|532|704|361|399|347|397|375|395|335|403|405|344|382|368|346|391|555|400|382|437|345|440|339|390|469|391|368|454|419|422|401|474|369|330|429|356|458|495|322|381|480|361|392|466|383|401|384|336|320|299|344|374|371|376|348|467|278|306|418|407|423|331|294|350|367|416|328|343|558|388|349|345|450|311|385|395|359|342|446|388|474|492|387|425|317|452|346|483|398|434|394|465|396|415|428|389|425|350|433|494|389|416|283|370|296|401|405|471|516|348|364|453|354|540|462|432|347|313|355|337|309|316|378|497|441|584|433|356|387|379|432|416|588|419|324|386|296|443|338|426|331|346|437|290|423|380|337|344|486|548|370|447|491|330|535|436|343|436|335|303|388|383|463|312|477|416|488|398|542
230|236|251|245|254|235|242|266|253|235|247|250|229|240|230|236|229|229|256|257|243|265|240|258|233|238|243|248|253|254|229|262|252|232|249|255|248|242|234|233|260|229|251|244|246|248|248|241|242|265|263|242|268|242|238|236|258|242|246|260|252|243|251|246|255|254|247|249|251|235|250|231|246|268|260|240|251|242|256|268|243|247|239|233|229|229|249|229|259|259|233|235|236|252|233|241|243|244|241|244|243|259|249|233|235|233|257|243|243|259|229|242|250|252|246|250|242|261|242|239|243|243|251|241|233|262|257|251|260|257|235|229|233|229|253|261|252|249|251|235|259|238|247|257|245|237|233|242|235|248|247|246|233|246|242|244|240|229|257|243|238|238|241|257|255|249|245|229|250|229|246|246|243|244|236|255|247|260|246|242|229|254|236|247|264|235|241|231|255|245|241|246|238|252|244|229|273|264|244|233|260|235|253|229|235|229|246|252|265|257|253|243|241|229|238|257|236|233|246|241|239|229|260|233|251|237|239|229|233|233|238|243|239|247|256|244|248|246|256|230|257|247|230|233|251|251|251|265|244|252
Iteração que foi encontrado o Melhor Global: 438
Quantas vezes o Melhor Global foi alterado (Lembrando que a verificação na inicialização acumula nesse contador): 11
Particula Inicial do melhor global:
2,228956|0,748070|0,315581|0,077880|1,582760|1,729772|1,876387|2,668854|1,800422|1,559800|0,833514|1,559716|0,547592|0,396430|2,033215|2,204723|0,955593|2,416483|0,949982|2,872155|1,749406|1,824056|2,973902|1,242787|1,046269|
Particula Final do melhor global:
1,972143|0,398398|0,428881|0,558960|1,262711|2,277825|0,646224|2,084870|0,782207|2,418985|1,684302|1,088253|1,370068|0,296309|2,397947|1,167455|1,332491|2,085760|2,515393|1,701566|2,559421|0,818823|1,995837|0,621073|1,927764|
A melhor solução desse PSO é:
13 1 2 3 23 6 8 21 
11 15 4 16 12 10 19 24 0 22 
7 17 5 14 9 18 20 
Quantidade de trocas de:4,000000
Makespan: 229,000000
