509|490|626|474|498|334|421|542|331|625|401|437|387|448|332|402|405|540|391|466|382|461|540|376|288|501|364|424|388|362|707|457|527|434|603|560|531|586|599|725|468|413|365|439|457|433|366|541|688|581|544|585|416|556|429|449|644|395|339|418|318|605|491|715|388|521|281|338|400|433|369|785|685|505|451|519|651|341|369|511|384|380|429|382|453|433|398|348|380|370|520|333|432|530|687|459|410|769|364|454|421|431|487|460|484|651|386|532|353|734|311|633|404|504|535|514|324|559|292|402|767|358|375|390|540|663|413|636|493|883|493|333|458|495|583|468|603|485|466|351|357|528|552|580|494|439|468|584|539|441|475|481|398|690|458|465|423|488|682|490|375|549|435|372|544|393|462|555|305|434|382|401|551|560|461|396|691|295|516|429|408|327|654|480|817|373|389|748|562|524|483|469|362|583|955|555|344|383|368|310|537|474|372|509|585|648|624|551|477|401|339|497|495|487|370|519|675|363|388|409|585|468|476|471|795|537|637|363|306|658|388|317|398|541|450|504|579|485|466|724|583|362|651|685|364|455|625|513|413|493
229|198|180|156|201|161|236|214|192|157|213|197|173|165|162|193|197|191|233|184|163|197|171|156|187|186|180|202|156|204|164|200|208|202|156|212|161|198|221|180|238|187|204|176|160|246|161|227|156|171|160|163|219|247|168|156|185|183|175|161|170|209|198|205|226|163|189|168|199|157|194|160|201|208|187|157|168|161|215|159|194|233|161|185|160|235|193|193|163|199|158|163|171|186|168|171|194|162|208|222|222|188|156|163|209|201|156|162|170|219|183|191|158|195|173|249|158|189|223|163|195|205|171|212|188|211|181|158|170|160|160|212|158|182|183|201|160|156|162|226|199|233|196|179|173|198|177|174|237|158|198|177|156|230|214|187|224|181|160|163|186|160|163|224|222|156|163|198|160|156|209|186|191|204|170|168|244|198|223|195|162|156|162|182|202|234|158|156|158|181|168|179|201|186|209|158|198|196|212|215|156|179|179|208|249|175|161|167|178|170|193|179|183|201|164|194|163|161|164|164|220|173|160|173|191|233|188|202|196|156|218|184|163|205|197|160|180|158|178|198|156|156|158|215|156|156|190|180|167|172
Iteração que foi encontrado o Melhor Global: 199
Quantas vezes o Melhor Global foi alterado (Lembrando que a verificação na inicialização acumula nesse contador): 13
Particula Inicial do melhor global:
3,065999|3,854238|3,293396|1,911944|3,441427|0,091026|3,812784|1,682781|1,457800|0,159810|0,660905|2,730391|0,853388|1,728773|2,795506|1,013725|3,613144|2,465107|0,007452|2,373994|3,585046|3,710831|2,847959|2,860391|2,292588|
Particula Final do melhor global:
0,405517|2,256133|1,839456|1,772923|1,399425|1,423456|3,471926|2,377406|3,290437|0,571967|1,437165|3,498487|0,110932|0,305871|2,471252|2,753730|2,997580|2,432086|0,671658|1,437707|3,769674|2,998568|3,095137|1,588887|0,409984|
A melhor solução desse PSO é:
12 13 0 24 9 18 
4 5 10 19 23 3 2 
1 7 17 14 15 16 21 
22 8 6 11 20 
Quantidade de trocas de:0,000000
Makespan: 156,000000
