1051|579|384|516|557|537|931|737|528|602|446|803|713|889|714|487|340|492|477|774|786|511|437|606|387|544|493|415|610|532|733|477|917|539|504|676|408|789|703|883|646|697|564|485|665|478|586|660|751|716|519|558|572|550|437|583|559|389|389|568|353|680|523|660|499|457|784|601|639|488|984|472|508|544|736|680|658|799|760|615|560|479|566|457|660|535|493|477|718|451|469|559|592|457|638|507|619|521|586|654|682|515|569|514|611|538|448|555|488|486|818|585|430|761|807|582|458|573|404|887|733|587|579|611|786|531|455|394|610|676|636|591|505|727|570|441|1275|458|452|455|488|443|708|553|574|642|948|542|775|734|646|740|543|682|381|645|654|467|804|569|618|815|644|613|490|448|702|550|688|502|583|553|485|735|550|445|490|633|647|387|598|604|491|797|405|730|730|751|507|612|496|516|719|575|337|665|521|534|537|722|513|392|658|516|731|556|405|605|632|553|475|691|852|629|356|583|466|433|545|613|459|454|481|441|567|659|587|655|457|608|429|406|569|481|495|425|688|698|562|496|676|452|1058|694|483|1018|552|576|428|755
275|311|219|328|271|269|310|293|299|219|262|242|236|241|316|237|250|252|279|269|219|306|278|305|275|285|219|260|286|244|253|295|274|250|276|224|315|219|303|219|250|273|219|219|293|237|247|219|272|215|237|219|244|271|286|306|259|266|219|296|289|272|242|270|219|303|271|228|219|219|219|237|302|219|304|272|215|268|290|282|219|290|250|219|308|250|268|245|283|298|268|248|236|301|272|263|253|283|219|216|281|219|280|272|289|274|287|269|318|237|250|344|275|289|311|241|294|269|295|247|291|272|219|281|274|261|299|322|291|272|224|303|257|275|269|286|266|283|265|241|275|244|272|219|242|290|244|248|253|237|293|297|219|219|279|287|300|268|263|265|268|258|275|308|309|262|253|244|285|244|268|250|263|278|241|328|304|272|219|278|258|219|250|219|250|246|277|244|219|267|298|273|237|330|299|219|287|274|336|250|227|306|289|266|219|312|250|237|269|244|255|272|219|305|219|274|292|219|272|219|237|279|317|219|250|290|293|306|305|281|280|272|250|291|306|237|326|270|306|279|319|250|276|291|333|252|315|267|311|219
Iteração que foi encontrado o Melhor Global: 929
Quantas vezes o Melhor Global foi alterado (Lembrando que a verificação na inicialização acumula nesse contador): 15
Particula Inicial do melhor global:
0,846256|3,681289|2,796843|0,919640|0,682859|3,836136|3,982850|3,287898|1,670663|3,334316|0,890643|1,048597|3,767284|0,065092|1,187067|3,995397|2,152097|2,282023|3,044004|2,683578|2,443497|3,603535|0,418750|3,423216|0,693262|
Particula Final do melhor global:
0,971584|1,976771|3,133598|3,464804|3,382578|2,751447|2,849238|3,473592|1,224659|0,641642|0,172479|0,290037|1,877544|0,597128|2,121028|1,277835|1,688779|2,208164|3,823941|2,983433|0,893280|2,559604|2,355557|2,996830|1,230627|
A melhor solução desse PSO é:
10 11 13 9 20 0 
8 24 15 16 12 1 
14 17 22 21 5 6 19 23 
2 4 3 7 18 
Quantidade de trocas de:3,000000
Makespan: 215,000000
