1137|1367|881|1666|1474|973|918|1167|875|863|826|1008|856|874|1175|1170|980|1101|1083|971|1058|979|960|912|946|1034|1120|1054|1143|940|1056|1192|774|1100|1225|1235|1024|1077|895|936|972|1255|1154|1088|925|1146|1091|1212|935|1052|1186|996|1119|943|888|1112|766|937|1613|971|1320|927|1057|1266|987|962|941|994|1004|911|994|1189|1313|1019|1167|856|1110|867|1401|1218|985|769|915|1218|1119|1074|1487|1368|787|1146|1140|920|964|1872|902|1349|1782|986|1212|1220|1017|1040|953|1122|993|1262|934|1246|909|1054|847|918|1548|1493|1455|913|815|1093|690|970|1075|1101|932|1630|1263|870|1023|775|1037|942|925|923|1007|1277|1164|1175|1204|845|1001|1104|1040|1249|1743|974|1221|1054|1019|962|855|1218|1293|783|1165|1064|1123|1244|753|924|1211|1029|826|986|894|1029|1078|1420|1248|1332|954|950|856|1053|1246|918|875|1085|1011|1545|786|688|1103|1194|1065|1083|1221|1677|858|940|1168|1399|993|889|1059|934|859|963|847|720|1064|911|984|1036|893|1469|1263|1221|1070|785|876|994|1285|845|1104|1067|975|993|1158|1160|1135|1250|1126|877|964|1243|814|947|1065|1013|1027|911|825|1320|1116|1004|1399|777|864|930|1322|970|1018|942|820|1421|813|1044|1009|1430|848|1287
538|550|456|517|628|531|497|541|547|556|517|584|625|468|460|480|470|460|468|460|552|480|479|526|461|531|470|537|522|491|475|562|569|539|468|475|572|460|524|475|524|470|460|460|538|460|507|573|460|539|542|460|531|460|548|456|485|538|464|593|475|578|491|497|504|587|494|572|485|544|470|531|629|542|557|600|566|456|470|456|496|538|460|460|575|456|513|642|492|496|522|604|600|621|553|485|475|485|513|470|460|470|507|470|531|470|521|556|491|534|497|480|470|468|537|485|601|475|625|554|574|456|461|461|491|578|572|539|551|460|468|485|533|592|586|516|470|522|470|516|567|604|460|498|642|535|465|496|456|494|480|538|547|524|499|536|460|456|470|522|541|468|582|475|638|576|486|470|475|460|468|460|615|468|468|605|470|496|470|470|456|551|456|505|479|504|468|460|460|602|511|631|456|470|460|575|515|585|540|488|468|468|560|582|531|491|603|501|494|581|460|514|465|456|475|524|527|549|460|475|468|486|502|470|540|563|474|539|547|456|485|580|456|475|460|555|468|533|475|461|580|465|556|561|475|554|470|543|491|480
Iteração que foi encontrado o Melhor Global: 547
Quantas vezes o Melhor Global foi alterado (Lembrando que a verificação na inicialização acumula nesse contador): 18
Particula Inicial do melhor global:
2,947076|1,107363|1,168825|0,084456|1,508565|2,841106|2,886329|2,646816|0,384490|0,270828|0,779697|1,066073|2,027906|1,408489|1,346335|0,151649|0,072970|2,163661|0,767366|0,985096|0,243934|0,237118|1,770143|1,819990|1,921621|
Particula Final do melhor global:
2,242478|0,467108|0,682945|2,134542|1,290825|0,692802|0,872311|2,164910|2,297111|0,718264|1,092613|1,135789|2,852447|2,664725|0,808252|1,998881|0,492349|0,451470|1,489075|2,155259|1,487445|2,274107|1,072864|0,971502|1,785762|
A melhor solução desse PSO é:
17 1 16 2 5 9 14 6 23 
22 10 11 4 20 18 24 15 
3 19 7 0 21 8 13 12 
Quantidade de trocas de:8,000000
Makespan: 456,000000
