563|1228|475|920|475|547|672|720|649|582|799|488|776|596|795|426|783|651|549|705|596|874|618|633|634|868|589|999|606|789|558|1043|502|527|529|426|819|476|790|563|660|544|516|838|633|708|766|944|661|559|712|723|523|673|502|606|572|534|688|868|530|665|599|463|815|1023|882|467|422|611|486|637|400|604|542|842|572|785|398|455|559|798|721|1039|896|506|493|875|731|697|391|467|732|563|697|633|714|514|641|553|618|633|611|545|591|600|470|791|540|485|775|1034|482|494|818|518|905|769|638|584|612|475|556|559|667|739|444|469|547|542|468|546|837|723|572|603|636|647|546|939|851|820|1057|542|513|453|663|488|705|597|923|504|558|633|664|521|755|978|512|862|661|525|762|486|520|759|422|541|674|797|734|670|497|619|1154|500|728|490|674|785|712|478|719|836|510|569|525|956|600|647|513|869|878|501|627|546|579|520|615|642|484|531|640|857|543|573|950|700|618|586|830|577|488|517|898|849|669|485|707|611|642|786|592|490|608|931|676|543|747|653|879|745|538|675|587|682|692|639|727|529|434|940|623|677|835|707|809|810|745|480
309|214|260|306|291|248|216|222|258|293|214|348|214|283|214|295|260|316|327|300|214|319|214|214|236|349|280|214|248|339|292|256|214|234|274|293|294|289|274|214|280|251|290|214|326|326|242|259|214|253|265|269|214|214|214|253|315|236|275|302|308|281|256|244|247|289|214|282|301|252|293|327|338|253|317|214|288|306|297|243|289|277|238|248|279|305|245|285|214|316|212|234|248|228|290|284|260|272|291|211|259|283|272|209|209|222|243|282|282|291|260|313|266|262|222|261|214|214|238|214|256|214|316|260|273|316|252|248|240|232|288|283|250|256|274|256|249|216|260|213|260|211|214|275|310|297|294|243|243|294|248|283|214|236|232|262|260|274|214|208|214|214|236|245|214|263|214|352|238|251|214|259|214|214|256|258|214|214|211|299|276|258|214|243|288|240|291|288|236|236|222|289|271|347|214|214|301|214|227|274|291|256|238|214|247|286|311|214|238|214|317|297|313|211|214|260|210|236|296|318|223|281|214|214|258|276|236|282|310|214|242|275|236|294|222|207|263|214|216|283|305|289|272|247|214|236|236|258|227|214
Iteração que foi encontrado o Melhor Global: 969
Quantas vezes o Melhor Global foi alterado (Lembrando que a verificação na inicialização acumula nesse contador): 15
Particula Inicial do melhor global:
2,141116|2,910410|0,660673|2,173818|3,344043|1,653261|0,005578|1,915397|3,433344|1,044625|2,913109|1,844954|0,837974|2,331000|2,252023|2,078794|3,587085|1,484982|3,502167|3,490349|1,178512|1,321326|1,739547|2,069669|1,333720|
Particula Final do melhor global:
0,487378|2,727236|1,657094|2,089143|2,942045|3,414898|1,867407|0,543536|2,058326|3,400568|2,420893|1,555596|0,252090|1,108808|3,180244|0,495451|0,839443|2,685633|3,449399|2,014682|3,786673|1,714426|3,512014|1,954116|0,430929|
A melhor solução desse PSO é:
12 24 0 15 7 16 
13 11 2 21 6 23 
19 8 3 10 17 1 4 
14 9 5 18 22 20 
Quantidade de trocas de:0,000000
Makespan: 207,000000
