1064|1203|1079|1228|1014|1228|1102|1110|1025|1075|1013|927|981|915|1279|781|1100|826|1353|924|1114|861|866|1165|1126|1220|1065|917|1536|814|875|850|1114|1034|1255|958|1164|1020|800|822|1068|1128|1196|1311|1290|1161|1381|1251|1349|1013|922|1699|1213|851|1019|844|1716|816|1089|1289|843|1273|899|914|1032|844|1090|1201|1001|1045|805|1072|937|992|1326|1034|1177|1124|1197|1146|861|1025|1374|1521|1150|1463|1208|889|1733|1405|1533|1201|896|1543|916|1183|921|1031|1129|1041|1045|1131|994|888|1414|1045|903|1643|778|1008|1145|1158|1010|787|818|1387|784|1119|1384|997|979|889|1247|970|1245|867|1369|1253|1338|1073|862|1116|1021|901|968|1001|1135|1059|1778|980|1137|969|1433|1168|1370|892|834|1105|1163|851|1376|776|1565|864|1072|1656|1236|1223|1155|992|1035|910|1092|947|955|1336|1121|1132|1190|749|1152|1018|1236|879|864|983|820|1248|1157|725|677|888|1460|1239|1187|1168|968|979|1141|1321|948|1025|1269|1130|1294|1153|954|1206|1012|1437|927|1439|1337|976|991|970|960|1328|1311|735|1099|1052|726|1075|989|1391|1057|936|1017|913|1368|908|1293|1129|1076|1352|939|822|886|1428|1076|710|1396|1067|894|1481|1218|1070|1322|1175|873|981|1085|1027|1001|1389|1166|735|1177|919
494|538|527|498|608|538|492|549|550|505|487|492|597|492|538|634|487|538|554|496|587|513|559|513|569|527|547|564|505|492|487|538|565|491|536|538|507|494|526|509|596|625|599|507|609|573|609|492|574|584|528|594|514|519|562|505|547|578|580|597|544|503|505|498|541|547|487|492|566|538|574|538|531|487|544|479|536|538|492|496|532|508|541|528|588|572|505|603|494|538|505|514|607|513|603|560|498|613|487|519|554|587|571|569|547|579|566|538|538|586|547|640|589|563|534|492|514|487|492|538|595|617|555|529|605|545|487|594|556|494|505|538|606|541|538|501|487|493|610|546|567|487|584|577|559|579|555|538|635|599|487|591|612|510|492|577|502|538|543|601|525|566|492|538|487|568|535|617|492|538|548|608|538|601|550|492|614|535|552|513|498|538|494|576|624|541|549|665|560|529|493|653|548|566|513|487|593|538|526|586|627|569|507|532|492|487|598|505|570|615|566|593|638|534|538|607|498|549|580|527|494|562|538|548|580|577|547|600|602|487|580|581|594|608|528|591|503|492|515|548|555|487|536|611|535|546|492|487|538|618
Iteração que foi encontrado o Melhor Global: 984
Quantas vezes o Melhor Global foi alterado (Lembrando que a verificação na inicialização acumula nesse contador): 14
Particula Inicial do melhor global:
1,853848|2,845270|2,486348|0,857314|2,029167|0,695655|0,015706|0,006128|1,506637|2,943154|2,628195|1,483057|1,647290|2,061233|1,321370|0,835556|0,715796|1,922737|2,864745|2,236533|1,506594|1,658649|2,862890|2,982413|2,410764|
Particula Final do melhor global:
0,837257|2,496174|1,113231|0,136901|1,144453|1,889944|1,293278|0,983240|0,024617|1,518335|1,452599|2,153204|0,974836|1,977052|2,783604|1,142868|0,362152|0,914118|2,687364|1,684320|0,870324|2,534051|1,977909|2,266537|2,493846|
A melhor solução desse PSO é:
8 3 16 0 20 17 12 7 
2 15 4 6 10 9 19 5 13 22 
11 23 24 1 21 18 14 
Quantidade de trocas de:9,000000
Makespan: 479,000000
