540|262|305|422|535|369|350|391|418|323|322|335|457|284|456|496|356|388|362|575|320|312|360|407|317|441|444|416|422|388|352|467|297|327|302|477|428|400|281|366|311|396|698|354|396|326|324|441|488|528|363|422|457|417|460|418|448|410|424|371|332|492|311|354|547|291|364|462|422|395|328|573|382|323|275|403|498|334|400|402|370|350|270|321|341|319|447|311|361|543|293|290|309|359|661|427|470|395|369|520|380|500|413|365|443|315|559|493|379|406|336|290|354|338|378|524|370|465|443|390|491|260|489|270|361|470|679|554|329|415|362|451|382|420|453|421|619|325|398|484|449|346|412|662|280|453|432|395|390|460|432|387|512|306|381|413|325|332|473|309|296|393|547|339|328|401|334|425|389|319|312|306|366|293|418|522|408|400|530|436|441|276|693|508|338|356|367|443|478|545|338|388|369|369|332|318|517|343|568|403|416|373|518|436|345|441|323|369|397|475|449|314|351|335|264|492|413|322|368|587|475|651|442|525|322|391|358|300|380|331|286|411|397|351|356|498|444|291|390|376|349|460|446|474|424|351|316|401|415|341
223|219|243|238|217|233|229|216|215|238|215|242|230|222|238|217|229|218|225|243|213|232|231|217|240|207|217|238|215|217|212|244|217|251|253|215|246|219|242|220|217|227|241|250|219|246|234|226|241|230|226|239|231|241|235|220|230|226|242|224|228|217|230|217|239|219|225|222|217|239|245|248|229|233|228|234|229|236|225|217|217|222|242|246|239|238|234|236|235|248|226|245|225|228|228|233|229|217|243|243|236|217|231|239|217|232|233|234|238|238|219|243|227|230|233|249|225|220|217|229|241|223|234|249|210|211|249|238|220|246|238|226|227|225|210|240|240|237|235|225|214|230|257|231|230|233|217|210|219|238|222|216|229|238|217|228|252|229|210|229|225|226|236|217|223|225|245|215|222|232|217|240|223|228|238|222|221|217|212|229|217|246|210|217|224|239|218|217|231|235|243|234|232|227|230|228|212|229|217|237|234|213|217|222|228|223|229|234|212|224|216|246|234|234|225|221|210|210|229|249|210|231|243|243|242|241|231|232|247|235|238|245|230|232|236|218|217|228|217|231|217|233|234|217|217|242|218|223|231|217
Iteração que foi encontrado o Melhor Global: 939
Quantas vezes o Melhor Global foi alterado (Lembrando que a verificação na inicialização acumula nesse contador): 7
Particula Inicial do melhor global:
0,870861|1,894131|0,813791|2,787672|1,567579|1,979568|0,820267|2,394081|1,045276|3,906861|2,048054|1,858002|3,106487|1,121081|3,840842|1,310111|0,245813|0,878679|3,366805|0,204090|3,231482|3,251308|1,247562|0,600357|1,280803|
Particula Final do melhor global:
1,141364|1,929345|0,640194|0,005054|3,433747|3,101300|1,211535|2,275682|3,451551|2,964688|3,798215|1,113710|3,166278|0,222029|0,640860|2,517291|2,444777|0,790891|2,856786|3,474195|2,556106|2,124680|1,562739|3,009532|2,155228|
A melhor solução desse PSO é:
3 13 2 14 17 
11 0 6 22 1 
21 24 7 16 15 20 18 9 
23 5 12 4 8 19 10 
Quantidade de trocas de:0,000000
Makespan: 207,000000
