577|471|765|491|552|514|567|647|371|476|754|400|594|646|526|524|380|720|433|533|626|664|645|760|567|442|962|366|551|485|465|519|621|391|466|492|673|539|891|584|545|608|562|516|482|951|477|410|487|784|518|460|534|451|790|481|435|462|452|728|396|704|728|596|708|495|519|507|779|565|487|766|604|628|554|684|495|529|588|407|461|925|803|659|548|475|460|491|815|483|492|676|595|637|697|553|998|514|573|699|635|464|424|599|625|435|720|592|551|832|627|426|708|506|563|521|615|533|535|536|484|576|391|691|524|691|580|693|747|738|592|890|476|355|572|679|777|541|494|558|644|621|415|465|580|528|403|610|659|381|660|503|527|866|601|574|462|676|459|682|610|599|690|433|598|729|508|517|458|389|742|898|1071|414|926|415|628|477|466|517|466|434|465|564|594|624|489|548|460|775|515|388|414|610|604|519|481|743|919|496|652|631|359|512|416|773|448|849|467|559|479|489|487|625|481|541|895|362|533|434|586|448|633|717|709|740|454|568|810|532|509|544|690|537|460|879|559|946|420|622|466|504|536|510|512|532|794|404|544|410
302|307|296|232|288|256|228|297|277|231|298|234|300|264|295|297|309|306|279|309|271|232|333|257|261|248|276|228|228|233|232|311|288|313|272|318|309|283|328|239|234|234|302|234|238|306|246|229|287|282|232|311|229|285|269|320|256|301|229|307|234|305|302|288|274|309|308|327|309|235|284|229|228|229|242|228|242|225|242|308|274|242|228|304|291|269|310|316|314|304|263|285|319|271|307|228|317|229|229|267|305|277|284|232|285|321|232|315|300|294|307|309|300|232|228|266|229|289|228|288|303|321|229|229|233|232|277|269|294|277|293|260|229|232|297|229|313|293|323|330|243|258|294|281|283|285|314|313|307|267|223|298|258|234|308|320|285|278|248|319|301|287|228|320|229|234|277|330|291|317|228|273|257|229|283|281|270|272|268|290|229|231|305|302|263|323|280|307|281|302|290|286|276|291|228|275|244|312|274|228|229|234|322|296|233|323|325|229|249|321|327|296|281|294|246|263|290|266|282|305|270|229|229|289|290|264|233|282|234|283|295|279|276|229|286|279|293|308|229|233|325|284|317|305|274|274|307|228|322|317
Iteração que foi encontrado o Melhor Global: 914
Quantas vezes o Melhor Global foi alterado (Lembrando que a verificação na inicialização acumula nesse contador): 17
Particula Inicial do melhor global:
2,126440|0,311547|1,622867|3,837883|2,595126|3,152420|3,631157|3,681232|2,710676|1,126948|0,216344|3,322407|1,739395|3,836544|0,818250|2,684747|1,760245|2,086579|3,286917|2,677484|0,432425|3,046262|2,063546|1,818224|1,113981|
Particula Final do melhor global:
0,586335|0,669558|2,791518|3,145325|1,437318|2,801335|1,318476|3,724706|0,830014|0,846637|2,453897|1,681550|3,791653|0,716082|0,588601|2,580106|1,011617|2,219561|3,145163|2,927965|1,950994|3,321572|0,305276|3,495092|2,385020|
A melhor solução desse PSO é:
22 0 14 1 13 8 9 
16 6 4 11 20 
17 24 10 15 2 5 19 
18 3 21 23 7 12 
Quantidade de trocas de:4,000000
Makespan: 223,000000
