547|584|527|472|490|536|971|727|741|392|894|526|613|567|425|619|836|438|702|396|438|514|595|773|446|593|441|577|571|743|604|857|464|462|722|499|837|506|506|419|434|586|453|610|417|550|489|486|669|652|776|557|550|580|806|636|535|847|838|603|448|655|577|748|630|838|712|770|546|585|429|850|435|666|611|346|819|479|569|624|585|661|579|558|461|525|447|626|581|653|795|840|543|707|538|453|468|905|787|892|839|597|963|447|512|478|850|485|578|656|523|556|392|580|443|687|454|482|513|535|585|816|717|486|490|428|769|586|616|678|644|590|399|858|391|753|580|792|544|604|623|579|538|573|487|519|918|589|573|661|615|497|577|596|911|517|674|736|413|597|471|602|576|488|551|525|594|618|539|485|477|633|459|901|581|605|388|404|667|575|652|579|462|387|485|516|411|463|569|471|455|723|579|575|635|630|694|706|590|728|411|440|476|640|664|579|448|892|526|477|596|568|572|692|836|411|513|618|590|902|540|386|621|620|432|551|473|640|558|802|498|461|515|459|793|496|668|435|395|403|644|672|511|711|559|458|534|478|598|663
318|324|302|343|309|316|314|325|307|340|293|317|250|313|302|303|325|326|300|328|299|323|322|278|287|275|271|324|308|318|300|285|314|315|301|301|297|310|312|297|250|300|301|287|336|250|295|318|266|281|250|289|317|304|298|284|250|303|313|307|293|291|280|285|311|333|270|301|318|291|323|278|312|329|267|307|300|293|302|307|278|327|290|297|250|250|290|284|306|248|302|313|305|288|309|309|312|301|292|317|282|322|293|320|294|338|301|256|304|252|316|289|319|299|256|329|232|296|290|325|333|303|307|326|288|300|338|297|314|302|315|278|323|232|315|299|322|287|305|296|272|277|294|279|256|289|287|266|305|294|292|280|313|307|283|303|334|294|296|276|294|325|342|294|322|271|277|322|326|300|322|306|311|295|321|277|326|250|306|271|326|307|250|313|330|334|315|323|325|311|313|301|329|328|276|302|260|275|320|314|324|315|294|296|256|277|327|250|309|266|315|323|308|303|301|325|303|317|279|308|280|317|325|275|283|322|298|278|325|336|328|343|263|322|280|298|297|346|306|307|289|267|256|317|262|333|308|239|280|250
Iteração que foi encontrado o Melhor Global: 488
Quantas vezes o Melhor Global foi alterado (Lembrando que a verificação na inicialização acumula nesse contador): 8
Particula Inicial do melhor global:
2,065264|1,493245|0,420027|2,573760|2,289730|2,522542|2,546570|3,843275|3,340848|0,229007|2,437483|2,787714|2,206143|1,157825|1,259783|3,561378|0,317148|3,779933|2,224008|2,395229|2,171179|3,516663|3,602428|0,443886|1,648151|
Particula Final do melhor global:
0,845992|2,736391|2,157454|0,184559|2,281824|1,416804|1,683285|2,274670|0,961888|3,528354|3,002540|0,541286|1,040702|2,406599|0,273472|0,526885|2,234615|1,859436|3,423861|1,836534|3,509982|1,145440|3,142144|1,015781|0,219683|
A melhor solução desse PSO é:
3 24 14 15 11 0 8 
23 12 21 5 6 19 17 
2 16 7 4 13 1 
10 22 18 20 9 
Quantidade de trocas de:4,000000
Makespan: 232,000000
