989|601|595|549|539|510|746|685|770|661|626|684|535|519|805|918|528|500|557|743|475|476|655|409|476|402|685|425|504|389|548|439|647|579|681|440|644|790|554|627|615|708|450|547|560|513|666|718|565|504|449|629|566|702|459|458|564|428|669|368|476|569|400|466|509|598|467|616|639|677|772|574|727|633|442|637|638|680|428|622|560|557|481|598|506|724|772|553|762|572|477|537|724|766|745|640|479|722|801|546|507|397|441|408|813|627|544|596|672|535|758|454|573|626|463|645|655|333|521|449|715|536|532|616|488|882|1026|584|494|368|751|883|497|507|629|551|723|377|567|479|674|446|527|460|799|533|643|470|540|598|656|514|727|518|485|520|955|489|400|605|634|433|527|379|823|608|439|391|571|555|428|410|379|616|691|725|572|461|578|565|692|411|503|482|503|766|814|590|508|655|437|549|666|510|612|541|573|575|644|497|541|397|393|559|559|405|705|676|609|514|618|521|761|630|503|626|564|435|452|414|711|320|534|621|571|633|817|415|496|455|497|568|882|449|641|400|646|876|816|737|745|526|562|644|407|527|444|454|574|597
276|285|307|304|311|313|234|269|307|320|294|293|266|303|310|263|313|302|305|298|272|270|306|288|314|290|319|246|329|275|237|293|293|309|323|327|237|330|276|338|299|293|308|301|269|304|248|281|339|337|320|311|263|317|307|287|289|301|320|279|305|301|318|297|309|314|277|312|306|322|311|302|274|344|319|282|294|285|321|322|329|336|312|314|290|295|326|296|309|323|305|304|237|248|297|298|278|308|280|321|328|310|248|311|318|312|309|248|304|320|298|285|310|330|253|257|268|333|282|284|281|281|284|322|323|283|261|286|305|289|315|311|308|324|312|248|302|310|273|293|256|315|302|312|304|312|317|257|258|286|319|324|282|289|305|248|303|306|324|303|294|274|305|322|306|322|288|302|282|301|278|303|305|256|285|307|330|314|330|293|265|318|290|273|290|258|296|290|316|304|335|266|279|337|267|278|245|280|303|308|308|312|317|312|319|248|286|298|323|285|283|256|273|298|258|328|256|287|306|294|341|292|268|299|314|316|287|264|298|307|294|313|309|317|290|289|294|300|285|234|316|325|340|286|240|313|256|292|255|283
Iteração que foi encontrado o Melhor Global: 744
Quantas vezes o Melhor Global foi alterado (Lembrando que a verificação na inicialização acumula nesse contador): 12
Particula Inicial do melhor global:
0,821992|2,007544|2,457148|0,355882|0,780975|2,029463|2,691114|3,395360|2,754563|0,939826|2,181666|1,111250|0,895641|0,007565|0,231627|0,854436|3,818287|0,790640|0,686950|2,200836|3,692596|1,593143|1,003634|3,026943|3,071886|
Particula Final do melhor global:
1,003678|3,761572|3,190418|0,259062|1,563369|0,615519|2,015779|1,217772|1,552690|3,805782|0,600952|1,659110|0,336142|3,375787|2,708309|2,050759|3,634884|2,948835|0,576381|2,903368|2,874276|2,771611|1,254112|1,553420|2,966608|
A melhor solução desse PSO é:
3 12 18 10 5 
0 7 22 8 23 4 11 
6 15 14 21 20 19 17 24 
2 13 16 1 9 
Quantidade de trocas de:4,000000
Makespan: 234,000000
