2106|1381|1193|1266|1029|1760|1453|1678|1141|1439|1339|1361|1313|1448|1488|1348|1390|1453|1467|1461|1423|1670|1402|1122|1185|1559|1029|1928|1092|1209|1649|1484|1207|1335|1113|1402|1399|1324|1317|1259|1178|1066|1178|1307|1372|1534|1418|1440|1611|2095|1066|1514|1239|1464|1848|1481|1159|1188|1016|1203|1570|1349|1771|1440|1463|1098|1400|1315|1077|1217|1362|1569|1481|1184|1326|1248|1731|1420|1240|1246|1014|1343|1330|1988|1503|1336|1144|1000|1620|1424|1361|1303|1196|1179|1303|1697|1448|1422|1309|1519|1342|1218|1378|1816|2022|1477|1364|1361|1507|1595|1604|1142|1118|1008|1120|1241|1555|1404|1176|1322|1538|1320|1134|1037|1229|1191|1541|1667|1660|1224|1082|1238|1351|1338|1624|1363|1450|1204|1983|1437|1070|1307|1193|1563|1156|1119|1406|1226|1611|1278|1568|1813|1577|1518|1595|1529|1134|1096|1191|1587|1258|1150|1425|1142|1566|1880|1341|1340|1007|1029|1075|1316|1977|1078|1952|1659|1236|1240|1503|1247|1656|1319|1500|1178|1110|1233|1844|1213|1464|1249|1456|1714|1349|1300|1152|1334|1762|1450|1314|1590|1156|1193|1235|1092|1291|1566|1411|1434|1395|1775|1784|1161|1239|1139|1727|1267|1253|1331|1318|1801|1314|1509|1400|1456|1293|1546|1444|1535|1287|1252|1523|1868|1320|1403|1325|1199|1072|1420|1201|1778|1082|1065|1449|1371|1708|1456|1648|1474|1259|1135
780|861|689|830|827|734|794|821|688|829|762|818|735|794|800|833|713|675|842|688|786|846|745|771|872|755|788|737|752|832|756|743|759|794|688|688|790|743|825|779|752|786|776|786|757|786|686|787|753|877|821|789|754|759|855|763|800|815|871|753|814|688|743|802|774|754|801|850|688|813|753|845|788|775|822|787|785|795|819|675|675|793|765|798|790|784|796|688|871|767|768|801|761|791|846|753|774|760|758|803|802|677|688|697|764|732|805|784|848|706|756|799|735|689|733|739|735|799|828|759|752|796|677|686|823|750|784|865|807|739|798|735|732|772|753|688|783|770|772|753|768|781|839|750|734|697|789|824|697|732|691|794|791|757|792|787|688|784|860|829|834|762|743|677|799|751|820|798|760|688|756|800|688|785|756|776|889|765|767|790|743|771|750|756|832|675|833|686|787|743|831|830|789|789|743|737|821|824|810|688|896|735|736|688|833|791|726|824|734|796|824|791|887|810|783|686|742|806|811|737|732|855|792|760|756|813|688|743|762|716|807|733|890|805|675|762|828|736|861|838|688|796|794|785|736|688|830|753|756|820
Iteração que foi encontrado o Melhor Global: 802
Quantas vezes o Melhor Global foi alterado (Lembrando que a verificação na inicialização acumula nesse contador): 13
Particula Inicial do melhor global:
0,553855|0,519079|1,534043|1,979553|1,756319|1,682983|1,148842|0,052486|0,987418|0,584929|0,791099|1,574865|0,735703|0,915606|1,844754|1,613944|1,865527|1,156972|0,807782|1,294215|0,043251|0,558767|0,941632|1,292010|0,538267|
Particula Final do melhor global:
1,400140|1,348473|1,741014|1,141972|0,675650|0,950237|0,990342|1,045438|0,375567|1,588518|1,190023|0,793859|1,615920|1,146831|0,891021|1,811503|0,800907|0,558208|0,589113|0,571595|0,953661|0,278696|1,011163|0,409789|1,961442|
A melhor solução desse PSO é:
21 8 23 17 19 18 4 11 16 14 5 20 6 
22 7 3 13 10 1 0 9 12 2 15 24 
Quantidade de trocas de:9,000000
Makespan: 675,000000
