676|570|590|651|614|939|587|613|867|908|701|694|658|616|740|635|648|844|649|892|897|811|654|679|533|718|678|771|794|526|648|506|847|918|529|512|615|715|729|523|868|693|785|711|633|922|702|603|656|704|965|490|759|869|1296|543|571|544|523|593|590|710|772|808|540|771|671|740|735|687|704|637|529|635|662|561|679|625|841|926|591|812|692|625|642|888|817|966|520|554|936|784|603|596|699|1046|988|836|834|706|664|678|877|1213|525|562|805|565|570|781|531|970|738|623|708|501|722|603|999|585|1012|521|717|828|935|755|805|445|516|541|554|578|698|627|875|621|812|1019|757|899|555|905|849|690|630|685|619|901|740|840|585|927|594|564|521|720|652|722|496|771|693|782|604|919|567|653|586|572|624|540|706|910|547|530|752|643|460|697|910|680|596|797|899|730|650|542|643|674|605|582|854|961|903|703|620|687|600|660|843|1005|539|772|528|705|736|567|678|822|554|951|604|860|654|658|828|836|652|520|572|778|770|735|530|713|530|709|944|621|856|685|767|569|531|676|740|661|547|630|864|610|406|615|686|698|871|439|655|485|476|868
265|193|324|278|193|193|271|258|208|193|193|284|193|193|271|196|202|193|193|193|193|193|193|271|252|274|250|196|240|193|193|193|193|356|193|293|193|274|193|331|193|285|193|268|264|193|306|193|270|193|258|220|193|193|285|249|271|193|193|193|193|241|271|193|233|193|193|193|193|194|276|193|304|193|193|193|193|193|193|193|193|326|325|326|224|319|193|325|193|193|193|234|285|196|193|193|193|267|309|273|193|275|193|315|193|193|230|271|193|244|193|271|255|193|193|321|288|193|271|193|344|248|403|193|258|245|193|237|193|271|230|290|193|271|193|272|321|250|271|287|193|193|336|255|193|274|270|193|257|193|193|265|256|329|303|193|193|277|193|215|193|261|196|250|292|193|225|193|306|305|193|193|272|285|193|309|193|275|193|194|237|193|307|351|328|193|193|193|353|345|317|193|193|271|224|193|289|271|301|193|193|240|262|271|201|193|193|193|342|197|225|287|236|193|193|218|193|225|290|311|271|193|257|261|214|250|196|197|283|193|271|193|271|283|193|193|388|271|202|193|193|304|257|367|223|194|283|343|193|283
Iteração que foi encontrado o Melhor Global: 198
Quantas vezes o Melhor Global foi alterado (Lembrando que a verificação na inicialização acumula nesse contador): 13
Particula Inicial do melhor global:
0,988569|2,343760|2,853934|1,263528|1,801700|0,951449|1,587584|0,302126|0,105302|2,297424|2,561754|0,832765|1,813860|2,064978|1,491871|0,374835|0,307936|0,873460|1,351365|0,064292|1,843921|2,723296|0,703213|1,841815|2,922328|
Particula Final do melhor global:
1,704117|2,539253|0,221543|2,568736|1,545273|2,497065|1,005562|0,931403|1,645980|0,797368|0,964025|2,794841|1,487331|2,423183|2,696633|1,156793|1,860996|1,925288|0,094134|0,999861|2,561994|0,143957|0,862818|2,446383|1,099820|
A melhor solução desse PSO é:
18 21 2 9 22 7 10 19 
6 24 15 12 4 8 0 16 17 
13 23 5 1 20 3 14 11 
Quantidade de trocas de:0,000000
Makespan: 193,000000
