508|705|580|494|424|546|630|670|715|600|643|518|550|439|697|587|476|586|484|431|561|409|550|472|653|580|697|494|735|469|447|565|442|590|759|471|700|739|608|842|592|486|456|470|655|634|534|499|700|713|564|542|749|414|436|513|655|533|711|520|724|592|412|535|519|527|507|497|758|486|916|484|519|537|639|459|570|475|664|723|530|635|529|642|866|442|624|642|696|820|505|563|638|410|506|630|475|593|534|474|641|668|711|460|639|464|685|530|709|615|581|476|653|622|459|681|547|1097|532|606|912|505|503|559|615|569|497|556|619|526|686|589|472|600|440|471|692|574|446|599|714|620|570|643|640|659|708|647|647|491|601|625|621|524|466|647|828|527|524|579|462|575|707|705|563|879|559|577|698|554|782|775|629|811|459|683|674|699|457|457|528|504|590|369|559|679|542|468|568|727|489|652|440|458|887|654|725|560|493|467|490|492|463|587|634|479|437|431|577|465|535|406|516|595|530|528|508|845|591|619|602|651|502|599|667|513|586|545|584|641|875|429|701|678|481|553|448|484|647|803|508|490|396|701|785|594|675|590|614|502
305|334|298|305|325|300|289|313|347|347|336|313|324|330|314|297|345|312|307|304|333|316|295|361|304|318|325|305|332|324|304|280|316|295|342|312|334|314|345|317|313|341|380|281|314|313|294|297|314|316|344|313|314|277|340|335|315|280|325|332|328|343|307|314|315|320|305|352|323|334|322|297|323|277|313|367|314|327|327|305|313|298|299|316|282|281|304|323|333|304|313|333|303|277|335|300|334|309|298|282|282|323|309|281|295|308|337|350|328|319|313|367|320|315|282|280|349|316|314|343|341|313|310|310|299|317|295|325|298|334|315|313|337|326|344|287|298|281|280|319|323|312|326|313|327|344|323|313|322|304|327|324|359|304|275|336|332|313|280|337|326|328|324|315|275|332|335|356|345|276|309|294|281|314|314|341|275|314|313|304|281|293|338|280|281|344|318|314|318|346|316|361|281|313|280|334|344|331|337|334|321|313|282|365|284|317|297|324|323|315|346|314|277|336|307|315|296|339|292|325|313|311|295|296|322|346|282|323|318|336|293|307|343|306|280|314|304|316|302|315|300|281|332|325|330|308|316|327|343|311
Iteração que foi encontrado o Melhor Global: 775
Quantas vezes o Melhor Global foi alterado (Lembrando que a verificação na inicialização acumula nesse contador): 15
Particula Inicial do melhor global:
0,449063|0,305981|2,999792|1,296404|1,951581|2,168926|2,946262|2,945673|0,224389|0,255099|2,816237|0,220167|1,222502|1,819320|2,722390|0,271620|0,488128|1,068845|0,568397|0,694179|0,677964|0,207831|2,229387|1,795380|1,839290|
Particula Final do melhor global:
1,752438|0,928967|0,791746|0,332546|1,423525|2,273693|2,453090|2,625701|1,385267|1,814458|0,009992|1,681918|0,664232|0,716470|2,842684|0,139894|1,570668|2,321095|2,466150|2,189349|2,886211|1,237416|2,859301|2,105495|0,177522|
A melhor solução desse PSO é:
10 15 24 3 12 13 2 1 
21 8 4 16 11 0 9 
23 19 5 17 6 18 7 14 22 20 
Quantidade de trocas de:6,000000
Makespan: 275,000000
