862|747|781|780|907|682|1153|795|591|1121|689|697|819|679|795|858|653|860|812|722|1100|803|699|643|934|821|644|577|744|960|783|803|781|861|859|557|792|937|920|703|857|887|645|783|790|629|512|535|1052|498|650|654|623|776|639|917|897|738|569|664|563|885|730|584|712|708|821|781|583|713|693|787|778|702|1192|608|598|759|1056|661|925|919|940|552|866|594|1302|800|829|782|738|970|666|875|742|665|627|688|1216|733|643|644|812|634|1036|665|807|893|567|889|808|783|707|651|804|924|582|769|919|765|797|909|1063|592|672|962|663|644|1046|652|1258|614|693|836|742|884|661|713|871|1023|721|763|619|839|885|709|913|653|767|711|955|893|1251|881|701|872|917|652|721|1642|870|924|718|808|733|672|829|1051|679|814|634|985|725|968|830|1096|1028|994|790|651|762|839|1094|875|1015|773|666|1032|797|973|827|710|789|1182|993|733|497|727|833|552|728|1354|927|612|925|847|912|607|734|660|757|577|611|877|789|613|1059|631|715|851|746|693|963|598|642|586|763|873|570|781|671|818|764|910|777|869|919|953|966|794|679|633|634|815|722|1155|774|754|1118|729
329|369|329|404|429|371|341|477|366|331|365|380|342|393|368|367|329|331|375|377|331|365|331|359|329|370|331|342|340|389|432|365|433|357|329|351|329|329|331|386|380|331|331|346|424|331|363|329|352|329|339|352|401|329|388|366|333|329|329|331|375|331|371|331|380|329|331|442|401|418|386|363|329|331|346|406|344|463|356|396|399|354|438|361|329|350|331|374|367|429|367|331|340|405|350|373|329|331|331|397|407|329|352|355|365|329|329|403|341|342|329|405|377|364|329|406|329|450|397|379|380|329|331|386|331|430|371|412|344|452|331|422|410|329|331|339|410|329|329|331|406|352|329|369|329|415|385|331|380|384|388|329|434|417|432|331|407|329|340|398|331|363|352|340|341|386|337|402|388|331|393|329|331|407|345|341|331|367|359|363|331|331|329|362|368|357|388|365|417|424|331|331|329|329|419|329|331|331|346|366|373|371|329|353|337|340|331|331|405|388|329|500|342|331|329|411|394|357|329|406|329|353|354|331|382|367|374|352|329|353|374|418|335|401|388|329|331|354|331|361|331|331|382|411|399|337|331|423|441|331
Iteração que foi encontrado o Melhor Global: 581
Quantas vezes o Melhor Global foi alterado (Lembrando que a verificação na inicialização acumula nesse contador): 20
Particula Inicial do melhor global:
1,241748|2,824897|2,579139|1,587653|0,550114|1,012932|0,946994|2,230637|1,021276|0,790469|0,421404|1,290079|0,709311|0,857243|2,099682|2,682702|0,679314|2,970320|1,514021|1,782105|2,696609|0,197988|2,717983|2,697708|1,653945|
Particula Final do melhor global:
0,523732|2,928848|2,574494|2,977612|2,429432|1,410987|0,936921|0,882288|1,637200|2,680507|1,157334|1,235786|0,098653|1,151722|2,364308|0,844588|0,515740|1,516670|0,723662|2,609553|1,311443|0,732280|1,552885|2,720908|0,874156|
A melhor solução desse PSO é:
12 16 0 18 21 15 24 7 6 
13 10 11 20 5 17 22 8 
14 4 2 19 9 23 1 3 
Quantidade de trocas de:0,000000
Makespan: 329,000000
