807|886|844|816|628|962|971|627|939|1058|1388|777|679|723|902|988|1375|1073|785|659|799|931|860|697|736|1153|702|1071|1066|634|1281|1146|832|978|1012|937|659|536|1012|846|844|877|870|767|1232|832|1160|1319|1229|720|750|720|710|659|778|1289|1370|755|907|1117|1223|873|948|730|609|902|766|989|507|1096|1015|953|928|1176|883|895|733|710|773|1005|710|1077|933|758|973|990|993|916|757|940|867|721|622|618|716|1062|803|1585|642|676|731|687|970|910|812|780|585|731|659|716|930|652|679|1006|696|1152|631|695|988|607|907|887|660|699|781|1069|753|764|761|884|844|975|748|950|1076|674|954|1214|831|802|806|798|1279|1353|1014|776|702|702|1048|807|884|854|708|767|873|624|867|661|961|850|777|883|835|983|603|741|716|609|832|584|691|680|809|754|796|770|943|1294|1141|931|1358|778|705|1096|564|772|908|954|692|766|642|631|1227|1182|802|1339|1018|809|857|1076|565|1167|796|686|1156|623|1251|767|891|893|796|915|918|745|1361|721|664|984|844|797|1245|1213|813|808|681|756|707|757|550|820|803|763|914|749|934|1060|661|756|1197|1070|1056|670|1134|735|1071|741|748|744|1058|770
421|450|369|493|428|441|373|482|423|404|425|400|373|478|503|366|371|496|447|401|409|433|443|484|373|414|470|434|384|366|391|446|456|460|467|454|420|487|373|369|463|408|418|433|431|416|432|520|465|506|373|409|508|371|446|369|427|369|432|373|454|401|448|406|425|428|373|424|502|449|369|479|466|434|430|473|369|466|451|372|428|398|426|387|505|406|373|458|373|369|462|443|434|434|383|434|503|458|479|481|432|369|438|432|443|478|479|420|519|438|406|439|405|369|369|455|461|480|429|454|470|407|454|423|374|370|428|446|472|428|449|391|388|369|449|483|477|369|411|421|481|373|470|417|430|415|445|514|399|446|389|469|435|375|449|481|401|472|466|364|446|398|394|450|471|437|505|465|373|400|463|391|444|457|369|468|443|401|425|463|427|373|428|459|464|442|475|366|461|400|459|447|366|461|369|389|472|400|369|460|442|391|406|374|422|463|415|441|365|481|462|420|423|371|464|450|495|406|432|485|416|447|404|420|389|470|415|424|428|457|429|456|373|373|389|476|371|437|423|489|441|444|484|405|425|414|496|414|453|446
Iteração que foi encontrado o Melhor Global: 837
Quantas vezes o Melhor Global foi alterado (Lembrando que a verificação na inicialização acumula nesse contador): 10
Particula Inicial do melhor global:
3,702721|0,639761|1,578921|3,748095|3,012183|3,748014|0,788394|2,528369|3,099539|1,290159|1,748185|3,961984|1,968987|3,192000|0,188916|0,175545|2,266057|0,437451|2,981267|1,995150|1,792385|0,623119|2,123908|0,702214|3,107742|
Particula Final do melhor global:
0,969982|0,644874|2,207306|1,653091|3,315629|3,190547|0,387013|1,832565|2,621921|0,069307|3,748620|1,219931|2,351370|1,323840|0,990005|0,724198|1,572563|2,507615|0,799324|0,032939|3,780694|3,284075|2,431494|3,096806|2,834799|
A melhor solução desse PSO é:
19 9 6 1 15 18 0 14 
11 13 16 3 7 
2 12 22 17 8 24 
23 5 21 4 10 20 
Quantidade de trocas de:9,000000
Makespan: 364,000000
