390|347|422|453|319|462|351|420|585|323|403|378|304|310|281|433|411|328|498|352|443|355|327|312|485|432|341|335|378|425|563|372|473|401|375|361|340|642|409|381|418|477|472|409|389|328|390|399|359|383|429|363|452|334|411|383|491|342|497|390|399|310|308|336|384|353|360|360|445|406|428|440|416|308|322|350|565|436|399|294|448|555|295|403|295|364|362|480|331|437|371|372|509|364|435|398|541|410|478|439|370|321|301|325|328|311|387|272|336|373|389|389|400|344|386|290|324|344|418|501|343|338|411|327|341|298|346|363|324|357|302|412|362|365|374|335|484|406|412|309|440|371|336|482|376|560|319|361|349|467|349|335|338|523|508|365|366|301|349|513|338|396|439|454|358|371|332|374|468|398|378|383|314|288|424|381|394|399|368|282|433|319|383|374|500|589|423|405|539|372|351|426|328|302|588|435|298|342|406|463|403|389|340|378|366|510|421|602|434|288|547|360|337|409|369|330|352|305|328|632|472|362|329|412|571|393|466|408|358|329|491|448|343|323|468|278|432|376|438|311|313|488|338|450|465|345|302|443|367|477
248|243|251|256|247|257|236|244|236|245|245|239|239|239|254|245|234|257|244|249|245|246|255|259|243|230|251|255|249|248|246|244|237|248|254|242|255|241|261|255|236|244|260|252|237|252|238|238|240|231|255|246|253|232|256|249|244|254|246|251|229|257|240|250|238|252|252|252|243|247|246|242|243|261|259|238|241|236|246|249|235|242|245|229|244|250|240|245|260|239|247|246|257|246|233|249|242|257|262|258|247|241|244|240|242|260|252|244|240|236|262|257|236|249|242|241|246|254|243|251|240|263|242|233|251|254|256|252|247|252|238|248|237|254|251|244|264|247|249|246|229|244|269|241|233|256|237|242|250|250|230|241|261|233|247|255|248|263|252|252|254|248|240|236|236|250|239|249|248|243|260|249|245|246|242|241|243|243|244|246|236|253|239|241|249|254|245|248|239|240|246|244|255|253|256|236|253|250|236|251|236|243|249|245|243|237|254|248|258|233|251|230|240|251|251|242|245|243|262|241|251|257|250|242|261|234|239|246|247|236|229|236|260|251|240|240|243|244|253|255|256|246|264|244|251|232|254|239|246|237
Iteração que foi encontrado o Melhor Global: 643
Quantas vezes o Melhor Global foi alterado (Lembrando que a verificação na inicialização acumula nesse contador): 10
Particula Inicial do melhor global:
1,275515|2,199364|3,078485|0,173677|0,203590|2,143588|2,968431|3,215918|0,453883|0,754682|2,776311|2,060752|1,075174|0,709795|3,209586|3,812592|0,910942|2,075967|3,674236|3,474596|1,171479|2,863921|0,099725|0,427317|0,164382|
Particula Final do melhor global:
1,057694|0,783292|0,680675|0,667779|2,459531|1,238881|3,329571|3,484121|3,688782|2,561810|2,563249|3,411800|2,171750|1,371984|1,548782|2,738537|1,951183|2,815276|0,889761|1,886901|2,273020|3,146099|0,916209|3,594176|0,653543|
A melhor solução desse PSO é:
24 3 2 1 18 22 
0 5 13 14 19 16 
12 20 4 9 10 15 17 
21 6 11 7 23 8 
Quantidade de trocas de:2,000000
Makespan: 229,000000
