913|1099|935|1139|1198|1123|1035|949|975|1518|1283|1307|1246|1820|997|1003|1061|1200|977|1526|1182|1091|1091|1321|1059|1191|1155|1159|1215|1421|1089|1092|965|1447|1053|896|983|1384|965|975|1256|1091|1044|1088|1225|1451|1251|1080|989|943|1084|1348|1374|1060|979|1319|898|1011|1316|1194|1237|1782|1016|1094|858|1085|1430|1034|1006|1339|1555|1011|974|828|986|868|1116|1100|1311|1037|963|955|1031|1047|1051|980|826|1485|1110|1213|1348|1160|962|1002|1546|1033|1441|851|1189|1518|1111|1182|1170|1374|1335|1311|1130|856|1102|1366|963|1241|1076|837|1333|1083|919|996|1096|1154|1017|1331|1177|979|1064|1037|1232|1480|901|986|1186|1272|997|911|1133|932|927|1442|951|1213|1217|1170|1077|879|997|1267|1195|1090|898|1403|1129|1285|1341|876|1245|1214|1284|975|978|1504|1226|1077|1050|1255|974|1091|1114|1635|1289|1275|1418|1354|944|1242|1132|1095|959|912|1130|1202|1006|1081|1297|982|1072|1042|1056|1052|1040|1187|1494|1141|1568|1271|1162|1356|1079|1350|1179|1007|1140|1227|1067|1486|1396|1198|1146|981|1215|1454|1024|910|1238|857|1262|1040|1121|879|959|1183|1064|1060|1229|783|1017|1267|855|1091|1030|1386|1183|1207|1020|1155|928|1225|1249|1036|1109|1258|1057|1236|1010|1017|1003|1117|1015|1048|1463|1018
595|616|614|581|619|626|581|581|651|585|614|581|612|581|581|581|585|621|581|683|581|581|581|581|581|614|581|652|581|581|593|581|581|599|627|581|581|581|581|581|621|581|614|581|614|620|683|581|581|621|581|581|581|581|581|581|625|581|614|581|581|581|581|583|581|618|581|597|597|581|583|593|581|581|581|597|581|625|625|581|581|581|626|581|597|582|581|581|581|585|581|581|664|581|583|581|618|583|621|581|581|581|581|594|581|657|581|581|612|581|653|581|581|581|610|581|614|581|633|581|581|597|585|599|581|629|581|581|581|614|661|581|581|625|625|581|581|581|581|650|581|633|583|581|615|678|581|616|583|581|619|653|614|581|581|581|581|581|581|597|581|583|581|581|652|581|581|581|581|581|581|597|581|582|614|581|624|627|597|581|583|628|581|581|614|595|583|614|599|581|614|674|614|612|601|581|614|583|581|581|581|581|621|625|621|621|581|601|581|621|581|581|614|581|581|595|581|581|583|614|581|625|581|581|581|612|581|616|581|621|597|621|581|581|581|621|581|582|581|581|581|581|651|581|581|621|642|597|583|581
Iteração que foi encontrado o Melhor Global: 104
Quantas vezes o Melhor Global foi alterado (Lembrando que a verificação na inicialização acumula nesse contador): 12
Particula Inicial do melhor global:
0,013593|1,469790|1,824867|1,276983|1,325449|1,021476|1,730474|0,178668|1,795274|1,535085|0,454537|1,890411|1,226392|1,590301|0,353664|0,484296|1,928992|1,185729|0,572734|1,967345|1,160468|1,173504|0,412175|1,996205|1,434466|
Particula Final do melhor global:
1,829200|1,174724|0,449631|0,959164|0,309365|0,603947|1,650475|1,898297|0,097243|0,726409|0,662094|1,049206|1,159402|0,154897|0,056180|1,396280|1,553542|0,592081|1,140225|0,342489|1,214206|1,740195|1,068099|0,454693|1,351781|
A melhor solução desse PSO é:
14 8 13 4 19 2 23 17 5 10 9 3 
11 22 18 12 1 20 24 15 16 6 21 0 7 
Quantidade de trocas de:4,000000
Makespan: 581,000000
