777|590|808|711|661|899|579|656|863|527|745|768|517|652|506|505|875|921|618|661|510|851|740|572|975|557|643|682|814|737|931|733|978|942|713|687|852|652|550|796|731|590|592|499|835|632|763|832|780|679|697|547|717|688|777|976|445|655|593|909|725|704|775|622|884|955|940|617|950|462|746|575|648|645|452|801|652|620|692|645|723|755|1011|1004|806|767|567|509|837|869|721|537|1103|633|960|679|784|720|612|681|768|605|893|520|624|1004|724|591|762|639|524|932|780|786|515|544|486|676|636|896|1014|558|562|631|659|775|602|863|973|838|492|530|740|1044|812|843|715|461|626|635|720|570|576|617|808|549|688|777|532|485|928|923|931|646|610|615|459|884|575|1063|699|603|765|701|633|838|554|965|600|955|494|764|789|827|655|873|812|695|701|479|675|638|795|482|499|569|532|554|736|657|802|751|972|641|636|912|485|675|631|835|532|813|759|637|817|768|839|629|979|985|815|584|817|742|590|864|616|725|578|606|915|660|948|647|476|619|837|535|666|592|609|619|581|697|546|548|864|672|699|857|850|690|666|645|676|723|687|746|817|748
193|334|219|226|260|225|288|305|329|219|275|307|241|349|326|277|290|276|302|193|305|193|366|351|358|241|270|333|234|339|220|293|298|315|329|257|250|193|232|250|256|219|253|266|313|220|314|254|355|193|345|276|375|309|300|338|253|304|330|193|219|260|290|266|302|269|297|250|356|366|230|193|304|241|308|314|291|251|274|350|249|276|227|252|260|250|247|193|298|254|350|281|333|257|294|193|317|227|193|193|365|266|330|193|365|305|282|254|193|302|279|193|343|254|338|296|312|345|283|243|369|282|300|363|306|328|243|301|193|260|307|232|347|290|324|295|237|276|370|313|225|346|224|255|296|345|324|281|225|220|341|226|320|226|276|225|193|345|349|323|344|298|304|274|234|274|314|193|219|227|266|298|353|228|261|281|226|356|303|244|291|250|255|251|298|315|320|267|290|270|289|303|322|225|224|263|250|290|353|348|270|277|331|276|361|227|230|283|276|324|303|354|257|251|225|261|273|333|389|228|261|308|193|297|309|265|236|304|289|280|305|224|295|298|257|257|314|303|366|225|347|290|251|226|295|349|307|321|274|232
Iteração que foi encontrado o Melhor Global: 348
Quantas vezes o Melhor Global foi alterado (Lembrando que a verificação na inicialização acumula nesse contador): 21
Particula Inicial do melhor global:
0,434187|1,407484|0,495746|1,506836|0,576254|0,870704|2,517730|0,973157|1,891236|1,737437|2,687780|0,188818|0,331711|1,869135|2,732466|0,497206|2,010708|2,709392|1,362054|1,882816|1,445990|1,000097|2,549491|1,262304|2,975772|
Particula Final do melhor global:
2,837334|1,454247|2,268287|1,031321|2,181419|1,317040|0,185650|2,923244|2,276387|0,178752|0,760350|1,549350|0,521024|1,595150|1,020680|0,558772|2,888655|2,480999|0,734639|0,046553|1,625541|0,759837|0,021774|1,401861|2,158456|
A melhor solução desse PSO é:
22 19 9 6 12 15 18 21 10 
14 3 5 23 1 11 13 20 
24 4 2 8 17 0 16 7 
Quantidade de trocas de:0,000000
Makespan: 193,000000
