1142|1714|1092|1881|1167|1395|1363|1367|1262|1233|1484|1158|1229|1227|1242|1052|1101|1450|1468|1522|1763|997|1217|1216|1510|1299|1186|1234|1416|1375|1238|1181|1246|1410|1460|1424|1344|1430|1242|1431|1477|1272|1479|1460|1112|1225|1058|1192|1108|1611|1270|1449|1545|1269|1146|1356|1170|1408|1125|1364|1335|1668|1119|1272|1436|1189|1231|1262|1689|1785|1340|1651|1177|1223|1266|1419|1231|1044|1449|1274|1233|1037|1327|1159|1097|1242|1058|1228|1198|1272|1346|1090|1215|1207|1147|1072|1909|1409|1591|1377|1210|1861|1103|1468|1246|1156|1499|1319|1291|1666|1220|1726|1214|1259|1314|1300|1557|1591|1306|1167|1229|1335|1389|1362|1538|1093|1310|1483|1427|1632|1625|1870|1061|1349|1603|1338|1282|1292|1143|1655|1761|1734|1301|1323|1125|1301|1400|1205|1357|1239|1375|1234|1284|1444|1519|1091|1316|1373|1148|1110|1210|1324|1154|1084|1666|1238|1456|1098|1380|1421|1287|1614|1350|1261|1233|1040|1354|1367|1258|1147|1205|1596|1374|1182|1774|1267|1276|1294|1125|1616|1099|1211|958|1438|1281|1280|1150|1409|1239|1516|1299|1073|1056|1235|1386|1694|1171|1411|1140|1223|1308|1611|2110|1192|990|1133|1641|1191|1232|1303|1066|1732|1122|1099|1520|1291|1220|1140|1636|1400|1267|1348|1154|1092|1392|1445|933|1239|1810|1718|1244|1140|1405|1654|1089|1358|1570|1123|1396|2065
747|650|685|656|715|649|890|649|718|656|735|724|753|649|698|649|649|707|826|649|752|707|649|684|643|649|682|771|695|656|649|649|734|735|649|636|649|627|848|708|749|649|724|649|649|656|724|717|705|842|649|801|724|883|649|755|721|649|656|649|687|633|759|649|649|752|627|627|633|763|649|702|649|657|656|649|649|796|633|649|743|758|718|649|752|750|726|649|721|668|798|754|748|649|686|793|649|787|694|760|633|649|716|649|633|649|656|750|649|740|781|755|649|649|627|650|649|656|691|650|662|653|834|666|771|633|656|812|656|656|740|822|707|785|743|765|656|627|633|758|716|656|649|656|649|633|656|649|656|734|682|656|704|707|649|717|684|775|759|649|707|750|785|737|649|649|652|656|682|707|754|720|751|752|649|730|649|718|682|649|649|725|757|703|690|714|649|724|649|682|752|657|718|633|656|760|777|842|755|785|633|722|656|696|649|627|633|762|649|702|649|649|643|715|707|649|651|633|669|656|636|649|679|713|819|627|649|649|649|696|707|717|649|779|777|819|649|808|684|633|776|752|856|697|752|781|712|760|649|716
Iteração que foi encontrado o Melhor Global: 849
Quantas vezes o Melhor Global foi alterado (Lembrando que a verificação na inicialização acumula nesse contador): 12
Particula Inicial do melhor global:
1,936988|0,796664|1,509266|0,485503|0,234174|1,458676|0,794090|1,682023|1,431532|0,004735|1,142479|1,890839|0,235431|0,099523|0,192215|1,525539|0,934000|1,706757|1,220686|0,204561|0,066855|1,078692|0,936931|0,888911|1,262904|
Particula Final do melhor global:
0,583895|1,722516|1,504690|1,251212|1,730591|1,416856|0,431333|1,554814|0,012087|0,594417|1,221333|0,673328|0,301094|1,745893|0,396092|1,093499|0,711225|1,598006|0,483939|0,061356|0,878168|0,022954|0,913428|1,590886|1,469459|
A melhor solução desse PSO é:
8 21 19 12 14 6 18 0 9 11 16 20 22 
15 10 3 5 24 2 7 23 17 1 4 13 
Quantidade de trocas de:8,000000
Makespan: 627,000000
