1145|1616|1280|1267|1211|1020|1168|1533|1043|1486|1004|942|1255|1432|1133|1421|1447|1308|932|1287|1378|972|1064|1302|1409|1425|1631|1160|1483|944|1414|1237|1217|1438|1815|1321|1092|1216|1119|1283|1901|1240|1239|1298|1269|1495|1076|1413|1067|1136|1513|977|1312|1111|1381|912|1247|1139|1527|1377|1419|1136|1036|979|1104|1281|1244|985|1272|1273|1062|1127|1012|1262|1522|1165|1162|1232|1518|1014|926|1256|1285|1361|1111|1394|1314|1503|1123|995|1166|982|1321|1178|1543|1159|1398|1191|1092|1399|1174|887|1276|1403|1168|999|1131|1461|1052|1410|947|1107|1041|912|1147|1331|1276|1221|1191|1192|998|994|1416|1157|1035|1622|1482|1317|1413|1216|1200|1356|1195|1113|1534|1566|1266|1372|1393|1103|931|1549|1225|1316|1062|1224|1501|1326|1323|1156|880|1450|1130|943|1299|1204|1127|1168|1509|1539|1237|1008|1004|1257|1151|1266|1069|1150|1067|1015|1158|1297|1745|1383|1273|998|1087|1164|1450|1074|978|912|1296|1063|997|1159|1411|1609|1016|1358|1743|1274|1112|1156|1220|1081|1353|1511|1477|919|1772|1110|959|1706|1125|1103|1399|1123|1366|1631|1053|1564|1296|1350|1191|947|1063|1037|1083|1125|1124|1186|1103|1370|1355|1136|1336|1339|1215|1005|1494|1386|1442|1103|1204|874|946|1185|1527|1243|1031|1130|1191|1291|1066|1401|1247|1656|1394|1214
649|605|647|656|642|646|609|609|662|642|609|606|605|606|609|605|648|657|609|609|609|606|690|605|627|606|605|642|609|605|668|663|605|646|609|674|665|605|625|609|609|619|606|609|669|609|609|605|606|605|606|605|605|605|609|641|605|606|619|605|634|709|606|605|624|605|624|679|606|619|706|605|605|606|706|683|605|605|609|609|642|606|606|609|613|673|605|605|605|609|609|606|609|605|609|605|605|605|606|605|655|609|609|642|632|650|605|722|605|609|605|645|605|606|609|605|642|606|651|605|605|699|606|646|605|623|609|605|605|605|605|609|605|606|605|619|609|615|642|605|609|638|642|605|628|642|609|605|609|609|605|605|605|609|606|609|606|624|616|609|605|606|605|609|605|606|642|609|615|609|605|605|609|609|704|605|642|620|609|605|605|605|605|605|609|609|605|609|606|609|606|609|609|714|632|642|609|609|605|609|605|605|605|646|605|609|605|605|623|613|686|605|665|609|605|609|605|609|609|605|605|605|609|609|609|605|624|606|646|605|609|609|606|606|609|606|606|703|606|638|609|605|672|615|609|647|640|609|606|765
Iteração que foi encontrado o Melhor Global: 290
Quantas vezes o Melhor Global foi alterado (Lembrando que a verificação na inicialização acumula nesse contador): 13
Particula Inicial do melhor global:
1,759995|1,872560|1,544186|0,652780|1,643222|1,096451|1,514360|1,317768|0,969416|1,560040|1,689777|0,773963|0,233069|0,728362|1,130715|0,210746|1,220176|0,192095|1,559441|0,129907|1,048833|1,861634|1,896084|1,201811|1,732860|
Particula Final do melhor global:
0,462229|1,783195|1,380823|1,557105|0,563840|0,532589|0,983256|1,408795|0,185562|1,289532|1,323002|1,551176|0,287306|1,831640|1,640665|0,801180|0,083555|0,363937|1,004598|0,836758|1,205770|0,695356|0,837290|1,640309|0,407558|
A melhor solução desse PSO é:
16 8 12 17 24 0 5 4 21 15 19 22 6 
18 20 9 10 2 7 11 3 23 14 1 13 
Quantidade de trocas de:5,000000
Makespan: 605,000000
