912|703|609|708|504|715|1152|1052|764|787|768|691|593|679|519|843|609|779|724|531|853|836|1193|544|720|775|992|1071|661|1124|1094|643|857|1109|1123|556|673|964|635|1158|786|840|802|646|966|740|698|811|807|795|1037|655|828|734|983|445|1059|808|618|1003|667|931|923|542|958|1081|858|634|830|930|1066|1012|765|543|590|1046|533|1230|954|807|635|589|625|710|655|957|761|1005|837|841|1118|1022|672|865|705|1082|958|775|836|592|880|1103|870|827|839|670|662|873|759|578|868|919|931|800|1057|1343|1365|831|844|644|684|580|810|776|847|808|927|864|865|568|507|756|1083|536|790|994|882|499|455|707|582|758|651|652|586|879|732|682|1016|669|831|1075|1241|876|810|1045|816|786|958|602|1115|866|769|667|975|1031|683|677|791|603|814|638|1088|942|780|1035|1040|883|1080|592|1002|786|878|851|623|800|806|572|727|700|947|721|1469|1225|793|750|605|805|815|1136|718|897|931|758|930|1058|542|635|702|809|658|1221|866|879|764|755|949|697|991|891|1048|1001|1025|767|764|1076|694|693|878|606|463|626|684|680|683|834|692|773|524|691|761|649|619|826|538|665|811|563|662|849
367|351|277|380|324|330|340|396|346|384|316|317|386|352|399|317|436|352|248|290|317|360|391|374|389|401|248|371|344|401|301|313|248|270|248|345|353|317|375|370|353|354|286|390|386|361|338|322|350|248|375|317|299|351|328|337|248|325|248|248|321|317|314|424|248|317|365|356|319|382|270|317|248|361|248|360|248|248|248|367|248|274|270|333|334|292|383|369|367|414|248|423|317|372|333|313|368|349|270|248|248|331|248|248|318|327|248|317|248|277|248|317|374|361|366|335|290|384|302|347|311|427|383|349|357|317|359|280|334|317|432|331|322|438|317|320|289|248|425|373|248|248|334|384|403|306|267|248|404|325|309|248|291|248|335|362|248|339|248|353|259|277|317|388|339|317|346|270|386|257|289|348|348|248|330|316|248|415|415|339|402|317|248|296|405|267|290|328|341|334|317|416|248|310|326|311|317|248|248|248|360|354|251|248|393|391|248|248|373|270|327|284|361|324|248|274|391|399|385|248|248|248|248|318|409|368|339|362|267|296|356|299|248|365|273|322|331|414|315|377|388|248|324|301|383|248|333|361|359|299
Iteração que foi encontrado o Melhor Global: 211
Quantas vezes o Melhor Global foi alterado (Lembrando que a verificação na inicialização acumula nesse contador): 15
Particula Inicial do melhor global:
3,967648|1,366389|3,397598|0,661325|2,892239|1,440637|1,779267|0,373081|1,588850|1,114453|2,869745|1,209816|1,480356|2,190522|3,716022|1,324492|2,541687|0,000642|3,203915|3,067248|0,061229|1,369539|3,090218|0,250890|3,729178|
Particula Final do melhor global:
0,310340|1,946570|3,852910|0,662844|3,481172|1,077597|3,444293|1,589511|0,680499|3,195055|3,487385|2,545442|0,071487|3,171382|1,124288|2,323929|3,447299|1,148401|1,623456|0,461171|2,440007|0,665233|2,485512|1,029121|2,120692|
A melhor solução desse PSO é:
12 0 19 3 21 8 
23 5 14 17 7 18 1 
24 15 20 22 11 
13 9 6 16 4 10 2 
Quantidade de trocas de:2,000000
Makespan: 248,000000
