367|329|401|413|296|354|409|622|477|399|302|477|316|492|477|363|481|379|325|422|376|277|415|440|314|422|379|414|462|402|487|488|421|311|471|389|348|508|287|504|325|401|447|370|390|437|315|347|470|416|406|564|430|313|401|373|364|336|295|417|402|387|331|401|621|433|349|414|436|417|397|443|438|418|338|472|348|403|383|481|420|428|416|370|406|334|468|381|364|304|391|409|428|412|376|375|421|345|384|339|414|333|461|377|404|464|410|418|403|345|419|509|398|559|429|363|487|336|499|457|515|344|388|321|377|708|405|291|343|436|492|465|541|315|445|341|519|516|405|334|385|626|367|447|380|448|381|348|452|356|289|492|524|350|378|280|489|379|344|391|406|447|430|379|453|390|589|330|604|443|434|332|401|366|432|370|541|323|367|385|344|440|295|379|411|430|581|378|300|372|392|415|328|464|523|497|367|345|382|478|381|317|281|493|357|358|307|432|414|374|402|341|473|390|313|368|474|389|358|432|407|541|339|336|387|365|375|397|392|335|363|325|411|496|350|336|329|411|373|446|349|452|440|355|399|301|415|411|351|585
242|250|234|243|242|245|259|254|254|242|246|255|242|252|236|254|249|244|238|231|242|256|231|248|252|251|245|248|242|245|253|240|240|240|240|252|236|255|238|250|256|260|239|247|252|254|251|244|244|251|235|245|241|248|253|239|229|233|256|235|244|238|256|233|231|248|255|243|248|238|237|244|239|253|231|249|253|238|247|231|254|253|249|239|231|255|238|242|244|250|249|252|252|245|241|246|245|245|245|246|249|249|246|247|245|243|248|251|242|246|249|238|241|255|245|241|245|246|260|249|244|246|242|254|242|243|246|249|245|249|250|249|246|234|250|238|259|247|251|252|239|243|248|248|251|241|250|249|231|233|250|250|251|249|223|246|251|258|247|257|232|250|254|253|238|236|246|249|250|263|248|248|264|258|259|239|244|253|241|251|253|246|238|255|241|236|255|242|239|245|233|246|231|248|250|254|231|242|259|259|236|246|253|260|246|244|247|247|251|245|234|241|245|233|249|241|241|233|242|237|260|250|244|249|247|261|231|238|240|265|234|234|239|260|261|243|247|247|231|231|237|231|234|237|256|251|239|244|250|248
Iteração que foi encontrado o Melhor Global: 869
Quantas vezes o Melhor Global foi alterado (Lembrando que a verificação na inicialização acumula nesse contador): 9
Particula Inicial do melhor global:
2,786082|2,013421|0,798174|3,461366|1,085011|2,682078|2,839412|3,830115|0,719325|2,784911|2,467120|3,755941|1,606596|3,418534|1,498580|0,360586|3,323372|2,934741|2,037324|0,062088|2,485078|3,744751|1,551726|1,856567|3,536856|
Particula Final do melhor global:
2,165031|3,151111|2,608547|0,355125|3,087250|3,585436|2,477779|0,363163|2,270552|3,500873|0,939264|2,950256|0,297092|1,822123|1,929793|0,706818|3,143195|2,546631|0,341060|3,123640|1,015362|1,430168|1,807998|2,311444|2,111854|
A melhor solução desse PSO é:
12 18 3 7 15 10 
20 21 22 13 14 
24 0 8 23 6 17 2 11 
4 19 16 1 9 5 
Quantidade de trocas de:1,000000
Makespan: 223,000000
