472|418|429|321|504|441|464|299|361|361|343|424|430|442|384|377|559|329|481|432|412|625|502|376|325|470|472|483|461|347|289|341|459|334|487|344|398|439|275|369|435|428|306|551|380|347|409|526|409|357|319|348|558|302|455|388|382|419|492|447|317|405|343|356|410|430|488|387|382|339|522|332|315|401|592|373|418|373|533|400|362|413|534|293|322|275|542|392|581|324|393|495|313|304|339|471|321|436|477|531|359|421|433|332|341|329|295|604|443|404|436|390|387|416|308|376|397|280|420|413|364|332|474|362|602|375|415|375|426|464|450|385|291|456|387|363|419|424|379|539|334|382|491|342|517|489|528|371|365|358|350|394|413|436|533|416|488|470|306|292|358|313|399|387|402|386|672|348|378|329|398|388|440|321|430|437|449|430|446|493|335|406|543|376|351|577|452|301|359|373|360|334|614|388|396|443|427|385|392|375|498|349|412|566|384|624|413|430|334|331|351|452|395|407|501|503|506|365|596|437|316|440|397|415|349|349|314|401|393|324|479|393|384|504|389|337|366|420|431|440|283|397|469|364|420|419|336|360|436|405
238|244|252|263|261|247|252|258|253|232|252|254|249|232|255|252|244|231|220|238|246|236|261|249|260|245|238|236|254|243|259|239|254|232|249|232|247|254|251|262|245|232|240|247|238|246|240|258|232|246|258|246|225|236|250|265|256|250|237|247|254|251|245|243|262|236|252|252|241|235|238|237|253|241|238|226|240|260|263|258|244|249|243|259|247|262|247|260|250|266|261|246|257|250|245|242|242|256|250|243|243|251|263|247|251|254|249|248|255|264|255|258|249|258|259|242|251|260|238|237|246|256|226|232|247|238|226|254|257|246|243|238|254|252|250|261|259|238|262|253|247|254|254|232|260|245|244|246|266|243|232|246|252|250|267|251|246|240|225|254|247|243|247|253|249|247|251|232|255|248|255|234|244|226|252|245|269|256|259|250|244|229|257|248|248|251|255|241|238|246|250|243|232|255|244|254|245|233|243|254|255|251|226|238|260|226|253|251|246|269|251|261|252|258|249|261|238|245|238|242|260|250|264|232|260|244|225|254|245|231|253|233|232|236|258|261|252|252|236|251|267|254|257|247|257|241|240|235|250|252
Iteração que foi encontrado o Melhor Global: 970
Quantas vezes o Melhor Global foi alterado (Lembrando que a verificação na inicialização acumula nesse contador): 9
Particula Inicial do melhor global:
3,753923|0,621240|0,229529|3,569669|3,885968|1,090702|0,900046|0,626780|0,530145|2,750820|2,377978|1,847772|2,426301|0,424213|0,834404|2,080885|1,701423|3,183865|2,334736|0,977185|2,556139|0,928311|2,136506|3,363611|3,857494|
Particula Final do melhor global:
1,545197|1,077322|1,501950|0,620323|2,573906|1,033478|2,936390|3,489998|0,891490|2,909811|2,756577|2,615151|0,731996|1,745191|2,570900|3,164512|0,881800|3,346698|0,999852|3,329233|0,361436|1,453734|1,673017|3,233645|1,511436|
A melhor solução desse PSO é:
20 3 12 16 8 18 
5 1 21 2 24 0 22 13 
14 4 11 10 9 6 
15 23 19 17 7 
Quantidade de trocas de:0,000000
Makespan: 220,000000
