330|349|452|378|342|403|448|305|485|351|324|341|498|530|486|298|356|348|430|431|380|352|335|391|553|337|425|321|452|319|365|330|376|446|451|507|432|323|393|322|503|340|345|369|441|363|390|312|416|379|479|464|377|340|356|352|314|327|317|387|337|334|326|378|397|335|477|418|453|347|338|439|483|379|353|325|470|311|362|445|543|464|387|530|457|399|483|472|478|412|399|347|497|388|484|413|361|410|614|447|404|395|356|363|381|314|439|435|371|352|333|401|353|520|423|308|493|314|467|362|298|354|440|310|351|298|368|426|375|409|427|409|353|490|356|416|446|368|333|368|381|501|339|341|384|318|400|348|360|298|422|450|439|346|391|426|407|337|348|301|385|331|436|372|320|347|372|420|371|339|383|390|364|370|363|388|307|420|366|433|461|427|416|402|599|321|453|367|497|445|423|394|631|361|461|440|323|482|385|323|473|299|459|347|369|433|400|417|423|323|363|430|486|454|436|420|391|508|391|398|500|430|404|375|360|491|492|432|371|397|386|371|346|312|368|323|372|429|296|298|329|294|364|369|356|353|382|386|489|355
236|248|240|228|244|266|238|236|228|239|235|246|242|269|226|265|238|258|253|246|228|250|228|250|257|241|251|228|232|224|238|228|250|244|224|249|262|224|237|244|248|272|236|254|251|228|228|253|228|231|240|228|262|259|231|228|224|236|228|244|243|252|235|243|228|252|241|253|257|228|248|246|246|249|259|240|263|253|238|244|253|233|250|228|257|247|250|237|247|240|253|251|229|253|238|224|252|243|246|248|238|240|258|257|236|247|234|247|251|240|258|234|228|248|252|228|238|259|243|245|238|255|255|259|247|240|248|235|254|238|246|228|228|224|254|224|230|248|242|229|234|246|256|228|247|256|250|248|240|256|256|224|247|224|253|253|238|236|239|247|241|228|240|242|224|263|228|252|241|243|249|251|224|228|246|248|245|242|264|249|262|245|261|264|247|243|245|241|228|244|252|241|231|239|261|252|228|236|242|236|257|241|268|247|231|250|243|243|255|262|251|262|228|228|252|228|236|243|238|251|235|241|228|250|239|243|228|251|259|249|248|231|228|250|254|238|239|233|246|226|232|252|235|243|228|228|245|224|224|228
Iteração que foi encontrado o Melhor Global: 626
Quantas vezes o Melhor Global foi alterado (Lembrando que a verificação na inicialização acumula nesse contador): 14
Particula Inicial do melhor global:
1,450703|2,535800|0,837790|2,528105|0,224766|2,368667|1,900717|1,775426|0,099762|2,691545|1,973559|1,920002|1,444573|2,156546|2,514652|0,010275|1,425583|0,400697|0,615339|1,229554|1,881737|0,267437|2,576217|2,674131|0,039798|
Particula Final do melhor global:
1,623215|2,392132|0,146015|2,042348|1,296238|0,598545|2,686691|1,913249|0,527935|0,961511|2,280076|2,432391|1,599363|0,471944|0,859168|1,501534|2,700855|2,875316|0,768761|2,630157|0,824793|0,780148|1,694407|1,410506|1,398357|
A melhor solução desse PSO é:
2 13 8 5 18 21 20 14 9 
4 24 23 15 12 0 22 7 
3 10 1 11 19 6 16 17 
Quantidade de trocas de:2,000000
Makespan: 224,000000
