870|867|878|659|623|599|423|913|438|1261|795|569|548|600|666|804|869|493|1083|787|542|652|799|916|709|1140|589|747|539|663|1108|767|555|793|767|922|568|570|702|647|904|759|641|431|647|818|885|598|480|984|714|879|714|631|607|874|703|487|623|698|929|816|618|946|498|517|605|978|594|652|521|960|635|705|567|782|873|867|923|738|697|595|535|857|1199|713|699|578|508|520|624|552|830|538|735|597|690|609|767|630|952|543|843|801|766|798|991|623|910|751|583|624|993|648|651|532|641|546|793|692|810|602|596|887|919|677|746|742|798|727|621|839|717|768|944|868|578|790|665|581|833|750|568|573|907|559|518|661|679|473|735|667|1137|1079|663|679|571|913|942|435|941|620|913|739|850|521|815|645|528|837|435|656|802|821|656|1014|538|679|746|583|902|630|912|812|802|399|1386|1034|952|526|597|751|686|935|659|550|543|1042|529|529|924|1146|991|635|930|836|1339|888|637|785|657|851|539|698|1294|727|599|648|711|889|610|644|962|759|1121|945|654|579|538|817|513|495|938|378|577|814|602|698|525|1051|999|962|1122|553|884|570|693|638|669|1002
284|344|232|272|248|230|301|230|334|225|314|299|225|248|265|394|262|230|227|230|316|244|225|354|242|321|225|323|338|303|225|248|333|295|317|290|254|230|334|337|230|307|338|230|225|301|316|230|251|248|230|225|280|262|297|230|266|345|284|308|348|347|262|375|248|337|357|332|230|225|369|282|328|285|225|225|290|361|359|292|263|225|304|368|284|304|293|230|243|225|248|230|225|230|351|373|225|230|341|314|304|230|225|262|262|314|285|339|319|248|321|254|230|250|245|254|301|262|262|230|277|230|327|296|285|334|304|230|330|320|230|248|320|230|287|300|248|319|230|286|254|370|266|266|284|248|230|230|248|230|297|248|230|248|293|248|286|230|277|225|285|273|315|241|311|313|333|284|375|342|227|268|225|227|248|334|245|270|298|323|298|284|230|295|354|347|273|297|230|225|395|349|320|372|227|225|225|298|248|401|262|230|248|322|248|342|266|227|289|344|284|282|225|322|380|230|261|304|230|249|315|330|248|227|248|311|285|376|230|230|288|225|264|286|225|356|227|288|304|273|262|285|354|265|230|230|305|337|230|245
Iteração que foi encontrado o Melhor Global: 790
Quantas vezes o Melhor Global foi alterado (Lembrando que a verificação na inicialização acumula nesse contador): 14
Particula Inicial do melhor global:
1,493660|1,061528|3,233076|0,349669|1,359363|3,495186|0,012946|1,359688|2,046574|1,580064|0,794512|1,771464|1,505047|3,611330|2,084647|3,274669|1,008164|0,137143|0,060081|0,822696|2,230849|2,749120|3,899716|1,132702|0,479084|
Particula Final do melhor global:
3,128408|2,182457|1,630747|2,520627|2,471948|0,257331|0,619243|1,585581|3,444262|3,426202|0,660668|3,789961|1,657067|3,423925|0,676865|1,846756|3,106812|0,481765|2,557763|0,740983|1,222218|2,448951|1,897063|0,934609|1,162560|
A melhor solução desse PSO é:
5 17 6 10 14 19 23 
24 20 7 2 12 15 22 
1 21 4 3 18 
16 0 13 9 8 11 
Quantidade de trocas de:2,000000
Makespan: 225,000000
