1275|1100|1309|1015|1192|871|992|1354|787|846|995|952|1586|1385|929|1041|997|1217|902|1193|1261|718|1047|1010|832|903|1010|958|1370|1007|1144|985|1121|964|1095|896|2061|1337|1214|1247|1156|1430|1331|965|955|935|974|1052|841|1117|1246|1144|1010|1565|1128|1049|950|1110|794|1125|1018|1079|1199|1736|1059|977|1078|894|1288|1401|1098|894|1022|925|870|945|1300|1367|827|852|1706|931|1223|874|1400|1367|832|1074|883|1007|1000|1231|942|984|882|823|1172|826|858|1069|1158|1137|1032|875|656|1003|900|1249|1113|1377|1440|870|749|1076|1248|881|1121|995|870|947|1056|879|834|868|892|1385|862|1004|991|927|905|872|865|906|1332|908|1094|867|841|1482|1155|1197|849|1335|1402|1250|1487|1093|1115|829|1174|1328|865|1615|1061|1097|1190|1745|961|959|935|1860|1342|1158|775|1327|935|839|778|916|1313|1079|990|1193|921|921|1163|1673|1064|1045|1034|960|1286|1311|1077|1510|1147|986|1324|990|928|1046|715|1146|826|969|872|1096|977|1106|1642|1051|807|1117|1142|1075|1049|1032|837|842|1133|1276|1531|1042|949|1009|1292|1253|900|1485|1353|1091|791|1425|825|1441|1014|1121|1703|1016|985|992|868|1420|1501|768|1022|770|1376|1079|875|1477|1115|1395|964|1592|970|1068|892|837
545|545|498|589|498|504|624|482|605|456|535|500|525|555|585|498|456|498|534|456|456|534|456|588|456|498|596|648|525|488|498|648|580|522|580|527|568|464|581|572|500|512|551|521|491|559|629|525|498|526|456|572|557|508|616|604|456|456|456|534|488|488|498|586|572|482|456|483|496|517|510|456|570|600|498|475|533|657|453|525|531|462|513|456|508|494|576|616|622|598|669|456|456|498|456|456|522|498|478|520|585|466|560|535|470|456|498|614|505|631|496|612|456|539|500|525|498|615|535|456|482|613|537|498|478|600|631|586|456|513|456|617|498|495|513|594|601|596|456|557|456|456|603|500|488|513|529|651|489|629|456|512|622|502|456|456|524|514|636|545|602|456|475|508|579|545|488|456|498|567|558|492|604|543|538|456|456|557|521|481|462|518|604|526|589|594|643|628|635|492|560|588|504|456|464|486|591|510|501|583|592|500|634|627|553|636|478|551|552|605|572|504|523|526|475|525|456|498|498|558|517|498|650|607|573|608|498|593|498|546|647|456|498|549|456|507|538|456|589|608|500|527|510|577|586|488|625|584|498|640
Iteração que foi encontrado o Melhor Global: 901
Quantas vezes o Melhor Global foi alterado (Lembrando que a verificação na inicialização acumula nesse contador): 13
Particula Inicial do melhor global:
1,840825|1,445237|1,225299|1,009975|0,356765|0,133043|1,851685|0,195547|2,683015|0,760182|2,025812|2,895264|1,998451|1,320671|0,766743|0,659911|0,856957|0,583349|2,578113|2,551892|2,799057|0,843854|2,756389|1,527673|2,345853|
Particula Final do melhor global:
1,497131|0,303798|2,381724|1,970087|2,585005|0,562982|0,907357|0,825481|0,969442|2,708983|1,856205|2,615584|1,220800|0,769833|0,660931|2,607697|2,191697|0,904812|0,993189|1,341358|1,636162|1,720900|2,979293|0,725406|2,550461|
A melhor solução desse PSO é:
1 5 14 23 13 7 17 6 8 18 
12 19 0 20 21 10 3 
16 2 24 4 15 11 9 22 
Quantidade de trocas de:7,000000
Makespan: 453,000000
