498|482|530|563|713|455|600|526|507|523|465|756|521|725|599|514|574|632|537|594|571|432|569|610|694|588|522|489|771|486|404|752|468|554|451|501|486|529|790|476|563|587|616|630|582|586|710|801|518|449|537|481|451|407|463|403|500|574|417|625|661|504|500|589|590|644|648|449|574|450|450|515|491|499|581|494|443|518|487|491|414|566|674|603|572|538|440|478|799|593|556|529|415|730|414|511|503|607|543|612|559|483|570|555|434|504|465|568|581|484|541|819|477|412|419|687|544|601|481|467|617|546|512|407|530|519|521|495|462|416|572|731|643|478|575|592|394|620|493|542|411|496|532|450|581|479|423|532|406|558|614|442|513|745|478|420|648|515|471|541|463|494|544|617|451|528|450|414|521|509|562|439|457|588|403|488|509|441|603|488|621|682|794|420|598|465|411|631|490|502|510|476|426|593|527|738|519|394|443|728|547|746|872|588|528|564|665|570|557|416|521|416|463|568|515|618|480|679|507|527|507|555|555|434|617|799|634|669|554|586|465|545|591|459|466|570|520|380|532|434|444|435|423|408|432|822|459|639|644|500
337|343|328|310|323|312|361|336|315|327|337|340|331|318|344|295|327|332|330|348|323|378|309|295|326|340|362|350|338|318|306|315|353|337|364|340|368|307|355|316|353|328|363|328|322|320|318|318|348|295|305|359|286|295|336|352|351|354|366|286|328|365|310|346|338|299|337|312|318|320|312|342|340|316|295|344|307|357|325|331|309|336|318|307|317|310|360|329|318|302|339|340|326|328|332|286|329|318|334|310|307|341|312|354|285|338|355|356|314|286|317|331|329|323|357|329|357|354|354|354|331|353|307|336|327|341|319|353|331|286|339|347|298|326|364|325|333|329|337|329|328|328|286|286|345|318|329|353|352|333|351|315|331|346|346|335|286|344|331|318|286|313|327|305|295|347|327|354|326|321|332|349|316|351|330|319|326|307|341|286|356|361|328|332|339|303|286|325|326|295|362|325|285|336|317|327|344|325|331|336|354|318|343|318|317|361|299|295|318|323|347|348|328|285|335|342|286|295|326|351|333|358|321|286|305|346|347|316|346|349|299|341|352|307|328|312|322|356|286|332|370|344|286|323|333|349|342|328|334|347
Iteração que foi encontrado o Melhor Global: 971
Quantas vezes o Melhor Global foi alterado (Lembrando que a verificação na inicialização acumula nesse contador): 12
Particula Inicial do melhor global:
1,765772|0,782732|0,231515|0,986089|0,243269|1,905282|0,044464|2,138423|2,803075|1,601963|2,297313|0,735732|0,265952|0,609325|1,779131|1,613242|0,254946|2,629367|0,716407|2,251099|2,234818|1,662114|0,049963|0,411664|0,263733|
Particula Final do melhor global:
1,891815|1,453257|0,741465|2,522609|0,416959|2,181592|1,132482|2,138774|1,300944|2,455919|2,184982|0,194146|0,919243|1,647059|1,737674|1,515328|2,103514|0,917621|0,612174|1,497961|0,652106|2,441209|1,947193|2,439231|0,934852|
A melhor solução desse PSO é:
11 4 18 20 2 17 12 24 
6 8 1 19 15 13 14 0 22 
16 7 5 10 23 21 9 3 
Quantidade de trocas de:9,000000
Makespan: 285,000000
