310|296|542|370|460|539|469|288|487|356|437|354|446|280|313|290|450|463|586|431|634|400|385|306|518|672|494|489|543|322|339|368|370|426|358|420|385|449|493|305|378|520|360|446|310|457|483|400|357|339|413|414|380|409|289|420|262|451|452|327|470|393|404|348|588|444|321|526|382|431|423|497|366|326|381|391|419|439|408|320|491|354|384|292|252|377|470|408|370|506|460|318|285|389|527|266|474|338|365|601|372|431|320|503|464|465|456|298|479|450|387|505|409|519|507|483|373|368|277|497|368|318|498|399|430|382|365|381|365|397|351|471|409|424|353|326|480|384|602|337|344|494|324|370|278|345|376|450|352|374|512|495|621|395|409|405|425|398|401|611|333|357|365|375|502|411|366|565|303|361|335|367|382|374|511|441|336|327|341|365|496|350|386|444|299|624|454|361|451|586|318|404|293|325|317|369|394|424|424|308|394|662|364|298|388|567|352|463|375|381|350|499|267|465|450|426|567|443|333|524|341|448|513|376|460|305|368|364|512|492|546|548|280|487|426|404|518|439|568|390|377|405|293|345|347|368|431|504|336|345
244|210|233|240|233|242|247|244|253|249|248|253|210|233|231|252|244|253|236|232|245|221|233|246|220|220|238|248|212|245|221|220|234|240|248|235|241|234|232|256|251|257|220|257|244|254|233|232|232|246|232|246|243|244|239|230|240|233|246|243|210|210|244|244|236|246|250|227|238|247|226|259|232|240|225|255|241|240|223|247|238|256|233|226|247|236|247|241|235|245|236|234|241|235|241|219|210|244|259|234|257|210|245|238|235|241|238|229|243|223|224|241|241|221|241|241|230|244|210|253|244|258|263|239|213|250|225|247|241|228|234|249|248|242|239|247|248|248|241|258|240|222|253|228|231|235|218|241|238|257|240|248|241|210|231|251|254|246|244|251|233|234|248|233|226|248|256|236|256|244|242|234|225|226|270|228|223|239|225|256|236|210|220|233|242|240|251|221|238|244|210|243|255|262|223|252|241|248|230|255|244|249|223|234|242|255|236|246|231|239|239|210|236|253|244|210|241|211|233|240|210|235|241|251|243|235|239|225|241|239|242|241|224|234|250|236|241|223|241|253|246|251|223|239|242|225|249|238|232|226
Iteração que foi encontrado o Melhor Global: 254
Quantas vezes o Melhor Global foi alterado (Lembrando que a verificação na inicialização acumula nesse contador): 8
Particula Inicial do melhor global:
3,996417|3,845587|3,662792|3,915214|1,913180|1,283218|0,673447|0,510858|0,215155|0,509297|1,519702|0,030323|0,342954|0,500399|2,535484|0,198177|0,376242|2,495373|1,501499|2,707579|0,398257|3,153128|0,879375|3,485993|2,719546|
Particula Final do melhor global:
0,282644|3,597973|3,082633|3,285624|2,591802|0,813346|3,094352|2,516063|2,755343|1,654603|0,136151|1,287369|1,869045|2,289015|2,728693|0,146329|0,871593|0,630335|3,352420|0,554818|1,760710|3,612604|1,620629|2,087426|1,745409|
A melhor solução desse PSO é:
10 15 0 19 17 5 16 
11 22 9 24 20 12 
23 13 7 4 14 8 
2 6 3 18 1 21 
Quantidade de trocas de:0,000000
Makespan: 210,000000
