243|344|239|309|317|261|278|376|352|288|348|335|299|290|264|382|492|240|324|422|355|351|276|303|301|341|246|313|304|483|341|396|309|272|278|349|484|268|278|231|491|280|453|307|244|365|286|278|279|384|240|405|374|343|294|294|419|399|340|369|322|396|379|305|310|423|288|257|422|295|351|390|332|355|327|356|333|260|450|274|478|271|408|294|284|324|292|470|433|264|332|284|254|512|400|338|279|269|399|293|370|426|256|301|397|254|348|233|398|302|426|256|335|326|415|292|261|280|352|369|388|388|252|370|314|274|321|280|262|433|333|323|291|463|368|428|406|422|282|280|459|393|363|407|290|309|395|477|289|340|475|300|339|249|507|401|285|296|395|272|282|268|320|400|398|382|282|352|388|356|377|306|311|371|260|340|383|373|402|299|294|545|306|457|384|382|442|262|283|250|330|297|365|259|259|368|416|290|244|356|315|388|298|354|482|246|372|271|378|291|437|345|271|476|263|379|383|265|247|235|368|275|372|235|361|496|236|316|301|300|413|385|248|342|232|355|250|338|316|438|470|428|356|351|354|293|392|329|342|272
196|212|192|215|200|201|196|210|212|212|201|207|202|227|206|197|214|210|203|212|208|202|206|204|213|207|202|209|210|205|206|203|210|209|211|208|204|198|197|199|209|209|213|221|196|212|206|212|199|211|206|211|215|220|204|212|212|214|209|210|209|212|215|200|213|207|205|204|217|208|200|204|212|207|205|209|211|210|206|199|209|200|207|210|201|212|208|211|210|213|211|191|208|217|215|206|204|205|210|214|212|201|199|204|208|205|207|196|224|216|211|200|213|204|208|213|211|218|222|202|203|215|208|215|204|200|193|214|212|185|197|196|209|202|198|213|213|201|199|213|211|213|212|183|219|203|195|195|210|198|213|209|210|208|197|203|211|206|209|215|209|202|214|202|198|205|211|205|208|198|205|209|215|214|202|207|219|202|206|218|218|204|210|194|202|205|220|211|198|191|206|217|202|192|209|209|207|204|209|205|204|217|207|214|218|208|215|206|210|208|208|215|209|216|220|220|208|205|207|210|203|197|212|194|213|211|216|211|203|206|199|203|207|213|213|209|212|201|204|207|208|214|209|209|210|211|202|208|196|203
Iteração que foi encontrado o Melhor Global: 602
Quantas vezes o Melhor Global foi alterado (Lembrando que a verificação na inicialização acumula nesse contador): 16
Particula Inicial do melhor global:
0,016606|0,140497|0,914194|2,376547|2,763760|0,501319|3,723960|0,103588|1,458000|2,850128|1,074563|1,814325|0,884520|0,123384|1,450049|0,262690|2,059319|0,653667|3,051328|0,605157|1,247890|3,277246|1,486237|2,099756|2,903153|
Particula Final do melhor global:
3,955271|0,623923|3,463030|3,022806|2,058427|1,241033|3,397640|1,209837|3,077015|2,519242|1,686769|1,507075|0,564229|1,140234|0,288185|2,403358|1,524835|0,899169|0,924712|3,582416|2,217484|0,700552|1,847054|3,083890|2,075040|
A melhor solução desse PSO é:
14 12 1 21 17 18 
13 7 5 11 16 10 22 
4 24 20 15 9 
3 8 23 6 2 19 0 
Quantidade de trocas de:8,000000
Makespan: 183,000000
