891|574|980|881|592|592|505|631|651|838|915|603|673|719|678|1175|709|513|555|854|691|658|856|764|708|657|693|834|977|523|494|671|771|585|700|691|1065|571|841|551|655|952|711|494|819|503|947|689|518|607|549|710|693|750|774|734|842|747|682|611|763|600|961|559|813|799|671|856|500|520|563|966|1177|663|662|995|548|567|725|733|520|1009|733|709|1149|741|780|786|967|813|697|973|820|649|635|571|758|801|715|990|634|842|746|663|660|604|862|517|857|866|500|784|855|647|645|633|849|763|957|650|1026|640|829|487|646|712|912|543|734|698|786|606|564|936|726|649|687|829|544|819|515|695|522|590|696|578|610|593|688|656|551|682|700|700|696|955|566|729|433|837|628|539|701|645|1336|629|621|910|706|583|500|399|695|666|1369|736|508|566|552|583|990|561|888|580|721|463|702|570|799|748|1149|780|1114|621|632|1073|472|655|477|698|767|626|679|617|862|911|537|644|932|871|680|480|752|823|782|847|568|497|1006|578|646|858|805|656|480|563|684|534|554|753|527|673|642|600|838|792|681|695|673|867|911|735|580|551|806|767|482|624|844|622
369|270|358|347|366|368|368|352|337|313|259|356|353|290|380|368|362|314|375|306|327|322|368|387|352|310|364|367|363|284|384|335|366|378|313|328|364|379|326|357|333|340|384|351|301|303|376|371|377|409|350|278|335|272|346|335|316|314|324|365|322|303|350|411|344|374|369|317|343|409|347|363|255|325|353|269|350|313|394|279|318|369|315|348|326|344|331|337|322|385|376|328|326|354|359|345|390|335|348|368|384|324|364|241|343|319|367|288|287|314|289|365|294|379|343|269|349|291|343|347|327|358|241|334|315|357|365|388|387|362|359|336|380|329|353|356|342|349|377|344|399|322|347|341|351|355|303|334|357|353|354|300|344|385|313|320|339|367|375|336|269|315|270|284|317|279|346|354|349|336|331|399|290|344|339|382|269|317|377|351|357|307|351|324|314|382|350|302|357|356|302|370|339|350|269|356|325|354|286|335|334|325|358|408|381|300|367|338|360|385|371|349|378|322|272|363|374|377|333|395|315|324|350|350|328|269|311|316|368|269|255|270|380|312|386|317|370|350|316|347|376|365|330|350|354|269|339|336|350|350
Iteração que foi encontrado o Melhor Global: 889
Quantas vezes o Melhor Global foi alterado (Lembrando que a verificação na inicialização acumula nesse contador): 19
Particula Inicial do melhor global:
2,927571|1,830320|3,059176|1,787935|3,121447|2,748159|3,704373|3,658782|2,817848|0,179270|2,126690|1,127343|1,299937|0,138273|2,078363|1,123493|0,114791|1,795959|0,264176|2,182877|3,770627|1,371687|0,748158|1,892147|1,661398|
Particula Final do melhor global:
1,363640|2,122743|2,520228|2,842050|3,563871|0,555912|0,676084|2,691187|0,634763|1,500948|2,468114|3,442512|1,770692|2,836322|1,044460|1,163697|3,458780|0,463758|2,068865|0,376048|3,612244|3,287544|1,765553|0,713210|1,157031|
A melhor solução desse PSO é:
19 17 5 8 6 23 
14 24 15 0 9 22 12 
18 1 10 2 7 13 3 
21 11 16 4 20 
Quantidade de trocas de:2,000000
Makespan: 241,000000
