1295|856|816|962|871|693|1303|721|734|704|718|989|609|723|1031|815|723|608|925|748|803|740|681|725|721|826|808|982|839|607|692|927|716|1061|855|1116|1034|992|560|761|1457|1109|682|887|906|785|784|793|1371|888|783|934|620|670|1191|667|826|1007|926|842|858|701|882|716|786|1051|924|891|944|879|779|837|646|823|1031|760|824|721|830|894|1432|741|791|998|744|681|898|767|939|721|1113|894|775|1063|1007|1002|652|1392|613|918|876|758|761|765|661|1581|1163|1031|651|1057|721|1027|837|1375|815|1224|1019|1200|1027|984|725|709|1019|804|1001|938|828|911|626|800|1177|829|714|876|957|864|850|787|1153|924|796|969|735|756|736|1007|779|874|898|763|912|695|814|831|795|1522|859|670|844|1032|590|1009|807|846|1011|911|1200|961|946|750|1218|786|871|801|1016|920|1091|803|902|910|672|800|678|1046|818|1281|974|685|1016|696|1081|1190|727|1038|945|909|696|993|1132|889|845|850|921|727|968|742|790|723|1020|956|957|954|862|1077|766|903|805|966|685|760|1053|862|1017|798|893|725|1199|919|729|879|1026|841|1223|821|885|859|868|957|1038|928|967|1139|864|752|824|1196|970|883|1085|813
479|408|454|465|480|522|409|408|520|480|506|408|408|408|479|437|479|408|487|462|444|409|467|463|409|444|414|430|446|470|437|408|441|519|486|480|462|503|442|479|408|501|409|469|408|466|513|482|509|516|493|409|408|408|533|468|450|472|473|408|523|491|408|476|489|424|480|447|489|450|412|471|409|408|487|408|461|446|480|453|492|408|484|477|486|415|498|472|519|480|449|408|476|408|489|470|519|495|465|441|480|518|542|543|437|458|405|472|444|541|479|485|436|484|419|489|436|502|453|431|476|408|408|502|475|448|436|445|514|530|450|409|467|442|419|466|515|408|483|459|534|455|470|412|409|472|474|409|470|468|476|443|480|408|481|477|472|441|503|504|523|477|409|409|430|443|412|460|460|471|409|408|493|507|472|456|412|408|408|467|409|408|499|500|464|408|446|408|462|465|512|472|532|446|473|502|480|448|500|408|442|450|504|470|508|474|437|408|408|488|499|408|425|474|480|482|443|462|408|528|445|464|530|408|459|437|409|485|463|446|475|522|560|540|470|456|433|504|419|450|467|408|510|469|421|466|466|449|510|462
Iteração que foi encontrado o Melhor Global: 979
Quantas vezes o Melhor Global foi alterado (Lembrando que a verificação na inicialização acumula nesse contador): 17
Particula Inicial do melhor global:
2,376093|1,867616|0,530131|2,943837|2,926915|0,947613|0,543214|1,764632|1,499687|0,324949|2,158762|0,803799|0,772274|2,268103|2,804404|2,331938|0,999440|0,810039|0,635565|0,292723|1,760245|0,327712|0,506902|1,493640|1,315553|
Particula Final do melhor global:
2,324056|2,509006|1,620583|2,456463|2,197248|2,401932|1,320058|0,525721|1,779294|0,600041|1,026444|1,958406|1,144994|2,945604|2,356115|0,738772|1,068399|0,798952|1,632974|0,781674|0,801989|2,129444|2,491303|0,690470|2,650466|
A melhor solução desse PSO é:
7 9 23 15 19 17 20 
10 16 12 6 2 18 8 11 
21 4 0 14 5 3 22 1 24 13 
Quantidade de trocas de:3,000000
Makespan: 405,000000
