803|925|816|953|872|768|1291|1200|1130|1215|1009|794|948|1645|694|874|696|812|883|1045|827|802|818|1065|878|997|871|872|873|854|897|1023|1029|816|1056|803|752|824|938|618|979|1224|700|1047|1086|992|917|715|853|1042|1105|1006|844|762|924|831|720|815|870|710|801|929|818|896|818|960|787|908|952|815|793|1160|693|703|866|1018|843|661|833|847|631|860|864|964|969|787|1507|952|921|798|911|747|1112|698|897|939|880|971|882|737|1015|1152|711|887|1326|691|1105|1051|1036|1122|709|741|636|942|1136|770|880|690|1274|734|907|979|609|666|1025|1079|765|740|1038|973|1287|1247|1020|916|692|1034|818|739|957|840|1139|721|1049|764|924|864|766|804|733|782|719|719|854|772|1179|936|754|1033|1005|698|833|813|683|1257|814|1061|711|1269|774|736|918|1126|1290|1016|826|997|771|1619|1213|736|1042|931|1087|832|905|932|937|783|837|733|859|908|1021|878|844|967|857|905|962|958|796|705|1101|1168|840|713|1056|735|795|815|936|936|1079|842|838|755|776|1037|874|831|830|1138|1011|763|1241|681|1101|818|1092|700|971|1223|810|1234|887|924|757|865|834|798|1004|815|760|1138|1117|763|698|820|830|779
367|367|367|367|367|367|367|367|481|383|367|476|390|408|367|367|376|367|462|481|367|367|367|367|367|367|367|503|367|367|367|434|367|367|367|367|484|367|367|492|367|367|544|492|508|459|367|367|506|508|367|367|474|367|367|367|367|367|367|431|489|367|367|367|367|472|488|367|370|420|414|367|367|367|440|367|454|414|367|367|367|367|367|367|367|367|367|367|367|493|367|367|367|428|367|367|367|367|367|367|367|450|419|414|367|388|408|491|367|383|518|367|367|491|367|367|367|546|427|367|476|367|367|367|387|367|367|367|408|367|470|367|414|367|456|432|460|367|367|367|367|367|367|367|426|549|367|367|367|367|367|367|367|367|502|367|367|367|367|441|367|510|367|456|421|367|367|367|518|367|367|367|367|367|367|367|367|367|367|367|504|367|367|503|367|464|367|414|434|470|414|367|367|508|367|455|368|462|367|367|511|367|367|367|367|367|367|476|367|367|367|367|367|367|367|367|367|367|367|367|367|367|367|367|367|367|425|367|367|462|434|367|367|478|457|408|367|367|367|367|367|367|403|491|367|367|469|465|367|367
Iteração que foi encontrado o Melhor Global: 114
Quantas vezes o Melhor Global foi alterado (Lembrando que a verificação na inicialização acumula nesse contador): 13
Particula Inicial do melhor global:
1,348255|0,300787|0,041882|0,241486|1,665525|1,365024|1,140147|2,560153|1,978832|0,662454|0,656412|1,507937|1,109665|1,354365|1,103974|0,802935|0,817031|1,319135|0,172910|0,626778|1,505507|2,919770|0,467716|2,903468|2,272214|
Particula Final do melhor global:
1,780514|1,412354|0,578885|1,351271|2,151210|0,525219|2,286440|1,683030|0,318217|2,707159|1,867024|0,370089|0,845135|1,138939|2,394268|2,489496|1,889371|2,203511|0,650198|1,239613|2,345218|0,878380|1,603105|2,165545|0,425589|
A melhor solução desse PSO é:
8 11 24 5 2 18 12 21 
13 19 3 1 22 7 0 10 16 
4 23 17 6 20 14 15 9 
Quantidade de trocas de:1,000000
Makespan: 367,000000
