1167|735|841|869|731|780|889|696|747|887|713|753|1135|740|943|675|1054|863|825|943|842|1002|726|743|804|1037|695|787|740|783|974|803|692|1140|997|709|865|694|804|806|775|917|892|703|671|805|990|912|749|770|850|776|765|1022|740|699|710|884|844|727|761|750|767|933|781|658|754|1186|735|694|722|1224|717|667|875|835|837|1091|875|692|663|749|742|758|755|696|755|871|784|736|679|939|700|876|769|832|760|710|958|631|772|865|874|1043|708|693|776|912|654|891|820|811|773|942|913|1115|1114|987|871|649|631|831|826|825|899|720|722|862|601|874|751|727|766|690|831|1108|689|813|577|850|892|802|797|1057|703|938|899|789|809|834|892|844|1138|849|831|801|1143|937|776|672|836|689|784|688|722|817|832|1110|718|800|1053|667|985|821|754|957|825|858|643|673|792|990|811|866|780|621|926|830|912|865|641|702|1179|751|961|874|862|803|836|691|734|1084|778|739|762|844|724|1025|967|1042|989|993|982|834|897|676|895|860|696|839|898|854|940|769|917|1218|1002|676|960|757|816|790|903|639|657|802|847|996|877|800|938|774|768|849|841|888|717|773|945|878
422|467|422|422|422|422|422|425|527|468|422|422|426|462|465|422|513|507|422|426|425|425|430|462|422|422|441|457|422|422|422|422|422|426|495|425|425|426|450|422|422|475|467|468|425|426|422|426|475|422|457|425|450|458|513|425|425|425|422|422|422|489|422|426|422|422|462|422|425|422|425|422|426|422|422|430|422|505|465|489|445|425|449|425|422|467|457|422|425|445|425|422|422|422|467|422|425|422|494|481|468|422|490|422|422|422|426|422|467|422|447|425|425|422|422|425|422|422|470|471|422|433|422|438|446|445|422|425|426|422|422|425|422|426|425|422|422|422|465|426|493|422|422|462|510|465|468|422|422|466|467|422|462|425|422|506|422|422|425|425|422|422|422|438|422|491|468|462|422|478|509|430|422|422|422|467|455|465|422|422|422|456|473|518|481|497|422|426|422|422|422|462|422|422|422|425|452|422|450|422|468|425|502|422|422|422|422|422|425|512|422|425|426|467|497|422|466|422|425|471|425|422|422|455|425|510|422|426|422|426|470|497|422|425|422|422|422|425|425|425|504|425|465|422|512|422|422|468|425|422
Iteração que foi encontrado o Melhor Global: 109
Quantas vezes o Melhor Global foi alterado (Lembrando que a verificação na inicialização acumula nesse contador): 12
Particula Inicial do melhor global:
0,691259|0,772671|0,353399|1,773171|1,030645|1,983470|1,471404|0,740554|1,596735|0,348880|0,330693|1,503854|1,530267|0,316343|1,662357|0,076340|0,430085|0,547432|1,980246|0,061610|1,279538|0,253056|1,250630|1,646027|1,680287|
Particula Final do melhor global:
1,428751|1,034364|0,539150|1,199822|0,946811|1,037023|0,805541|1,576813|1,420279|0,986150|1,660310|1,018993|1,405456|0,920232|0,728564|0,210520|1,138011|0,775626|0,638389|1,396570|0,367309|0,724836|1,387316|0,564480|1,251987|
A melhor solução desse PSO é:
15 20 2 23 18 21 14 17 6 13 4 9 
11 1 5 16 3 24 22 19 12 8 0 7 10 
Quantidade de trocas de:5,000000
Makespan: 422,000000
