577|809|786|656|469|474|707|687|950|785|565|708|569|761|510|754|720|574|711|653|720|797|809|914|953|949|572|994|752|730|395|588|884|775|918|693|476|463|646|680|727|873|637|992|465|867|726|728|583|480|684|732|958|808|637|549|615|1013|935|630|769|707|529|651|897|1050|430|633|810|756|796|866|703|999|1103|566|705|550|829|822|779|683|865|981|686|813|752|942|1049|1029|1003|782|726|837|796|638|760|660|796|746|651|681|836|775|616|543|810|706|625|868|706|772|926|769|679|580|683|762|597|1000|914|777|544|845|738|768|1336|684|612|741|624|754|467|932|675|616|683|586|517|579|736|663|731|546|697|707|678|826|633|587|503|493|810|1019|823|627|798|989|934|628|799|946|502|946|697|738|791|624|712|717|589|885|534|848|648|850|557|1003|757|676|1013|667|771|749|543|657|538|1077|742|846|708|576|733|656|629|587|969|868|625|775|468|647|575|619|691|828|649|1289|1014|685|915|867|576|663|498|923|429|747|853|608|767|931|769|843|902|631|670|1012|909|566|527|554|627|660|720|572|935|726|758|913|532|1079|924|1010|739|573|510|559|680|580
359|375|329|348|418|371|293|352|336|366|346|320|366|401|391|375|271|388|369|297|390|364|370|337|332|309|334|370|319|383|359|357|365|352|333|353|302|351|328|367|343|378|351|307|382|353|318|351|390|391|366|390|383|378|369|396|352|344|366|398|351|326|346|398|366|350|339|294|357|386|355|370|367|352|354|365|335|365|357|299|375|381|357|379|271|367|358|336|386|376|349|383|363|385|396|373|335|329|341|393|340|350|356|382|367|373|340|361|354|311|376|355|374|402|249|361|333|367|386|353|307|366|313|340|366|350|319|335|367|336|374|328|368|266|361|354|372|377|356|353|357|345|385|326|391|335|374|347|328|342|379|294|358|330|349|346|372|336|373|249|383|345|329|355|348|346|369|380|342|374|377|371|321|359|318|343|370|320|346|360|299|359|396|366|347|347|364|368|366|366|380|374|318|394|375|294|391|394|294|354|372|319|359|406|352|316|293|352|373|368|377|341|353|268|337|336|349|373|381|353|370|337|349|398|251|375|368|337|387|376|363|366|291|365|373|271|362|293|382|364|392|339|266|382|271|406|403|351|366|369
Iteração que foi encontrado o Melhor Global: 958
Quantas vezes o Melhor Global foi alterado (Lembrando que a verificação na inicialização acumula nesse contador): 12
Particula Inicial do melhor global:
3,173515|1,979693|0,126906|3,132588|0,720289|3,673427|3,097159|3,161706|2,963277|1,540348|2,172424|0,895232|1,796907|0,594535|3,958805|2,467101|3,201582|3,038135|1,739671|1,028047|0,660441|0,619207|0,731414|2,908694|3,442595|
Particula Final do melhor global:
2,735107|3,605158|1,705885|1,479516|1,507131|0,564500|0,623739|2,015910|3,536997|2,295117|1,504498|2,837856|3,430185|2,487406|0,422646|0,944821|2,424539|0,914423|3,039865|1,954098|0,302523|3,087774|1,768330|0,326005|3,115791|
A melhor solução desse PSO é:
20 23 14 5 6 17 15 
3 10 4 2 22 19 
7 9 16 13 0 11 
18 21 24 12 8 1 
Quantidade de trocas de:4,000000
Makespan: 249,000000
