703|913|550|557|683|953|712|401|1021|577|740|514|593|848|712|596|826|462|721|635|709|591|540|699|820|692|439|761|805|670|631|729|759|449|573|541|717|592|685|468|626|469|515|597|739|1011|757|677|848|727|638|623|680|1166|900|658|1054|603|758|579|606|659|542|908|758|665|1050|720|785|652|656|526|669|715|741|872|1019|661|951|445|863|614|761|699|632|788|647|469|649|739|814|645|753|702|491|796|624|854|560|697|613|1090|1001|879|939|715|898|653|521|743|589|947|840|604|994|644|651|879|752|693|570|664|684|843|690|1082|666|551|613|484|914|642|645|491|523|772|680|909|472|698|969|606|681|618|535|1122|595|593|610|681|1028|730|576|668|745|865|588|758|547|679|788|639|1048|553|773|652|717|572|553|570|699|641|788|691|789|814|667|807|732|862|706|784|641|553|523|737|502|731|649|877|560|993|714|935|623|973|663|927|835|522|789|800|1115|730|544|647|909|1011|797|611|890|1176|798|728|753|793|766|802|514|803|804|598|765|512|632|680|670|492|1122|898|649|517|616|821|601|698|681|668|686|798|674|690|960|629|551|866|892|589|744|770
340|376|317|327|368|355|302|266|352|344|355|300|334|369|357|345|323|308|388|388|392|339|357|274|316|355|355|302|307|317|305|305|302|345|371|325|321|308|380|336|381|386|339|336|305|384|309|349|293|378|272|350|371|378|266|334|319|304|361|341|347|322|350|305|331|321|304|349|297|352|348|359|342|359|382|305|350|319|365|317|325|364|349|346|388|369|324|360|341|332|338|399|353|293|374|288|335|311|266|266|266|374|343|376|327|350|301|331|333|290|334|348|317|303|305|317|349|319|286|364|369|379|363|330|332|350|326|334|351|310|347|308|305|300|302|374|320|355|380|356|288|308|330|360|346|338|306|368|321|359|348|317|350|284|274|277|359|314|352|340|282|346|317|341|317|346|339|369|304|347|322|362|321|323|369|336|352|361|368|378|347|296|382|294|351|318|379|348|346|303|387|383|383|336|376|313|320|311|349|370|286|305|317|341|352|329|339|329|373|359|368|323|266|376|325|386|354|330|266|342|316|363|334|331|341|288|365|287|357|266|344|358|352|326|354|352|302|372|355|385|387|349|305|392|330|364|355|318|311|373
Iteração que foi encontrado o Melhor Global: 461
Quantas vezes o Melhor Global foi alterado (Lembrando que a verificação na inicialização acumula nesse contador): 13
Particula Inicial do melhor global:
0,577730|2,074001|0,659095|3,524589|0,657344|1,509881|2,819743|1,878894|1,485878|1,043608|2,773330|0,408577|2,399395|1,448352|2,396677|3,421969|0,212636|1,278151|1,169875|3,225138|2,529859|1,590212|1,758471|1,113760|3,145355|
Particula Final do melhor global:
3,513279|0,131066|3,170735|0,274945|0,096933|2,673497|1,727365|0,177092|0,982546|3,777991|3,359676|2,261485|1,256947|3,784610|1,109277|2,692726|2,456069|1,470194|1,935880|1,684082|1,712509|0,750001|1,304540|0,355980|2,377526|
A melhor solução desse PSO é:
4 1 7 3 23 21 8 
14 12 22 17 19 20 6 18 
11 24 16 5 15 
2 10 0 9 13 
Quantidade de trocas de:4,000000
Makespan: 266,000000
