1231|1238|897|1433|979|1068|1017|1287|955|1136|993|1250|1161|1042|1041|943|1203|1169|913|1053|1081|871|779|1321|1257|1367|1246|1166|928|1142|1393|956|832|809|746|1190|1359|1303|957|1350|1112|1047|895|988|1031|1088|1229|1133|1076|1035|1012|828|1177|1309|974|990|1050|1010|917|1003|1084|1181|1314|1251|1011|1207|1301|1094|927|1005|914|984|951|1022|991|1035|1080|1396|983|1022|1267|955|962|1635|880|994|1400|891|1130|1340|889|1025|1029|1212|1264|986|1682|860|889|897|1077|1138|1072|936|1210|905|1025|1148|1165|831|1220|1078|1093|1315|741|1283|819|875|850|1037|1266|1035|1041|1146|1097|963|950|1079|988|1345|1493|1407|1060|1185|1295|1024|1425|918|978|1475|1485|1032|1285|936|1413|1438|1024|1149|858|1181|939|1083|931|936|1073|860|1035|1386|1298|1493|1395|1023|810|1346|1350|1143|1432|1016|1314|945|1182|1384|919|1187|938|1217|1153|1194|1096|1026|1014|1319|1043|1114|891|1467|1017|1377|1107|1385|941|1225|1079|1159|1160|1107|1016|1436|1015|1180|1316|1015|1035|953|898|828|1035|1035|936|880|985|1022|1242|1624|1378|1064|1004|1065|1033|1324|1527|1103|1297|1153|1039|1075|1048|1425|1494|1176|1006|1253|1050|1099|1289|1167|1282|938|971|1017|1365|1377|1160|1201|1225|1070|1027|1360|1239|1295
582|538|540|573|537|644|557|538|592|555|540|538|537|540|544|538|538|546|571|597|542|636|538|540|597|573|574|538|617|581|555|538|584|538|557|580|584|538|582|603|538|584|540|540|538|572|538|538|584|538|572|540|538|538|538|540|594|555|540|540|540|542|570|538|538|538|538|537|590|537|597|538|555|538|555|560|537|606|555|540|555|575|538|540|538|604|614|575|537|584|538|584|555|538|537|538|538|557|580|538|555|538|608|540|575|538|553|538|555|579|603|538|538|577|538|540|538|538|538|538|538|537|538|537|555|538|537|555|538|594|581|538|538|572|612|555|538|538|537|557|571|581|555|538|582|538|604|581|538|538|582|538|555|538|601|540|538|555|538|555|538|537|592|540|571|557|538|572|555|555|538|538|538|538|538|538|538|555|538|572|571|538|537|557|538|538|570|537|538|538|604|557|538|654|593|596|555|555|584|538|538|538|570|540|557|538|538|537|538|540|538|538|537|538|538|639|570|543|570|538|577|576|555|555|538|538|555|538|538|538|538|537|574|572|538|552|538|647|538|537|605|555|537|612|537|549|537|596|538|607
Iteração que foi encontrado o Melhor Global: 370
Quantas vezes o Melhor Global foi alterado (Lembrando que a verificação na inicialização acumula nesse contador): 11
Particula Inicial do melhor global:
0,993169|0,774986|1,864120|1,569222|1,673841|1,432678|0,494720|1,708437|0,644769|1,623910|0,767716|0,547079|0,785140|0,409815|0,404490|1,521615|0,520032|1,283355|0,631967|0,109111|0,165055|0,594105|0,412681|1,193989|1,283352|
Particula Final do melhor global:
0,545102|0,578485|0,369792|0,165339|0,589900|1,424334|0,225036|1,301458|1,119669|1,511056|0,080758|1,226980|0,877769|1,381220|1,324908|0,744362|0,825946|1,020164|1,477643|0,841056|1,842387|1,913668|0,970707|0,240037|0,720869|
A melhor solução desse PSO é:
10 3 6 23 2 0 1 4 24 15 16 19 12 22 
17 8 11 7 14 13 5 18 9 20 21 
Quantidade de trocas de:5,000000
Makespan: 537,000000
