577|433|581|526|864|504|639|735|511|562|483|470|572|462|676|1075|657|430|675|562|619|707|920|503|485|637|444|536|800|717|776|628|775|1228|579|723|549|718|613|513|838|470|575|572|598|576|823|578|749|434|263|562|464|812|579|536|465|662|440|742|614|490|408|592|547|728|646|599|537|529|762|888|1028|551|394|462|425|659|726|698|717|486|522|592|722|407|734|475|673|813|703|584|508|839|565|559|428|780|930|751|360|921|549|671|462|448|662|584|848|414|439|527|510|483|628|711|468|824|640|413|574|620|594|502|641|443|691|568|449|448|540|747|1359|447|668|336|441|609|528|852|613|435|573|368|651|806|580|493|507|664|618|511|499|521|411|591|585|663|485|686|616|539|617|664|685|519|630|473|784|578|541|535|675|786|499|797|578|668|510|597|648|625|595|556|486|673|706|618|590|570|495|359|467|430|667|501|823|797|509|481|913|581|596|382|511|502|838|540|560|491|372|566|365|526|686|590|436|893|525|563|625|609|462|523|789|659|469|657|583|695|665|710|566|631|1134|899|697|556|657|404|483|547|804|450|300|643|562|554|337|676
209|208|266|208|208|212|199|285|287|268|229|248|184|279|262|273|254|250|263|248|191|276|271|269|208|202|232|272|265|277|195|195|271|208|201|298|283|191|260|251|289|241|205|241|268|269|231|259|275|216|243|298|280|208|256|276|231|264|269|294|261|260|208|231|270|217|224|228|213|231|285|208|248|252|249|260|285|295|208|208|263|274|272|276|208|286|269|297|256|208|241|292|244|243|208|275|284|209|292|261|249|215|208|240|275|195|209|208|209|228|242|294|218|195|257|301|209|294|267|268|266|244|249|236|277|255|225|267|215|208|300|271|236|266|222|271|241|209|228|195|251|238|209|276|231|264|208|260|208|288|275|209|207|291|191|239|273|255|216|255|264|269|244|304|251|271|306|208|203|262|270|210|237|205|210|241|244|208|260|207|254|218|238|281|238|223|237|245|256|208|208|274|281|305|249|283|223|195|251|208|236|229|239|208|260|259|268|240|296|238|222|220|249|222|257|208|275|207|231|305|209|257|246|227|188|243|305|277|209|269|209|263|195|313|208|222|237|195|277|184|302|214|282|195|256|276|208|256|278|258
Iteração que foi encontrado o Melhor Global: 985
Quantas vezes o Melhor Global foi alterado (Lembrando que a verificação na inicialização acumula nesse contador): 11
Particula Inicial do melhor global:
3,708751|3,738137|0,996359|0,815700|1,886509|2,484797|1,066753|1,797677|0,266023|0,163563|2,357018|3,425700|2,166492|3,373852|0,331020|2,894635|1,521861|2,029100|0,057488|2,291976|0,623691|2,540392|3,161343|0,465532|3,894952|
Particula Final do melhor global:
0,324499|2,541063|0,385008|2,947520|1,490947|2,270174|3,279296|0,400829|1,251806|0,311850|3,699780|2,636726|3,774847|2,862714|2,657444|1,352708|3,057997|3,465139|3,968944|1,180113|2,661317|3,680304|0,888681|2,649594|1,603342|
A melhor solução desse PSO é:
9 0 2 7 22 
19 8 15 4 24 
5 1 11 23 14 20 13 3 
16 6 17 21 10 12 18 
Quantidade de trocas de:0,000000
Makespan: 184,000000
