218|253|188|229|210|209|178|180|315|203|190|192|206|206|191|160|197|198|221|190|229|185|226|216|192|186|258|192|205|170|204|181|231|203|139|206|160|167|216|189|168|190|207|201|207|189|227|225|229|213|153|141|187|190|202|334|159|189|233|212|155|192|184|175|210|178|308|195|189|227|171|196|262|231|206|201|254|201|196|188|164|178|194|272|195|161|230|170|235|166|153|162|201|190|171|205|160|225|145|207|195|156|246|191|217|166|156|179|209|134|177|173|253|205|243|201|186|257|228|160|225|249|229|194|174|224|298|165|181|253|203|211|193|209|176|167|179|161|268|214|160|182|175|207|234|139|199|182|198|234|182|168|172|178|268|210|179|213|201|226|185|178|154|277|161|192|194|152|196|175|189|142|182|196|147|182|320|191|197|192|145|153|156|191|157|158|174|180|182|166|315|197|210|175|274|216|217|171|234|195|164|200|188|161|132|165|200|229|171|174|175|198|260|215|170|158|301|212|196|157|240|235|188|153|203|209|197|224|271|145|191|222|166|219|200|164|186|190|194|142|214|212|207|232|166|225|201|168|142|202
132|132|132|131|133|136|131|129|131|134|132|131|132|134|136|131|130|134|133|133|133|131|134|133|136|134|132|136|133|138|134|131|134|138|131|131|128|135|133|133|134|136|132|134|137|135|138|130|128|130|130|136|135|133|133|135|133|135|133|135|130|132|133|132|134|132|133|130|133|133|129|133|137|137|133|130|133|140|133|132|136|135|134|130|130|136|133|131|130|133|130|132|131|134|133|131|134|130|135|132|132|133|132|130|130|134|133|130|133|134|134|130|133|131|136|131|130|128|132|129|129|130|131|131|134|132|129|131|132|129|131|131|131|130|134|132|130|130|132|134|136|135|134|133|131|133|133|132|132|133|130|130|134|132|134|131|134|132|132|132|131|132|134|137|133|132|134|136|132|132|132|133|133|132|132|133|131|135|133|133|132|133|132|135|136|131|135|134|132|137|133|135|134|131|134|131|131|130|130|131|131|131|133|134|130|132|134|130|134|136|130|133|134|131|131|134|134|132|138|132|133|132|134|133|133|132|134|132|135|130|131|136|133|135|134|132|133|131|135|134|130|133|136|134|133|133|130|134|131|131
Iteração que foi encontrado o Melhor Global: 302
Quantas vezes o Melhor Global foi alterado (Lembrando que a verificação na inicialização acumula nesse contador): 5
Particula Inicial do melhor global:
0,397770|0,163535|1,942984|1,603492|2,003615|3,151507|2,244537|1,672077|3,587132|1,305889|2,788368|1,056249|0,111965|2,141343|2,526026|1,891138|1,611038|1,191531|3,521230|2,439250|0,917295|0,896290|3,033843|1,637553|3,421304|
Particula Final do melhor global:
2,148575|3,850739|0,493470|2,713957|3,260676|3,655348|2,859612|0,426761|1,774141|2,702136|2,092468|2,187643|1,997528|1,220039|2,838266|0,435200|1,134196|2,705296|1,841439|3,960516|3,472838|2,923585|1,640435|0,194638|2,195487|
A melhor solução desse PSO é:
23 7 15 2 
16 13 22 8 18 12 
10 0 11 24 9 17 3 14 6 21 
4 20 5 1 19 
Quantidade de trocas de:5,000000
Makespan: 128,000000
