504|595|619|617|617|674|800|1049|573|637|536|1041|1045|731|992|705|773|963|638|1040|748|740|769|933|659|582|829|1013|752|1083|861|761|748|407|472|622|484|766|700|754|681|528|542|631|589|738|1268|575|655|565|612|539|838|957|795|727|726|512|500|656|542|699|622|474|879|475|520|530|770|543|850|523|698|712|722|825|497|657|573|764|558|702|694|587|501|779|1145|792|514|476|674|640|666|575|687|813|711|620|813|504|558|449|484|565|554|1011|542|664|791|1158|569|448|533|786|779|936|913|817|570|859|612|899|1133|599|491|903|850|961|780|778|636|620|821|520|808|547|767|803|781|885|694|906|667|551|454|592|1127|637|704|642|814|689|665|430|645|554|827|726|786|548|634|830|602|904|880|802|589|479|734|848|570|1084|867|523|681|602|616|523|682|593|811|584|721|1130|566|663|747|891|856|948|844|440|653|555|735|701|606|624|613|882|947|582|874|809|898|478|452|800|821|686|865|1071|751|676|502|793|518|506|618|755|630|848|729|741|729|1160|739|599|613|537|659|1005|982|581|541|804|882|774|1087|683|921|673|963|652|699|1025|637|806|812|523
362|346|317|360|373|334|345|287|318|308|284|310|306|291|328|332|346|344|344|259|353|375|319|307|290|287|379|315|331|265|377|358|265|393|367|324|406|354|370|346|342|380|259|342|287|316|319|311|306|326|328|372|341|311|337|323|315|291|321|258|308|287|365|273|318|307|242|307|327|301|311|287|310|274|302|371|373|297|284|283|315|363|242|312|337|363|328|371|344|356|353|337|329|315|332|311|314|308|350|287|299|242|338|264|384|339|306|297|336|295|294|399|242|336|308|367|319|307|355|357|348|279|342|303|242|323|284|259|287|354|331|283|334|396|306|330|344|318|272|261|365|393|301|312|344|293|329|293|355|312|341|297|288|327|340|304|393|282|362|294|323|370|323|307|315|356|311|330|242|315|346|269|382|305|316|318|265|277|291|319|334|341|382|355|367|336|341|378|370|295|291|308|259|344|348|316|341|328|242|295|351|364|242|311|327|318|358|328|317|289|353|317|336|384|275|329|340|307|307|259|308|315|242|338|311|287|310|310|315|380|316|360|283|325|262|313|301|394|336|310|348|287|338|323|335|297|330|366|359|355
Iteração que foi encontrado o Melhor Global: 701
Quantas vezes o Melhor Global foi alterado (Lembrando que a verificação na inicialização acumula nesse contador): 20
Particula Inicial do melhor global:
2,416780|2,971683|2,237210|1,956195|3,016077|2,433174|0,917436|3,256402|0,649795|1,913611|0,397608|3,976334|0,392571|0,749695|1,284766|1,729400|3,909056|0,328530|3,626043|1,399821|2,781334|3,511868|1,761948|2,079132|1,906818|
Particula Final do melhor global:
0,604269|1,617643|1,341533|3,229873|0,754739|2,601410|2,434872|3,211135|1,309711|3,061816|2,522563|0,914301|1,548919|1,440337|2,211924|1,777607|0,917225|2,108700|3,627496|2,760195|3,799992|0,153351|0,759433|2,666564|1,764951|
A melhor solução desse PSO é:
21 0 4 22 11 16 
8 2 13 12 1 24 15 
17 14 6 10 5 23 19 
9 7 3 18 20 
Quantidade de trocas de:3,000000
Makespan: 242,000000
