1075|893|843|777|891|919|991|976|860|842|697|876|818|1109|721|872|816|680|745|767|678|690|657|753|901|958|742|719|1041|729|847|805|663|862|956|731|1044|729|806|1042|711|1191|1033|1160|630|1159|1004|677|777|883|776|919|1131|942|967|617|973|659|847|824|875|780|892|835|1149|794|800|674|846|918|862|1073|1275|887|817|726|920|1011|713|701|702|879|663|683|811|1042|956|722|969|810|786|731|907|739|798|714|713|865|758|816|807|649|698|807|672|721|616|774|872|775|1172|699|805|1127|901|730|819|748|746|767|683|1003|855|755|897|1003|826|812|873|879|811|842|892|733|842|966|669|933|676|734|1030|867|855|982|888|915|690|868|881|1130|885|809|822|740|927|727|952|687|775|1168|694|904|807|1091|937|848|801|689|851|797|1051|840|672|807|938|1249|873|1155|704|692|804|832|763|727|1162|830|771|1005|716|814|791|1092|1238|727|807|756|670|1022|950|787|815|1184|830|705|893|999|675|840|925|980|690|883|870|829|1018|762|784|703|877|1141|773|810|766|850|837|759|982|789|874|967|653|985|1027|963|691|958|843|888|851|640|711|1060|944|865|751|904|845|675|821|996
513|516|470|467|491|539|493|491|467|467|491|487|530|513|480|516|521|523|469|517|493|516|515|477|490|532|483|504|525|502|509|494|503|474|490|514|472|492|502|560|492|513|499|486|469|467|467|489|514|511|519|493|467|467|490|521|499|514|514|490|493|490|491|537|513|514|491|471|469|488|475|502|473|513|529|469|507|501|512|512|469|469|491|515|467|532|492|507|520|503|475|469|490|498|469|496|467|495|469|495|472|505|518|514|502|486|498|510|494|467|499|499|509|501|499|469|467|453|490|475|469|487|558|514|514|496|548|472|492|470|526|467|494|516|510|467|479|469|501|518|516|501|546|529|521|504|519|520|467|500|512|526|524|514|467|514|516|507|516|505|518|486|467|519|525|467|496|469|489|512|547|485|516|548|570|490|499|477|479|493|469|494|495|498|518|521|476|516|528|472|512|509|497|516|490|469|492|490|480|495|467|495|453|498|480|474|486|479|469|496|490|497|472|516|492|482|511|469|480|505|489|514|505|490|469|513|523|554|531|472|492|469|467|494|490|490|490|485|490|505|524|469|514|553|469|511|472|469|469|469
Iteração que foi encontrado o Melhor Global: 979
Quantas vezes o Melhor Global foi alterado (Lembrando que a verificação na inicialização acumula nesse contador): 13
Particula Inicial do melhor global:
1,493224|0,200245|1,651791|0,042561|1,591823|1,560057|1,698484|0,373286|1,379096|0,278814|0,113943|0,770788|1,165378|1,528378|0,904512|1,779709|0,851399|0,856867|0,702268|1,427280|0,787841|1,892792|1,143260|0,616039|0,775978|
Particula Final do melhor global:
1,113938|1,584974|0,770875|0,831610|1,995289|1,426358|1,799108|0,526849|0,302343|1,784693|0,193428|1,139453|0,952164|0,585717|1,566068|1,152173|0,462099|1,813461|0,655348|0,484187|0,466895|0,814311|1,368697|1,283154|1,419141|
A melhor solução desse PSO é:
10 8 16 20 19 7 13 18 2 21 3 12 
0 11 15 23 22 24 5 14 1 9 6 17 4 
Quantidade de trocas de:6,000000
Makespan: 453,000000
