406|450|393|406|332|568|514|737|477|421|394|562|610|387|286|767|552|547|511|502|473|723|578|631|562|397|442|349|586|595|387|414|554|427|476|415|315|558|525|426|700|477|769|680|394|540|552|647|347|748|401|356|672|675|532|351|330|599|530|352|556|522|384|482|356|473|399|582|617|549|595|512|375|367|597|477|527|488|737|477|810|442|416|494|595|358|478|383|429|401|506|675|442|408|330|420|549|436|638|450|640|471|504|381|380|418|400|454|624|400|306|633|372|508|553|511|492|543|561|508|352|337|347|396|399|450|615|429|508|473|748|505|502|496|353|785|439|664|530|390|490|796|326|651|531|510|473|411|407|384|684|417|775|401|356|430|497|542|324|424|347|382|555|435|447|470|575|450|533|298|609|558|346|640|443|430|437|290|472|578|353|493|792|602|496|518|345|518|889|829|498|315|351|424|406|547|562|405|570|549|555|905|813|383|642|447|632|525|397|440|386|430|672|443|399|322|748|425|453|605|625|620|336|409|475|591|588|467|485|472|390|460|580|540|454|385|409|306|369|360|480|383|566|503|590|415|445|475|528|355
177|212|193|157|153|216|220|169|240|153|151|154|153|163|151|153|202|186|185|233|171|175|151|186|181|228|151|242|202|228|170|151|175|206|153|174|230|151|229|154|161|174|175|206|151|216|223|161|166|180|235|161|172|151|186|193|202|196|151|181|179|163|161|202|198|181|172|214|224|192|193|188|151|179|209|159|225|182|202|201|180|151|216|153|177|235|184|201|210|173|189|166|197|204|212|154|172|151|160|164|159|151|177|199|198|186|199|175|161|193|193|207|189|198|204|154|151|159|215|151|170|175|151|213|151|233|196|152|167|151|151|169|151|182|157|208|199|172|201|204|229|202|151|176|193|151|195|187|152|153|208|151|167|151|169|151|161|183|161|192|173|199|153|171|174|190|155|151|151|165|151|174|156|180|196|151|157|156|153|174|224|151|195|167|228|151|214|161|233|215|165|209|157|199|151|231|161|202|197|153|172|200|153|211|161|217|153|164|223|172|224|191|151|170|209|204|174|151|197|195|181|151|172|164|188|172|190|156|177|151|161|180|151|220|155|166|184|185|232|177|227|206|165|170|211|174|155|163|200|151
Iteração que foi encontrado o Melhor Global: 299
Quantas vezes o Melhor Global foi alterado (Lembrando que a verificação na inicialização acumula nesse contador): 14
Particula Inicial do melhor global:
3,950411|0,379904|3,201915|1,503169|3,753646|2,344448|0,583288|1,594148|2,696868|2,335058|1,904908|3,084091|2,679009|0,114945|1,235354|1,687249|1,141035|0,852396|3,169588|2,070247|0,720012|3,241964|3,022188|0,852668|3,401200|
Particula Final do melhor global:
2,674062|0,875577|1,210075|1,111062|1,696985|3,274071|1,953634|0,601693|3,386196|2,489546|0,093915|3,541990|1,051920|3,212042|2,920098|2,719963|2,676764|0,635564|2,208590|1,455804|0,557104|2,300482|0,777579|3,594692|3,012027|
A melhor solução desse PSO é:
10 20 7 17 22 1 
12 3 2 19 4 6 
18 21 9 0 16 15 14 
24 13 5 8 11 23 
Quantidade de trocas de:0,000000
Makespan: 151,000000
