433|402|393|396|314|458|397|468|434|333|409|337|481|338|399|577|422|318|401|394|571|442|490|624|335|335|414|341|318|365|353|434|425|338|417|371|367|459|555|364|372|367|363|341|358|494|344|514|319|410|361|366|356|384|493|298|520|308|439|367|388|334|388|400|453|343|363|434|354|517|355|415|515|337|457|532|377|462|393|444|473|371|423|358|423|375|316|348|378|326|354|289|471|391|424|387|281|318|497|406|301|365|450|381|428|370|432|388|561|389|334|462|362|373|532|499|267|356|426|365|279|466|606|498|369|507|346|577|336|384|368|364|334|359|406|522|448|425|534|361|488|504|309|444|593|399|410|392|330|450|372|430|313|434|430|448|437|486|346|312|307|302|318|349|294|383|419|296|428|297|284|382|409|361|404|390|364|507|358|370|273|271|289|374|365|374|379|431|418|344|383|370|405|364|404|451|331|385|286|638|408|372|473|357|369|312|435|404|444|349|346|365|399|428|315|499|443|485|492|628|567|459|447|400|466|452|420|537|526|465|538|468|328|376|360|281|389|330|263|340|366|314|326|493|358|413|441|420|488|370
265|248|259|256|255|244|258|263|232|254|239|262|256|269|265|242|267|260|232|251|258|255|259|262|270|256|249|262|245|246|255|259|264|261|258|244|258|254|251|241|258|263|243|262|262|247|243|254|252|251|268|263|257|263|264|262|262|254|255|258|264|258|258|261|243|269|254|257|248|237|267|255|245|254|267|245|259|260|245|247|249|246|265|265|259|255|253|259|248|250|245|240|240|252|247|234|252|257|248|241|251|258|251|254|262|250|250|243|244|259|248|243|257|254|247|257|260|261|259|264|253|258|254|248|249|268|255|252|261|265|254|240|262|253|239|264|264|262|257|257|250|269|257|253|281|234|261|256|248|262|245|251|259|264|240|257|258|259|255|258|243|254|247|254|253|241|259|254|262|260|254|252|245|255|246|259|258|246|245|248|241|261|246|243|257|256|239|264|254|254|241|253|262|254|259|251|242|234|258|243|250|257|259|255|252|251|262|250|250|258|270|264|260|254|257|264|261|246|251|259|251|258|232|232|253|251|250|251|260|251|264|266|248|262|253|263|248|251|262|264|247|260|242|264|265|251|238|245|260|242
Iteração que foi encontrado o Melhor Global: 773
Quantas vezes o Melhor Global foi alterado (Lembrando que a verificação na inicialização acumula nesse contador): 9
Particula Inicial do melhor global:
3,442143|2,896047|0,778758|1,234437|3,408248|1,856400|1,558067|1,618633|0,397002|0,015397|0,273520|1,706238|1,882814|1,183227|0,439201|1,961373|2,686715|1,307464|2,111528|0,911658|2,805506|0,896084|0,019318|2,066852|2,173719|
Particula Final do melhor global:
1,961969|2,065813|2,819092|1,284318|3,328668|1,792344|0,713036|3,000376|3,186687|0,960047|0,915775|1,830633|0,778705|3,658996|1,495986|0,584080|3,372524|0,322345|2,036752|2,347625|2,365729|2,789198|1,821900|1,636430|2,035733|
A melhor solução desse PSO é:
17 15 6 12 10 9 
3 14 23 5 22 11 0 
24 18 1 19 20 21 2 
7 8 4 16 13 
Quantidade de trocas de:2,000000
Makespan: 232,000000
