951|510|443|596|514|668|600|490|662|593|578|709|583|503|541|481|587|680|460|597|732|899|622|525|433|567|547|498|661|664|558|705|678|740|544|694|554|599|659|767|423|840|428|564|497|636|523|661|505|601|801|742|434|582|592|628|551|886|713|616|540|523|572|659|647|790|611|562|589|450|651|475|522|650|543|596|502|628|407|594|881|582|618|535|447|524|648|705|578|526|737|515|644|529|565|557|487|506|638|516|556|533|496|709|547|567|527|599|520|456|468|462|514|465|557|551|600|853|452|629|469|590|560|452|425|646|594|571|468|465|490|843|572|401|496|574|713|516|490|699|681|590|582|637|804|499|618|563|686|612|557|697|799|421|476|512|569|598|749|544|583|649|546|522|598|475|440|659|644|612|502|444|643|600|687|659|625|550|757|735|536|580|513|625|572|521|969|471|638|625|793|800|808|458|488|475|708|673|483|494|562|547|498|452|604|595|666|558|541|505|534|1104|641|926|584|519|528|371|780|607|646|691|454|478|653|576|674|472|729|562|726|448|684|522|433|631|482|530|461|480|503|663|583|565|508|558|678|619|456|429
335|353|345|311|351|316|328|349|344|338|348|317|321|310|307|350|339|301|309|359|337|334|336|357|330|329|337|338|288|307|312|341|307|361|320|334|354|328|331|347|347|310|324|339|325|288|325|313|354|361|329|288|331|323|301|339|334|347|343|310|310|355|310|310|329|310|326|288|364|342|343|330|340|345|334|324|310|328|322|322|343|305|336|337|335|317|288|310|330|354|339|326|339|334|353|310|316|338|308|327|346|309|316|352|349|326|340|349|320|288|288|346|357|329|307|343|339|357|327|331|321|324|320|325|350|307|360|347|352|330|311|288|307|335|307|349|307|321|337|316|329|338|327|358|334|325|330|318|336|323|346|333|343|331|329|315|333|325|334|324|335|308|346|317|307|310|340|333|346|355|346|308|310|357|350|333|347|328|311|337|318|308|338|310|330|327|309|324|333|332|288|325|355|356|326|288|336|352|352|339|359|337|320|294|307|326|336|341|333|319|322|307|345|361|347|339|327|369|344|310|323|315|311|351|302|288|325|330|346|308|320|301|343|323|356|360|320|343|323|333|307|339|339|307|322|288|362|311|353|289
Iteração que foi encontrado o Melhor Global: 454
Quantas vezes o Melhor Global foi alterado (Lembrando que a verificação na inicialização acumula nesse contador): 11
Particula Inicial do melhor global:
2,784923|1,758664|0,513310|2,215779|1,675710|0,381008|0,661293|2,140493|1,740329|0,048886|2,020981|2,341094|0,060028|0,266416|0,205074|0,256275|0,614693|2,985417|2,655512|0,626186|1,209751|1,842144|2,428517|1,559253|1,391211|
Particula Final do melhor global:
0,947319|1,392378|1,739176|1,751924|2,007856|2,625426|2,596670|1,206161|2,100544|0,737265|1,034352|0,522812|2,454123|1,505353|2,874365|1,235427|0,333384|2,831725|2,181753|0,661265|2,433369|0,539582|0,859308|2,510061|1,531350|
A melhor solução desse PSO é:
16 11 21 19 9 22 0 
10 7 15 1 13 24 2 3 
4 8 18 20 12 23 6 5 17 14 
Quantidade de trocas de:7,000000
Makespan: 288,000000
