425|429|487|462|491|479|385|414|422|440|369|325|585|609|642|300|338|335|369|552|415|384|343|505|547|486|518|455|526|385|415|352|482|426|390|337|500|405|405|452|341|475|418|447|403|412|326|558|506|357|386|326|412|482|427|338|362|383|476|449|457|511|584|426|501|587|531|534|470|319|426|408|560|573|497|405|474|472|405|429|484|457|441|382|612|423|487|574|494|504|560|445|568|446|444|411|405|357|347|406|372|581|460|454|341|332|368|311|519|377|470|584|501|379|515|346|350|503|421|413|381|462|423|391|509|474|340|444|339|508|504|529|437|603|693|568|448|436|301|389|384|324|608|442|545|327|375|518|341|567|367|473|434|418|287|361|504|615|338|480|437|377|368|391|382|492|476|519|639|398|526|430|354|507|469|436|402|421|704|539|404|396|535|386|412|382|625|358|440|462|448|384|318|324|395|540|315|503|597|520|393|428|405|446|582|469|391|502|415|326|475|351|348|505|427|468|476|443|451|402|348|519|525|383|474|635|449|414|385|670|670|363|475|355|459|376|369|443|526|558|466|518|512|364|369|420|420|354|448|524
260|279|259|238|253|230|267|262|273|252|242|271|268|246|228|259|275|258|228|252|280|250|269|277|261|247|259|269|278|256|248|264|280|285|255|274|261|258|274|260|222|278|280|276|248|247|280|271|243|268|272|228|249|275|254|245|241|248|263|263|264|258|236|272|269|268|253|257|260|254|270|264|268|274|263|257|267|256|240|272|267|267|228|271|242|243|232|271|249|264|243|240|268|257|255|266|265|274|251|247|266|277|266|263|275|241|271|248|242|256|259|274|249|286|263|275|260|266|255|256|273|271|261|255|228|258|263|228|268|276|266|274|270|234|241|258|259|269|273|276|253|276|281|240|270|269|265|263|285|267|260|257|276|246|287|242|253|282|273|279|246|263|237|258|257|260|254|261|270|256|262|250|259|266|257|277|269|272|258|242|248|259|251|267|276|277|253|228|265|281|257|235|274|258|260|244|285|241|232|253|242|260|254|272|273|252|263|237|228|285|265|266|232|250|261|244|274|245|266|242|246|253|250|278|266|267|245|256|263|228|262|266|242|253|248|273|256|273|263|228|253|275|265|250|258|269|250|264|266|235
Iteração que foi encontrado o Melhor Global: 975
Quantas vezes o Melhor Global foi alterado (Lembrando que a verificação na inicialização acumula nesse contador): 10
Particula Inicial do melhor global:
0,725092|3,902989|0,553767|1,283494|2,496964|2,863903|3,903223|1,339735|2,804015|3,238569|2,889967|2,545183|3,407332|0,728785|2,744260|3,035200|1,480994|0,190507|3,718587|0,877826|0,907505|1,703899|1,844365|2,896640|3,871783|
Particula Final do melhor global:
3,274746|0,233498|0,256329|3,604902|1,950799|1,558954|3,054917|2,717217|3,682728|2,595674|2,399277|0,939646|3,536822|2,351727|1,884583|3,176585|0,278583|0,663817|2,937752|0,166358|1,920977|2,390281|2,267923|1,336079|3,238543|
A melhor solução desse PSO é:
19 1 2 16 17 11 
23 5 14 20 4 
22 13 21 10 9 7 18 
6 15 24 0 12 3 8 
Quantidade de trocas de:1,000000
Makespan: 222,000000
