1363|1283|1860|1360|1346|1338|1319|1448|1170|1588|1428|1785|1528|1456|1329|1242|1649|1574|1477|1117|1389|1306|1306|1657|1061|1902|1646|1488|1734|1238|1532|1331|1836|1420|1379|1298|1414|1745|1293|1563|1885|1850|1318|1459|1501|1499|1687|993|1819|1468|1555|1808|1419|1345|1261|1597|1695|1042|1497|1571|1494|1579|1748|1641|1723|1492|1502|1341|1594|1242|1315|1433|1677|1217|1363|1424|1949|1392|1104|1165|1387|1315|1551|1258|1263|1547|1294|1552|1273|1218|1411|1187|1483|1891|1642|1737|1507|1776|1425|1315
1155|1082|1401|1360|1287|1338|1319|1448|1170|1485|1428|1615|1231|1188|1329|1242|1348|1574|1376|1117|1389|1306|1306|1657|1061|1550|1466|1488|1487|1238|1311|1331|1585|1271|1379|1245|1234|1044|1234|1482|1521|1393|1192|1403|1501|1283|1275|993|1285|1126|1205|1499|1412|1056|1261|1485|1621|1042|1267|1571|1305|1494|1673|1328|1282|1492|1486|1341|1385|1242|1241|1433|1577|1217|1142|1413|1347|1077|1104|1165|1387|1315|1351|1258|1263|1547|1294|1552|1273|1206|1328|1187|1426|1256|1642|1162|1321|1032|1412|1315
A melhor solução desse PSO é:
86 14 110 137 74 103 67 71 113 15 171 76 102 3 106 195 153 54 101 124 187 80 68 182 100 172 
142 97 104 46 170 60 75 32 43 31 193 174 21 130 111 139 73 
84 159 127 141 11 62 176 52 173 158 12 186 48 161 157 160 4 140 94 
20 188 29 167 126 120 66 58 98 77 24 26 135 59 28 53 91 85 149 2 81 107 134 109 37 57 
0 93 128 197 78 116 105 23 70 51 118 108 198 162 183 136 132 180 144 65 90 125 191 165 
44 163 168 45 185 30 49 25 6 175 154 1 63 178 179 83 156 61 145 150 8 40 155 146 166 55 
95 41 42 169 7 177 151 72 82 69 22 96 33 47 88 199 148 
38 184 194 147 27 115 143 89 92 189 10 9 196 99 50 131 35 190 133 
17 16 152 19 164 5 34 181 39 192 56 119 64 129 112 87 18 79 114 117 123 36 13 121 122 138 
Quantidade de trocas de:1094,000000
Makespan: 993,000000
