6974|7947|7245|5746|5752|7382|6549|7376|5657|6534|5829|6810|6832|7705|6969|6525|5621|6534|6109|8607|6074|6649|5860|7186|6850|6118|7062|7113|7167|6324|7473|7277|6696|7087|6585|5097|6562|7233|6886|5256|6689|5722|6312|7781|7068|6214|7294|5709|4917|5795|5864|6491|10096|5907|5736|8395|5914|6784|6179|6719|5855|5765|8650|7663|5898|6462|7590|7515|4858|7722|7416|6466|8258|6188|5607|8097|6459|6810|7036|6989|6289|7216|5722|6443|6290|7079|8060|5763|6557|7549|6935|6706|6374|7355|6148|5412|8406|6792|5669|6204
6841|5873|5213|5746|5752|5218|5657|5204|5657|5558|5829|6130|6094|5472|5846|5297|5621|6358|5409|5530|5110|5734|5860|5828|6039|5483|6113|5707|5747|5739|5199|5999|5809|5407|5572|5097|5135|5655|5876|5256|6689|5722|5788|5855|6131|6214|6117|5709|4917|5795|5455|5298|6269|5907|5433|5399|5633|5763|6179|6230|5855|5651|5556|5952|5776|5827|5279|5615|4858|5563|4597|5231|6132|6188|5607|5908|5602|5693|5257|6116|5671|5739|5629|6111|5584|5469|6166|5763|5910|5870|5013|5371|5981|6038|6148|5412|5726|5708|5669|5868
A melhor solução desse PSO é:
9 26 16 54 89 20 55 5 85 48 87 53 34 28 56 4 92 82 30 61 15 
27 67 47 33 38 59 64 97 45 41 63 6 75 32 76 84 46 
77 23 88 1 72 71 86 19 11 44 3 68 51 17 14 69 18 31 
13 35 74 7 81 79 65 10 66 29 50 96 
91 83 78 8 94 24 0 40 12 2 
60 57 39 73 99 70 22 80 90 52 95 43 49 
25 58 62 42 36 93 37 21 98 
Quantidade de trocas de:321,000000
Makespan: 4597,000000
